#********mc_data: L-24.0, k_b-30000000.0, dt-1e-10********


#init L		 init nma	 init fma	 state		 final L	 final nma	 final fma	 step length	 t
24.000000	4.418446	3.988480	NEARBOUND	-0.398824	3.388530	3.411700	-24.398824	0.000064
24.000000	4.682437	3.310657	NEARBOUND	-15.623400	2.141260	2.156980	-39.623400	0.000012
24.000000	4.620713	4.636245	FARBOUND	-8.534970	2.397920	2.543760	15.465030	0.000179
24.000000	4.577663	4.117191	FARBOUND	9.374130	1.744970	1.306070	33.374130	0.000525
24.000000	4.357445	4.030669	FARBOUND	-21.727200	2.338260	2.087860	2.272800	0.000169
24.000000	4.485779	3.628795	NEARBOUND	-6.761080	2.577970	2.862110	-30.761080	0.000436
24.000000	4.132845	3.964493	FARBOUND	-3.196110	2.664180	2.727760	20.803890	0.000178
24.000000	4.491724	3.757005	NEARBOUND	-7.371860	2.180810	2.154520	-31.371860	0.000080
24.000000	4.190025	3.792223	NEARBOUND	-15.088700	2.207860	2.604330	-39.088700	0.000244
24.000000	4.291771	3.775866	FARBOUND	-4.694960	3.414060	3.643850	19.305040	0.000162
24.000000	4.312235	4.346146	FARBOUND	2.047420	2.100950	2.061820	26.047420	0.000064
24.000000	4.003556	3.967386	FARBOUND	-13.277600	2.551200	2.694140	10.722400	0.000359
24.000000	4.498788	4.272299	NEARBOUND	-6.214980	3.341320	3.603260	-30.214980	0.000464
24.000000	4.009935	4.129859	NEARBOUND	-0.705560	3.386990	3.417040	-24.705560	0.000138
24.000000	3.794128	3.809081	NEARBOUND	-25.323900	2.294030	2.296250	-49.323900	0.000248
24.000000	4.743163	4.006939	FARBOUND	-8.359360	2.446420	2.741480	15.640640	0.000033
24.000000	4.088384	4.034108	NEARBOUND	-12.707400	2.203130	2.069530	-36.707400	0.000201
24.000000	4.141333	4.044414	NEARBOUND	-1.533280	2.396230	2.482080	-25.533280	0.000054
24.000000	4.073767	4.025983	NEARBOUND	-7.454710	2.834710	3.129580	-31.454710	0.000204
24.000000	4.406092	3.902456	FARBOUND	-6.939580	2.431220	2.605950	17.060420	0.000048
24.000000	4.370910	3.976551	FARBOUND	-7.823900	2.602000	3.021400	16.176100	0.000516
24.000000	4.551926	3.866449	FARBOUND	-8.523180	2.665970	2.620700	15.476820	0.000031
24.000000	4.381494	3.741686	NEARBOUND	-2.832030	3.125340	3.303280	-26.832030	0.000053
24.000000	4.107796	4.207704	NEARBOUND	-16.480300	2.191020	2.328360	-40.480300	0.000052
24.000000	4.230254	3.763872	NEARBOUND	-8.238600	2.916110	3.389780	-32.238600	0.000315
24.000000	4.735241	4.015050	NEARBOUND	-19.834000	2.793060	2.761840	-43.834000	0.000198
24.000000	4.521870	3.609798	FARBOUND	-8.099820	2.446420	2.593080	15.900180	0.000287
24.000000	4.211312	3.729255	NEARBOUND	6.868180	1.571640	1.231520	-17.131820	0.000028
24.000000	3.546660	3.937279	FARBOUND	-7.655520	2.361760	2.490050	16.344480	0.000066
24.000000	4.528161	3.931586	NEARBOUND	-4.283130	3.143420	3.490200	-28.283130	0.000128
24.000000	4.638544	3.918199	FARBOUND	-20.158300	2.173460	1.950140	3.841700	0.000083
24.000000	4.908924	3.749312	FARBOUND	29.728800	2.321120	1.281500	53.728800	0.000166
24.000000	4.880605	3.644672	FARBOUND	-7.357670	2.234550	2.355530	16.642330	0.000011
24.000000	4.591435	3.979503	FARBOUND	-6.196460	2.223800	2.185680	17.803540	0.000032
24.000000	4.380105	3.696118	FARBOUND	-7.441770	3.266460	3.554240	16.558230	0.000031
24.000000	4.931558	3.975671	FARBOUND	-4.138590	2.962880	3.172690	19.861410	0.000088
24.000000	4.091755	3.804847	FARBOUND	7.985960	1.321360	0.785246	31.985960	0.000029
24.000000	4.248140	4.173057	NEARBOUND	-2.863790	2.406380	2.541500	-26.863790	0.000185
24.000000	4.761575	3.926664	NEARBOUND	-6.073750	2.692240	2.894090	-30.073750	0.000030
24.000000	4.101420	4.245527	FARBOUND	-3.774290	2.921260	3.200870	20.225710	0.000039
24.000000	4.561209	3.857225	NEARBOUND	-8.516310	2.910040	3.131750	-32.516310	0.000346
24.000000	4.848249	3.962938	FARBOUND	-3.163500	3.154790	3.405670	20.836500	0.000304
24.000000	4.214761	4.057847	FARBOUND	-14.857700	2.171090	2.276150	9.142300	0.000272
24.000000	4.315580	4.191629	FARBOUND	-12.179200	2.118190	2.148270	11.820800	0.000427
24.000000	4.196503	4.113648	NEARBOUND	-6.506400	2.569950	2.554310	-30.506400	0.000075
24.000000	4.815965	4.513150	NEARBOUND	-4.538190	2.884540	3.038670	-28.538190	0.000043
24.000000	4.171093	3.772918	FARBOUND	-5.576140	2.797480	3.274780	18.423860	0.000036
24.000000	4.739685	3.969905	NEARBOUND	-18.280200	2.375050	2.321500	-42.280200	0.000007
24.000000	4.045172	3.892085	FARBOUND	-8.068100	3.013960	3.385350	15.931900	0.000030
24.000000	4.023001	3.923103	FARBOUND	4.022950	2.176250	2.072500	28.022950	0.000001
24.000000	4.107157	3.741151	FARBOUND	-30.272700	2.489840	2.366010	-6.272700	0.000154
24.000000	4.197955	3.855852	FARBOUND	-6.907640	3.111880	3.346840	17.092360	0.000057
24.000000	4.400729	4.161290	FARBOUND	-9.064150	2.791830	3.027290	14.935850	0.000024
24.000000	4.400729	4.161290	NEARBOUND	-7.817980	2.629250	2.877630	-31.817980	0.000076
24.000000	4.171400	4.027208	NEARBOUND	-3.818640	2.692750	2.736150	-27.818640	0.000001
24.000000	4.315877	4.098084	FARBOUND	11.154700	1.707270	1.017330	35.154700	0.000129
24.000000	4.315877	4.098084	NEARBOUND	-6.365860	2.473860	2.642990	-30.365860	0.000431
24.000000	4.604001	4.190189	FARBOUND	2.950160	1.261520	0.971582	26.950160	0.000101
24.000000	4.232883	4.005965	FARBOUND	-3.880200	2.690520	2.743230	20.119800	0.000110
24.000000	4.351869	4.470617	NEARBOUND	-3.899120	2.939810	3.217920	-27.899120	0.000027
24.000000	4.214002	3.598467	FARBOUND	-6.303500	2.663960	3.081480	17.696500	0.000130
24.000000	4.364650	4.039656	NEARBOUND	-7.769690	3.185420	3.697850	-31.769690	0.000082
24.000000	4.059718	3.809727	FARBOUND	-4.898620	2.747390	2.843770	19.101380	0.000052
24.000000	4.537067	4.013503	FARBOUND	-0.850959	2.799710	2.802680	23.149041	0.000075
24.000000	4.470195	3.772937	FARBOUND	-13.286200	2.598790	2.751070	10.713800	0.000086
24.000000	4.091986	4.213044	FARBOUND	-6.670340	3.282060	3.677770	17.329660	0.000173
24.000000	4.404947	3.852827	FARBOUND	-8.336990	2.467350	2.606410	15.663010	0.000038
24.000000	4.561719	4.284732	FARBOUND	-8.965670	2.988540	3.336660	15.034330	0.000040
24.000000	5.019828	4.104823	FARBOUND	-10.094300	2.060300	2.046270	13.905700	0.000167
24.000000	4.297671	4.255204	FARBOUND	21.964800	2.134030	1.303880	45.964800	0.000129
24.000000	4.707943	4.159868	NEARBOUND	6.987330	1.760150	1.477500	-17.012670	0.000119
24.000000	4.385693	3.995484	NEARBOUND	-3.573150	2.909400	3.030010	-27.573150	0.000033
24.000000	4.591772	3.697154	FARBOUND	-17.404200	2.230620	2.399270	6.595800	0.000191
24.000000	4.210777	3.571850	FARBOUND	12.926800	1.900100	1.365080	36.926800	0.000000
24.000000	4.421443	3.673210	FARBOUND	-6.099620	3.229050	3.525130	17.900380	0.000121
24.000000	4.824610	4.172186	FARBOUND	4.088230	0.998642	0.695325	28.088230	0.000032
24.000000	4.140415	3.529641	NEARBOUND	-9.578070	2.497660	2.860180	-33.578070	0.000166
24.000000	4.160450	3.883642	FARBOUND	-8.415000	2.743970	3.354830	15.585000	0.000020
24.000000	4.218727	4.350061	NEARBOUND	-5.557450	2.445680	2.558140	-29.557450	0.000371
24.000000	4.091608	4.015322	FARBOUND	-6.323610	2.970060	3.161440	17.676390	0.000023
24.000000	4.481556	3.686134	FARBOUND	-5.269110	2.674640	2.990160	18.730890	0.000249
24.000000	4.261645	4.327821	NEARBOUND	-3.433430	2.077000	2.000330	-27.433430	0.000011
24.000000	4.257064	4.148313	NEARBOUND	-3.207630	2.764130	3.093890	-27.207630	0.000015
24.000000	4.304617	4.431212	FARBOUND	0.530120	1.077810	1.040600	24.530120	0.000016
24.000000	4.631632	4.428843	FARBOUND	2.164630	1.230120	1.051050	26.164630	0.000258
24.000000	4.311453	3.827455	NEARBOUND	-8.191820	2.692080	2.970950	-32.191820	0.000277
24.000000	4.054692	3.820432	NEARBOUND	-4.408280	2.220470	2.330240	-28.408280	0.000421
24.000000	4.824540	3.889713	FARBOUND	-6.969870	2.339780	2.441400	17.030130	0.000019
24.000000	4.173671	3.675174	FARBOUND	5.997790	1.858610	1.716330	29.997790	0.000021
24.000000	4.290964	4.104046	FARBOUND	-2.696540	3.249760	3.407310	21.303460	0.000094
24.000000	4.381399	4.421111	FARBOUND	-5.820290	3.030930	3.365290	18.179710	0.000040
24.000000	4.085533	3.875198	FARBOUND	-3.518540	2.862400	3.213050	20.481460	0.000198
24.000000	4.352382	4.168499	NEARBOUND	-8.812550	2.567080	2.666960	-32.812550	0.000086
24.000000	4.120555	4.023718	FARBOUND	-11.098500	2.523400	2.775450	12.901500	0.000141
24.000000	4.106390	4.374203	NEARBOUND	-1.270560	2.577830	2.616940	-25.270560	0.000307
24.000000	4.141279	4.177163	NEARBOUND	-5.871130	3.032490	3.207150	-29.871130	0.000214
24.000000	4.219316	4.154802	FARBOUND	1.680940	1.199180	1.110830	25.680940	0.000002
24.000000	4.484208	4.114264	NEARBOUND	-28.257300	2.399710	2.049640	-52.257300	0.000084
24.000000	4.795427	3.995106	FARBOUND	-1.091540	1.796460	2.134410	22.908460	0.000014
24.000000	4.296418	3.870936	FARBOUND	-4.936350	2.918840	3.123300	19.063650	0.000117
24.000000	4.648923	3.847950	FARBOUND	-10.046400	2.431770	2.431970	13.953600	0.000215
24.000000	4.540870	3.934934	NEARBOUND	-3.384660	2.514300	2.571190	-27.384660	0.000147
24.000000	4.456212	3.999351	NEARBOUND	-8.036400	2.805160	3.326530	-32.036400	0.000281
24.000000	4.244162	4.122171	FARBOUND	-0.967223	2.937820	2.973520	23.032777	0.000036
24.000000	4.323708	3.585175	FARBOUND	-1.867820	2.641600	2.654610	22.132180	0.000169
24.000000	4.182710	3.940044	FARBOUND	-8.088470	3.133360	3.436770	15.911530	0.000119
24.000000	4.182710	3.940044	NEARBOUND	-4.130520	2.920710	3.248190	-28.130520	0.000015
24.000000	4.723280	3.684785	NEARBOUND	-6.943770	2.909060	3.273010	-30.943770	0.000133
24.000000	4.222916	4.003483	FARBOUND	-5.470460	2.802740	3.055290	18.529540	0.000261
24.000000	4.388503	4.029048	FARBOUND	-5.423530	2.915030	3.077430	18.576470	0.000195
24.000000	4.575056	4.190721	FARBOUND	-6.074470	2.342570	2.530190	17.925530	0.000068
24.000000	4.508259	4.193757	FARBOUND	-12.932700	2.445640	2.603720	11.067300	0.000192
24.000000	4.341445	3.740779	FARBOUND	-9.627490	2.357540	2.671030	14.372510	0.000146
24.000000	4.550716	4.369308	FARBOUND	-8.913780	2.681820	2.909190	15.086220	0.000085
24.000000	4.293514	4.109510	NEARBOUND	7.323580	1.868100	1.603640	-16.676420	0.000309
24.000000	4.371279	3.502490	FARBOUND	-11.663800	2.856900	3.135570	12.336200	0.000067
24.000000	4.801567	4.033848	NEARBOUND	-0.342762	3.239620	3.261220	-24.342762	0.000246
24.000000	4.642894	4.142980	FARBOUND	-24.400100	2.366130	2.025040	-0.400100	0.000109
24.000000	4.076475	3.637554	NEARBOUND	-5.783160	2.565590	2.814180	-29.783160	0.000016
24.000000	3.828208	4.110010	FARBOUND	-4.958260	2.790770	2.988160	19.041740	0.000182
24.000000	3.895618	4.148926	FARBOUND	-3.270300	3.271490	3.444750	20.729700	0.000243
24.000000	4.533492	3.871386	FARBOUND	-11.413800	2.542660	2.814480	12.586200	0.000085
24.000000	4.533492	3.871386	NEARBOUND	-10.938700	2.130260	1.998680	-34.938700	0.000309
24.000000	4.349270	3.994580	NEARBOUND	-2.657200	2.248990	2.236650	-26.657200	0.000197
24.000000	4.332711	4.305382	FARBOUND	-5.410510	2.363810	2.357240	18.589490	0.000057
24.000000	4.401878	4.011134	FARBOUND	-12.406800	3.322440	3.814760	11.593200	0.000224
24.000000	4.494072	3.866859	FARBOUND	-8.901940	2.861690	3.366260	15.098060	0.000214
24.000000	4.378560	3.820118	NEARBOUND	-3.361500	3.138470	3.292030	-27.361500	0.000137
24.000000	4.317827	3.798866	FARBOUND	-24.758700	2.701950	2.614830	-0.758700	0.000283
24.000000	4.317317	4.132650	FARBOUND	-5.501880	3.171820	3.530940	18.498120	0.000050
24.000000	3.981136	3.819004	FARBOUND	-2.436820	2.325960	2.436200	21.563180	0.000046
24.000000	4.550524	3.554879	FARBOUND	-19.836200	2.021660	1.571890	4.163800	0.000035
24.000000	4.034871	3.683370	NEARBOUND	-14.155900	2.280820	2.204740	-38.155900	0.000024
24.000000	4.191018	3.722319	NEARBOUND	-6.841640	2.618150	2.946220	-30.841640	0.000130
24.000000	4.079841	4.046573	FARBOUND	0.676138	3.468890	3.492450	24.676138	0.000011
24.000000	4.847358	3.796361	FARBOUND	-4.604190	3.159570	3.450450	19.395810	0.000050
24.000000	4.378673	4.312664	NEARBOUND	-10.492300	2.908490	3.300680	-34.492300	0.000110
24.000000	4.255843	4.172013	FARBOUND	-13.516900	2.652260	2.645100	10.483100	0.000306
24.000000	3.932905	3.528492	FARBOUND	-8.725150	2.247550	2.422880	15.274850	0.000301
24.000000	4.712122	3.719188	FARBOUND	-2.196750	1.795860	1.926680	21.803250	0.000093
24.000000	4.489919	4.238212	FARBOUND	-9.129250	2.274300	2.059190	14.870750	0.000313
24.000000	4.380589	4.033298	FARBOUND	-10.375200	2.689830	2.995850	13.624800	0.000257
24.000000	4.268021	3.803335	FARBOUND	-19.779700	2.512600	2.528100	4.220300	0.000731
24.000000	4.046622	4.021368	FARBOUND	-5.724170	2.955430	3.264620	18.275830	0.000228
24.000000	4.046622	4.021368	NEARBOUND	0.265679	3.229700	3.248420	-23.734321	0.000012
24.000000	4.199570	4.182569	NEARBOUND	-20.936500	2.275580	2.202800	-44.936500	0.000126
24.000000	4.204941	4.057263	FARBOUND	-6.360760	2.260340	2.300940	17.639240	0.000063
24.000000	5.168276	3.901932	FARBOUND	-9.880930	2.546940	2.943330	14.119070	0.000046
24.000000	4.687854	3.682282	FARBOUND	-3.579270	2.823760	3.287140	20.420730	0.000017
24.000000	4.451174	3.932352	FARBOUND	-1.296170	3.437430	3.482080	22.703830	0.000011
24.000000	4.075053	3.868921	NEARBOUND	-6.438080	3.128110	3.598610	-30.438080	0.000081
24.000000	4.149423	4.067748	NEARBOUND	1.529420	1.307380	1.213380	-22.470580	0.000043
24.000000	4.223931	4.112970	FARBOUND	-25.257200	2.273580	2.000360	-1.257200	0.000654
24.000000	4.604812	3.967041	FARBOUND	17.226700	1.840750	0.964368	41.226700	0.000003
24.000000	4.292056	3.530941	FARBOUND	-2.700470	3.155180	3.330710	21.299530	0.000003
24.000000	4.893400	4.394149	FARBOUND	4.857190	1.219550	0.912989	28.857190	0.000002
24.000000	4.598864	3.927655	FARBOUND	-14.818600	2.895220	3.404010	9.181400	0.000045
24.000000	4.190754	4.156847	NEARBOUND	-1.760010	2.805630	2.943510	-25.760010	0.000211
24.000000	4.217140	3.586769	FARBOUND	2.564500	0.881803	0.672807	26.564500	0.000007
24.000000	4.152775	4.023644	FARBOUND	-2.737110	3.236000	3.475700	21.262890	0.000102
24.000000	4.089115	3.799335	FARBOUND	1.026010	1.742320	1.707410	25.026010	0.000101
24.000000	4.054323	3.853182	NEARBOUND	-9.583300	2.408900	2.626490	-33.583300	0.000051
24.000000	4.338449	4.159646	NEARBOUND	-15.709900	2.271270	2.525740	-39.709900	0.000001
24.000000	3.937862	4.081870	NEARBOUND	-11.549100	2.494010	2.595560	-35.549100	0.000001
24.000000	4.885399	4.244978	FARBOUND	-9.701080	2.475430	2.679610	14.298920	0.000289
24.000000	4.128575	4.291164	NEARBOUND	-2.530500	2.920220	3.073870	-26.530500	0.000126
24.000000	5.127519	4.596531	FARBOUND	-6.509180	3.123840	3.486960	17.490820	0.000193
24.000000	5.014400	4.573574	FARBOUND	-3.728170	2.552760	2.933600	20.271830	0.000061
24.000000	4.152252	4.439800	FARBOUND	-5.348350	2.956150	3.280900	18.651650	0.000107
24.000000	4.313502	3.997763	FARBOUND	-11.046600	2.493780	2.583270	12.953400	0.000026
24.000000	4.313502	3.997763	NEARBOUND	-7.807220	3.061260	3.478990	-31.807220	0.000084
24.000000	3.792528	3.398524	FARBOUND	-4.430560	3.051130	3.286310	19.569440	0.000017
24.000000	4.838995	3.695807	NEARBOUND	-3.570570	2.674510	2.733710	-27.570570	0.000079
24.000000	4.049897	3.664479	FARBOUND	12.452600	2.107230	1.816770	36.452600	0.000234
24.000000	3.868859	3.957433	FARBOUND	-22.032100	2.358380	2.352610	1.967900	0.000178
24.000000	4.819524	3.962558	FARBOUND	1.499300	2.252890	2.254000	25.499300	0.000042
24.000000	4.273522	3.777424	FARBOUND	-11.711900	2.540000	2.774850	12.288100	0.000109
24.000000	4.508722	4.037227	NEARBOUND	16.444400	2.081860	1.542390	-7.555600	0.000203
24.000000	3.872373	3.625774	NEARBOUND	-15.327900	2.059270	2.231110	-39.327900	0.000398
24.000000	4.671787	4.687120	FARBOUND	-7.667620	2.451180	2.595680	16.332380	0.000218
24.000000	4.302910	3.812718	NEARBOUND	2.383730	2.174930	2.150990	-21.616270	0.000068
24.000000	4.415605	4.231387	NEARBOUND	0.877957	1.811390	1.779880	-23.122043	0.000219
24.000000	4.716923	3.974634	FARBOUND	-3.682200	3.209450	3.488620	20.317800	0.000006
24.000000	4.021625	4.291791	NEARBOUND	-9.274690	2.466350	2.742980	-33.274690	0.000218
24.000000	4.095908	3.734890	NEARBOUND	-3.673260	2.682240	2.807880	-27.673260	0.000002
24.000000	4.374168	3.736088	FARBOUND	-11.833100	2.289490	2.333600	12.166900	0.000100
24.000000	4.524391	3.956196	NEARBOUND	-7.371670	2.868780	3.121220	-31.371670	0.000004
24.000000	4.687116	4.243547	FARBOUND	-3.832870	3.145350	3.368360	20.167130	0.000144
24.000000	4.394947	3.780605	FARBOUND	-1.285300	3.177730	3.224730	22.714700	0.000148
24.000000	4.539324	3.960858	FARBOUND	-11.235700	2.284400	2.254200	12.764300	0.000046
24.000000	4.740357	3.957768	FARBOUND	-3.848910	3.168240	3.323030	20.151090	0.000006
24.000000	4.675155	3.889538	FARBOUND	-10.466400	2.395000	2.759000	13.533600	0.000120
24.000000	4.675155	3.889538	NEARBOUND	-23.729500	2.424520	2.466300	-47.729500	0.000306
24.000000	3.705102	4.184028	NEARBOUND	-5.968940	3.377120	3.685570	-29.968940	0.000053
24.000000	4.413845	4.511575	FARBOUND	-8.835180	2.149190	2.521340	15.164820	0.000006
24.000000	4.225137	3.654282	NEARBOUND	-9.367200	2.488540	2.689320	-33.367200	0.000161
24.000000	4.851988	4.044633	FARBOUND	-0.079155	3.422510	3.427180	23.920845	0.000011
24.000000	4.303936	4.111868	FARBOUND	-5.569840	2.631160	2.927230	18.430160	0.000248
24.000000	4.152221	3.705634	FARBOUND	-5.185520	3.018400	3.181780	18.814480	0.000038
24.000000	4.187232	4.168866	NEARBOUND	-0.875461	3.288580	3.323250	-24.875461	0.000113
24.000000	4.115533	3.856846	NEARBOUND	-24.000000	2.305860	1.817860	-48.000000	0.000000
24.000000	4.547333	3.897219	NEARBOUND	-1.398320	2.492880	2.540090	-25.398320	0.000251
24.000000	4.546629	4.058442	FARBOUND	-5.739300	2.385570	2.514130	18.260700	0.000172
24.000000	4.417583	4.033432	FARBOUND	-23.755900	2.076550	2.291200	0.244100	0.000147
24.000000	4.360442	3.897316	FARBOUND	-11.602800	2.397720	2.437660	12.397200	0.000265
24.000000	4.745902	3.756086	NEARBOUND	-8.204620	2.786390	3.239400	-32.204620	0.000328
24.000000	5.015877	4.101478	NEARBOUND	2.018720	2.747620	2.911910	-21.981280	0.000143
24.000000	4.143101	3.700644	FARBOUND	-13.937800	2.493200	2.527410	10.062200	0.000032
24.000000	4.520833	4.006567	NEARBOUND	-3.413480	2.306870	2.402310	-27.413480	0.000016
24.000000	4.990372	4.075545	FARBOUND	11.518600	1.871300	1.075490	35.518600	0.000106
24.000000	4.382509	3.765474	FARBOUND	-3.791840	2.908230	3.108590	20.208160	0.000467
24.000000	3.899796	4.319302	FARBOUND	-14.360000	2.149690	2.037340	9.640000	0.000243
24.000000	4.353262	4.009782	NEARBOUND	-4.855680	2.825850	3.220260	-28.855680	0.000027
24.000000	4.374792	4.076891	FARBOUND	24.882200	2.401250	1.899040	48.882200	0.000000
24.000000	4.539330	4.653313	FARBOUND	-4.255650	3.085840	3.307240	19.744350	0.000207
24.000000	4.487603	4.401950	FARBOUND	-10.151400	3.095590	3.424950	13.848600	0.000176
24.000000	4.102847	3.800892	FARBOUND	6.721120	1.305110	0.778740	30.721120	0.000067
24.000000	4.074833	4.078210	NEARBOUND	-6.996820	2.660520	3.005180	-30.996820	0.000134
24.000000	4.231721	3.993490	FARBOUND	-22.762500	2.423840	2.387630	1.237500	0.000071
24.000000	4.418668	4.007057	NEARBOUND	-1.412240	2.709870	2.785860	-25.412240	0.000280
24.000000	4.210007	4.115959	NEARBOUND	-25.648700	2.494260	2.401500	-49.648700	0.000312
24.000000	4.873152	3.826904	FARBOUND	-12.526400	2.609500	3.252530	11.473600	0.000180
24.000000	4.493880	4.072582	FARBOUND	-29.541900	2.239330	1.814910	-5.541900	0.000047
24.000000	4.579947	3.857831	FARBOUND	7.360320	1.546380	1.124650	31.360320	0.000003
24.000000	4.529532	3.618038	NEARBOUND	-11.208100	2.269880	2.425850	-35.208100	0.000241
24.000000	4.830553	4.262150	FARBOUND	-4.273160	2.839260	3.137860	19.726840	0.000021
24.000000	4.002332	3.999020	FARBOUND	-6.151190	1.772240	1.925390	17.848810	0.000358
24.000000	4.548966	3.892821	FARBOUND	-5.176890	2.906720	3.190850	18.823110	0.000023
24.000000	4.548966	3.892821	NEARBOUND	-5.555150	2.992260	3.097510	-29.555150	0.000385
24.000000	4.586519	3.912758	FARBOUND	7.182290	1.606810	1.252360	31.182290	0.000002
24.000000	4.170624	4.352459	NEARBOUND	5.526380	2.223220	2.157500	-18.473620	0.000066
24.000000	4.226852	4.097397	FARBOUND	-0.339512	2.819810	2.866790	23.660488	0.000102
24.000000	4.361277	4.295487	NEARBOUND	-3.582150	1.988530	1.966180	-27.582150	0.000035
24.000000	4.068507	4.121345	FARBOUND	-4.030670	3.143200	3.309500	19.969330	0.000007
24.000000	4.322377	4.159324	NEARBOUND	9.107520	1.875310	1.549970	-14.892480	0.000055
24.000000	4.331488	4.151697	FARBOUND	-8.210560	2.897360	3.228920	15.789440	0.000027
24.000000	3.931035	3.814093	FARBOUND	-1.022830	3.162040	3.215160	22.977170	0.000102
24.000000	4.310378	4.529872	FARBOUND	-4.721250	2.273370	2.407970	19.278750	0.000013
24.000000	4.413146	3.902179	NEARBOUND	-0.792038	2.938480	2.968550	-24.792038	0.000148
24.000000	3.932767	3.667135	NEARBOUND	0.059756	2.411450	2.412470	-23.940244	0.000027
24.000000	4.094385	4.135169	FARBOUND	-13.511400	2.321040	2.707550	10.488600	0.000076
24.000000	4.312661	4.033107	NEARBOUND	2.347890	1.248390	1.115310	-21.652110	0.000156
24.000000	4.313410	4.057968	FARBOUND	6.136310	1.768270	1.538580	30.136310	0.000055
24.000000	4.438143	4.075241	FARBOUND	1.521470	2.234740	2.303460	25.521470	0.000335
24.000000	4.438143	4.075241	NEARBOUND	-8.385560	2.543310	2.557040	-32.385560	0.000134
24.000000	4.242631	4.004520	NEARBOUND	-32.279100	2.321650	1.825750	-56.279100	0.000000
24.000000	3.986336	4.144193	FARBOUND	-12.586800	2.423730	2.299990	11.413200	0.000079
24.000000	3.719243	3.927134	NEARBOUND	4.543990	1.110730	0.810872	-19.456010	0.000078
24.000000	4.062705	4.277824	FARBOUND	-1.254770	3.267070	3.350360	22.745230	0.000201
24.000000	4.523536	3.746690	FARBOUND	-6.343030	3.061630	3.382860	17.656970	0.000074
24.000000	4.201682	3.853136	NEARBOUND	-4.235600	2.269870	2.237770	-28.235600	0.000090
24.000000	4.615181	3.309333	FARBOUND	1.663780	1.996460	1.957480	25.663780	0.000064
24.000000	4.653016	3.867313	NEARBOUND	-9.031980	2.268120	2.608400	-33.031980	0.000160
24.000000	4.677674	3.535833	FARBOUND	-17.456700	2.083090	2.078280	6.543300	0.000216
24.000000	4.285275	3.853934	NEARBOUND	-4.930200	2.851430	3.107030	-28.930200	0.000056
24.000000	4.148927	3.547204	FARBOUND	-11.162400	2.510420	2.702970	12.837600	0.000147
24.000000	4.165385	4.170140	FARBOUND	7.990320	1.383470	0.866179	31.990320	0.000072
24.000000	4.180598	4.028477	FARBOUND	-14.391000	1.961150	1.942430	9.609000	0.000300
24.000000	3.867216	3.317803	FARBOUND	12.568700	1.915520	1.589250	36.568700	0.000562
24.000000	3.784177	4.179363	NEARBOUND	-2.000000	2.865040	2.927040	-26.000000	0.000064
24.000000	4.802380	4.222888	NEARBOUND	-6.272200	2.593000	2.822890	-30.272200	0.000203
24.000000	4.343590	4.218938	FARBOUND	-10.588000	3.286940	3.599220	13.412000	0.000265
24.000000	4.479853	4.401183	NEARBOUND	-4.968420	2.700380	2.784920	-28.968420	0.000116
24.000000	3.812713	4.153113	NEARBOUND	-11.406000	2.683060	2.917650	-35.406000	0.000174
24.000000	3.506908	3.670748	NEARBOUND	-2.602460	3.272930	3.435430	-26.602460	0.000372
24.000000	4.923521	3.883272	FARBOUND	-6.228610	2.387880	2.626520	17.771390	0.000283
24.000000	4.557459	3.827166	FARBOUND	-7.440580	2.523290	3.007880	16.559420	0.000093
24.000000	4.403134	3.706342	NEARBOUND	-11.494900	2.437670	2.460930	-35.494900	0.000045
24.000000	4.180968	3.712883	NEARBOUND	-8.245700	2.266870	2.512630	-32.245700	0.000067
24.000000	4.274517	3.968838	NEARBOUND	9.804900	1.657900	1.136720	-14.195100	0.000152
24.000000	4.281234	3.985307	NEARBOUND	5.328250	1.381530	1.034450	-18.671750	0.000159
24.000000	4.227707	4.115080	FARBOUND	19.062100	1.911320	1.398670	43.062100	0.000000
24.000000	4.227707	4.115080	NEARBOUND	-6.102160	2.769340	2.962860	-30.102160	0.000007
24.000000	4.378362	3.911275	FARBOUND	-15.000600	2.265500	2.332630	8.999400	0.000006
24.000000	4.378362	3.911275	NEARBOUND	-4.417560	2.850100	2.973150	-28.417560	0.000001
24.000000	4.888483	3.782011	NEARBOUND	-3.653500	2.463960	2.550700	-27.653500	0.000362
24.000000	3.827947	3.937390	NEARBOUND	0.545901	3.016610	3.032650	-23.454099	0.000035
24.000000	4.677403	4.180304	FARBOUND	-5.859230	2.314830	2.805160	18.140770	0.000200
24.000000	3.928846	3.909158	FARBOUND	-9.368650	2.562440	2.788260	14.631350	0.000208
24.000000	4.510553	3.763942	NEARBOUND	-27.558000	2.262180	2.143000	-51.558000	0.000337
24.000000	3.884605	4.176206	FARBOUND	-2.937930	2.423590	2.539420	21.062070	0.000060
24.000000	4.163778	3.948633	FARBOUND	-10.541600	2.460020	2.624200	13.458400	0.000091
24.000000	4.363495	3.869332	FARBOUND	-4.800750	2.509220	2.598340	19.199250	0.000054
24.000000	4.775556	3.669443	NEARBOUND	-9.086640	2.695810	2.849510	-33.086640	0.000338
24.000000	4.203318	4.001573	FARBOUND	-4.145440	3.078960	3.205250	19.854560	0.000118
24.000000	4.194798	3.643861	FARBOUND	-2.117880	2.741870	2.958580	21.882120	0.000173
24.000000	4.465230	3.963970	NEARBOUND	-15.977500	2.342650	2.248760	-39.977500	0.000044
24.000000	4.460478	3.856499	FARBOUND	-0.673749	3.194330	3.239570	23.326251	0.000251
24.000000	4.366904	4.311207	FARBOUND	-7.321310	2.769910	3.170030	16.678690	0.000095
24.000000	4.406696	4.226815	NEARBOUND	-3.891230	2.859010	3.180300	-27.891230	0.000343
24.000000	4.323311	4.057353	FARBOUND	-8.607600	3.100300	3.447470	15.392400	0.000029
24.000000	4.217044	4.249808	FARBOUND	-5.213170	2.038300	2.143260	18.786830	0.000087
24.000000	3.852199	3.937689	FARBOUND	1.175550	2.069560	2.037180	25.175550	0.000075
