#********mc_data: L-16.0, k_b-3000000000.0, dt-1e-12, N-300.0********


#init L		 init nma	 init fma	 state		 unbinding prob 		 cumulative unbinding prob
16.000000	4.189419	4.213742	LEADING		0.180485	0.389101
16.000000	3.772376	3.699160	LEADING		0.180485	0.041507
16.000000	4.303570	4.126557	LEADING		0.019219	0.592371
16.000000	4.418446	3.988480	LEADING		0.269279	0.617469
16.000000	4.682437	3.310657	LEADING		0.274253	0.001443
16.000000	4.024786	4.326905	TRAILING	0.065653	0.125701
16.000000	4.997245	4.098251	LEADING		0.000595	0.036577
16.000000	4.183389	3.857880	TRAILING	0.065653	0.443694
16.000000	4.577663	4.117191	TRAILING	0.244059	0.459806
16.000000	4.357445	4.030669	TRAILING	0.256731	0.653581
16.000000	4.485779	3.628795	LEADING		0.015736	0.118185
16.000000	4.132845	3.964493	TRAILING	0.360502	0.471490
16.000000	4.374657	3.853387	LEADING		0.050682	0.483348
16.000000	4.491724	3.757005	LEADING		0.213258	0.260692
16.000000	4.241640	3.872462	LEADING		0.112922	0.501297
16.000000	4.190025	3.792223	LEADING		0.224486	0.364083
16.000000	4.335713	3.770345	LEADING		0.162765	0.359871
16.000000	4.291771	3.775866	TRAILING	0.256216	0.371819
16.000000	4.291771	3.775866	LEADING		0.158271	0.371819
16.000000	4.312235	4.346146	TRAILING	0.207517	0.270698
16.000000	4.137349	3.948314	TRAILING	0.145427	0.470858
16.000000	4.498788	4.272299	LEADING		0.164302	0.377404
16.000000	4.009935	4.129859	LEADING		0.169967	0.258554
16.000000	3.794128	3.809081	LEADING		0.121435	0.070603
16.000000	4.395209	4.375877	LEADING		0.032951	0.242168
16.000000	4.743163	4.006939	TRAILING	0.256281	0.217403
16.000000	4.743163	4.006939	LEADING		0.111275	0.217403
16.000000	4.798711	4.110713	LEADING		0.094048	0.174278
16.000000	4.304699	4.052053	TRAILING	0.123355	0.641337
16.000000	4.088384	4.034108	LEADING		0.075560	0.411709
16.000000	4.210753	4.007189	TRAILING	0.351648	0.573783
16.000000	4.288678	4.258789	LEADING		0.190051	0.398608
16.000000	4.141333	4.044414	LEADING		0.183556	0.483736
16.000000	4.073767	4.025983	LEADING		0.222222	0.392340
16.000000	4.406092	3.902456	TRAILING	0.313005	0.539048
16.000000	4.370910	3.976551	TRAILING	0.300982	0.631041
16.000000	4.762708	3.940597	LEADING		0.181266	0.163562
16.000000	4.235907	4.358320	LEADING		0.070400	0.221772
16.000000	4.551926	3.866449	TRAILING	0.349699	0.351039
16.000000	4.381494	3.741686	LEADING		0.103666	0.301137
16.000000	4.295673	4.021018	LEADING		0.131552	0.640239
16.000000	4.200134	4.305558	LEADING		0.288717	0.271145
16.000000	4.363145	4.232928	LEADING		0.126662	0.467112
16.000000	4.107796	4.207704	TRAILING	0.198455	0.309245
16.000000	4.107796	4.207704	LEADING		0.212843	0.309245
16.000000	4.549924	4.047448	TRAILING	0.164551	0.504230
16.000000	4.549924	4.047448	LEADING		0.144693	0.504230
16.000000	3.876782	4.144899	TRAILING	0.282078	0.117436
16.000000	4.158556	3.667758	LEADING		0.222152	0.191724
16.000000	3.877457	3.793085	LEADING		0.085038	0.115003
16.000000	4.083983	4.142226	LEADING		0.053125	0.344061
16.000000	4.791853	4.700189	LEADING		0.160454	0.006999
16.000000	4.142669	3.700991	LEADING		0.003145	0.223063
16.000000	4.230254	3.763872	LEADING		0.099395	0.341641
16.000000	4.359805	4.178282	LEADING		0.151734	0.548471
16.000000	4.735241	4.015050	LEADING		0.248877	0.230503
16.000000	4.521870	3.609798	TRAILING	0.061384	0.090075
16.000000	4.211312	3.729255	LEADING		0.099816	0.285836
16.000000	4.332880	4.265308	LEADING		0.126804	0.406882
16.000000	4.334383	3.710658	TRAILING	0.051616	0.267108
16.000000	4.471624	4.710572	LEADING		0.186535	0.013038
16.000000	4.602164	4.330112	TRAILING	0.150217	0.241356
16.000000	4.235010	3.572425	LEADING		0.006118	0.110443
16.000000	4.423931	4.119726	TRAILING	0.133390	0.602932
16.000000	4.035126	4.101408	TRAILING	0.332486	0.307798
16.000000	4.171854	3.809196	TRAILING	0.164012	0.374984
16.000000	4.171854	3.809196	LEADING		0.048197	0.374984
16.000000	3.546660	3.937279	TRAILING	0.206782	0.009428
16.000000	4.384050	4.177013	TRAILING	0.004859	0.551280
16.000000	4.500045	4.001183	TRAILING	0.301810	0.550281
16.000000	4.528161	3.931586	LEADING		0.168202	0.457321
16.000000	4.307222	4.009973	LEADING		0.200160	0.643337
16.000000	4.897555	4.080550	LEADING		0.289497	0.085906
16.000000	4.729403	4.008435	TRAILING	0.307546	0.235319
16.000000	3.768508	3.885516	LEADING		0.037003	0.067876
16.000000	4.638544	3.918199	TRAILING	0.133418	0.297426
16.000000	4.908924	3.749312	TRAILING	0.168547	0.015794
16.000000	3.957823	4.190257	LEADING		0.031989	0.165731
16.000000	4.880605	3.644672	TRAILING	0.009073	0.008598
16.000000	4.591435	3.979503	TRAILING	0.004959	0.413881
16.000000	4.741919	4.133645	LEADING		0.078735	0.237860
16.000000	4.327259	3.996123	LEADING		0.103680	0.644068
16.000000	4.594517	4.174908	LEADING		0.288892	0.406193
16.000000	4.128115	4.288996	TRAILING	0.233091	0.236550
16.000000	4.528543	4.193350	LEADING		0.179844	0.458322
16.000000	4.380105	3.696118	TRAILING	0.125294	0.234709
16.000000	4.931558	3.975671	TRAILING	0.132559	0.048954
16.000000	4.091755	3.804847	TRAILING	0.027960	0.304832
16.000000	3.957865	3.995207	LEADING		0.204533	0.237574
16.000000	4.248140	4.173057	LEADING		0.110842	0.498815
16.000000	4.063036	3.670085	TRAILING	0.167009	0.155164
16.000000	4.255180	3.881676	TRAILING	0.085652	0.519743
16.000000	4.453765	4.199081	TRAILING	0.287135	0.503311
16.000000	4.506060	4.059721	TRAILING	0.276843	0.559920
16.000000	4.482883	3.805320	LEADING		0.229039	0.336759
16.000000	4.028072	4.475186	TRAILING	0.311981	0.045927
16.000000	4.638997	4.142519	LEADING		0.146544	0.368711
16.000000	4.315306	4.435705	LEADING		0.162207	0.154825
16.000000	4.189392	4.147591	TRAILING	0.023663	0.470889
16.000000	4.761575	3.926664	LEADING		0.072201	0.157300
16.000000	4.101420	4.245527	TRAILING	0.253743	0.261285
16.000000	4.561209	3.857225	LEADING		0.067654	0.328788
16.000000	5.005371	3.902596	TRAILING	0.138516	0.014564
16.000000	4.848249	3.962938	TRAILING	0.008307	0.096160
16.000000	4.585778	4.527951	TRAILING	0.054880	0.070016
16.000000	4.512162	4.136595	TRAILING	0.038164	0.525130
16.000000	4.505589	3.874537	TRAILING	0.291390	0.413994
16.000000	4.803466	4.594725	TRAILING	0.233223	0.019294
16.000000	4.343731	3.838711	TRAILING	0.010698	0.469416
16.000000	4.343731	3.838711	LEADING		0.142706	0.469416
16.000000	4.214761	4.057847	TRAILING	0.261936	0.569768
16.000000	3.852981	4.164589	TRAILING	0.309793	0.094260
16.000000	4.315580	4.191629	TRAILING	0.049067	0.516755
16.000000	4.269408	4.055733	LEADING		0.207479	0.619883
16.000000	4.196503	4.113648	LEADING		0.281137	0.512670
16.000000	4.220506	4.220624	LEADING		0.235526	0.408664
16.000000	4.564816	3.984583	TRAILING	0.280869	0.455414
16.000000	3.447944	3.925984	TRAILING	0.255952	0.003096
16.000000	4.815965	4.513150	LEADING		0.189010	0.035887
16.000000	3.950425	4.451443	LEADING		0.015887	0.036058
16.000000	4.396654	3.899735	TRAILING	0.001582	0.540737
16.000000	4.118014	4.340788	TRAILING	0.301760	0.173324
16.000000	4.436193	3.999262	LEADING		0.017598	0.611294
16.000000	4.483556	4.014542	LEADING		0.271268	0.575222
16.000000	4.171093	3.772918	TRAILING	0.091310	0.327230
16.000000	4.739685	3.969905	LEADING		0.254392	0.204530
16.000000	4.121823	3.872303	TRAILING	0.180906	0.399748
16.000000	4.045172	3.892085	TRAILING	0.218496	0.324432
16.000000	4.023001	3.923103	TRAILING	0.175870	0.310751
16.000000	4.023001	3.923103	LEADING		0.088304	0.310751
16.000000	4.107157	3.741151	TRAILING	0.167719	0.249043
16.000000	4.197955	3.855852	TRAILING	0.137264	0.452555
16.000000	4.202659	4.125647	LEADING		0.143032	0.508534
16.000000	4.400729	4.161290	TRAILING	0.249275	0.569113
16.000000	4.400729	4.161290	LEADING		0.233712	0.569113
16.000000	3.772082	3.622218	TRAILING	0.312361	0.028297
16.000000	4.568449	4.115415	TRAILING	0.015288	0.472356
16.000000	4.198622	3.639536	LEADING		0.256752	0.170949
16.000000	4.484032	4.173525	LEADING		0.075327	0.515965
16.000000	4.238605	4.249098	LEADING		0.230967	0.381365
16.000000	3.837203	4.251255	LEADING		0.176467	0.059705
16.000000	4.171400	4.027208	LEADING		0.028918	0.527417
16.000000	4.488921	3.956262	LEADING		0.241137	0.529032
16.000000	4.315877	4.098084	TRAILING	0.263583	0.622923
16.000000	4.315877	4.098084	LEADING		0.232806	0.622923
16.000000	4.430988	4.002729	TRAILING	0.340804	0.616875
16.000000	4.080001	3.870207	TRAILING	0.342916	0.351369
16.000000	4.252052	4.285995	LEADING		0.282119	0.334261
16.000000	4.353887	4.416990	TRAILING	0.191379	0.183342
16.000000	4.232523	4.128373	TRAILING	0.098381	0.537009
16.000000	4.111958	3.793394	TRAILING	0.290960	0.310158
16.000000	4.604001	4.190189	TRAILING	0.170365	0.383554
16.000000	4.232883	4.005965	TRAILING	0.213707	0.595265
16.000000	4.351869	4.470617	LEADING		0.154939	0.124861
16.000000	4.244136	3.840705	LEADING		0.058155	0.459890
16.000000	3.598775	3.783734	LEADING		0.205330	0.013144
16.000000	4.000008	3.910703	LEADING		0.006246	0.277389
16.000000	4.760817	4.302182	TRAILING	0.325388	0.152214
16.000000	4.628234	4.239902	TRAILING	0.085308	0.314810
16.000000	3.705702	3.904251	LEADING		0.127847	0.042081
16.000000	4.214002	3.598467	TRAILING	0.175251	0.131874
16.000000	4.172514	3.812897	LEADING		0.019998	0.380176
16.000000	4.364650	4.039656	LEADING		0.170575	0.653182
16.000000	4.059718	3.809727	TRAILING	0.074069	0.279796
16.000000	4.537067	4.013503	TRAILING	0.152812	0.510425
16.000000	4.537067	4.013503	LEADING		0.292898	0.510425
16.000000	4.555791	4.188061	LEADING		0.224588	0.437618
16.000000	4.825368	4.457386	TRAILING	0.285837	0.050582
16.000000	4.792487	4.470533	TRAILING	0.028284	0.054460
16.000000	4.495719	4.109170	TRAILING	0.030353	0.558097
16.000000	4.492766	4.736942	TRAILING	0.309789	0.009477
16.000000	4.091986	4.213044	TRAILING	0.005031	0.286135
16.000000	4.091986	4.213044	LEADING		0.194680	0.286135
16.000000	4.158974	4.038658	LEADING		0.134186	0.509053
16.000000	4.404947	3.852827	TRAILING	0.151949	0.467723
16.000000	4.230522	3.990808	TRAILING	0.261963	0.590034
16.000000	4.675752	4.181416	TRAILING	0.322809	0.304124
16.000000	4.675752	4.181416	LEADING		0.233287	0.304124
16.000000	4.522010	4.293206	LEADING		0.133696	0.335460
16.000000	4.561719	4.284732	TRAILING	0.170428	0.322147
16.000000	5.019828	4.104823	TRAILING	0.177902	0.029465
16.000000	4.297671	4.255204	TRAILING	0.016784	0.409043
16.000000	4.408425	3.973721	TRAILING	0.220932	0.613375
16.000000	3.837850	4.137353	TRAILING	0.340992	0.092152
16.000000	3.810491	3.640921	TRAILING	0.048012	0.040435
16.000000	4.707943	4.159868	LEADING		0.150941	0.273672
16.000000	4.385693	3.995484	LEADING		0.119808	0.637680
16.000000	4.591772	3.697154	TRAILING	0.021888	0.125955
16.000000	4.210777	3.571850	TRAILING	0.072068	0.108565
16.000000	4.421443	3.673210	TRAILING	0.061078	0.189960
16.000000	4.381257	4.322188	LEADING		0.284315	0.322908
16.000000	4.824610	4.172186	TRAILING	0.107750	0.145400
16.000000	4.719140	4.318835	TRAILING	0.082266	0.171557
16.000000	4.251059	3.997320	TRAILING	0.095777	0.608842
16.000000	4.140415	3.529641	LEADING		0.147938	0.072436
16.000000	4.160450	3.883642	TRAILING	0.333543	0.450400
16.000000	4.522019	4.264851	TRAILING	0.246804	0.374604
16.000000	4.450967	3.946731	TRAILING	0.206414	0.557825
16.000000	4.218727	4.350061	LEADING		0.031781	0.223591
16.000000	4.091608	4.015322	TRAILING	0.311654	0.419656
16.000000	4.460054	3.883497	LEADING		0.104648	0.471939
16.000000	4.481556	3.686134	TRAILING	0.226328	0.177679
16.000000	4.491086	4.298072	TRAILING	0.101093	0.343215
16.000000	4.374462	3.944633	TRAILING	0.188205	0.603253
16.000000	4.572956	4.159971	TRAILING	0.335092	0.442220
16.000000	4.314200	4.450434	TRAILING	0.246224	0.139084
16.000000	4.261645	4.327821	LEADING		0.207061	0.276819
16.000000	4.540381	3.912472	TRAILING	0.074128	0.420759
16.000000	4.540381	3.912472	LEADING		0.128651	0.420759
16.000000	3.758461	4.389799	TRAILING	0.237061	0.014150
16.000000	4.257064	4.148313	LEADING		0.183698	0.537116
16.000000	4.304617	4.431212	TRAILING	0.007137	0.157446
16.000000	4.018819	3.902334	TRAILING	0.083959	0.297149
16.000000	4.631632	4.428843	TRAILING	0.160572	0.129792
16.000000	4.329102	4.174477	LEADING		0.245857	0.546233
16.000000	4.311453	3.827455	LEADING		0.248614	0.454795
16.000000	4.054692	3.820432	LEADING		0.201463	0.284106
16.000000	4.622061	3.966621	TRAILING	0.071501	0.360305
16.000000	4.824540	3.889713	TRAILING	0.203457	0.086741
16.000000	4.719783	4.294884	TRAILING	0.049609	0.187779
16.000000	4.280910	3.903687	TRAILING	0.104964	0.556968
16.000000	4.173671	3.675174	TRAILING	0.307888	0.204860
16.000000	4.069555	3.962063	TRAILING	0.114073	0.384932
16.000000	4.069555	3.962063	LEADING		0.129132	0.384932
16.000000	4.412828	4.183260	TRAILING	0.208021	0.538957
16.000000	4.412828	4.183260	LEADING		0.176911	0.538957
16.000000	4.220719	3.881295	TRAILING	0.295694	0.499144
16.000000	3.785509	3.478976	TRAILING	0.274970	0.011769
16.000000	4.418188	4.391761	TRAILING	0.006439	0.220476
16.000000	4.290964	4.104046	TRAILING	0.119303	0.605934
16.000000	4.794739	4.164565	LEADING		0.243263	0.174824
16.000000	3.945589	3.654230	LEADING		0.076037	0.091139
16.000000	4.186301	3.934625	TRAILING	0.330637	0.519222
16.000000	4.186301	3.934625	LEADING		0.041270	0.519222
16.000000	4.085533	3.875198	TRAILING	0.284110	0.361515
16.000000	4.411172	4.271641	TRAILING	0.196928	0.405432
16.000000	4.352382	4.168499	LEADING		0.235112	0.560344
16.000000	4.120555	4.023718	TRAILING	0.221089	0.459743
16.000000	4.463836	4.101034	TRAILING	0.248454	0.590268
16.000000	4.256740	4.133314	TRAILING	0.326969	0.553661
16.000000	4.028349	4.066042	TRAILING	0.300548	0.315645
16.000000	4.529123	3.960894	TRAILING	0.168558	0.484860
16.000000	4.141279	4.177163	LEADING		0.254264	0.381653
16.000000	4.219316	4.154802	TRAILING	0.272199	0.494833
16.000000	4.494786	3.591308	TRAILING	0.267257	0.085941
16.000000	4.484208	4.114264	TRAILING	0.049229	0.565983
16.000000	4.484208	4.114264	LEADING		0.177409	0.565983
16.000000	4.795427	3.995106	TRAILING	0.313778	0.153924
16.000000	4.296418	3.870936	TRAILING	0.087587	0.518784
16.000000	4.296418	3.870936	LEADING		0.252204	0.518784
16.000000	4.540870	3.934934	LEADING		0.231000	0.444653
16.000000	4.212240	4.242467	TRAILING	0.287784	0.369991
16.000000	4.222524	4.527753	LEADING		0.194447	0.062275
16.000000	3.839888	3.808169	LEADING		0.029635	0.095527
16.000000	4.456212	3.999351	LEADING		0.044365	0.594738
16.000000	4.244162	4.122171	TRAILING	0.198374	0.554118
16.000000	4.283519	4.222468	TRAILING	0.300689	0.453244
16.000000	4.476551	4.366694	LEADING		0.263408	0.248334
16.000000	4.394080	4.051996	LEADING		0.112955	0.645811
16.000000	4.289521	4.060075	LEADING		0.289006	0.631232
16.000000	4.176366	3.854945	LEADING		0.285776	0.434520
16.000000	4.664303	3.982211	LEADING		0.195600	0.310396
16.000000	3.969065	4.076172	TRAILING	0.245062	0.234564
16.000000	4.586294	4.172193	LEADING		0.134818	0.417790
16.000000	4.323708	3.585175	TRAILING	0.124445	0.118745
16.000000	4.182710	3.940044	TRAILING	0.067299	0.519075
16.000000	4.182710	3.940044	LEADING		0.185090	0.519075
16.000000	4.574157	3.846666	TRAILING	0.283830	0.301142
16.000000	4.581852	4.253787	TRAILING	0.170673	0.343628
16.000000	4.723280	3.684785	LEADING		0.235245	0.053385
16.000000	4.222916	4.003483	TRAILING	0.190433	0.585601
16.000000	4.269205	3.857694	TRAILING	0.319881	0.493478
16.000000	4.321054	3.938098	LEADING		0.022654	0.602994
16.000000	4.208337	4.054755	TRAILING	0.273390	0.563989
16.000000	4.759280	4.491028	LEADING		0.269341	0.054647
16.000000	4.388503	4.029048	TRAILING	0.306541	0.647447
16.000000	4.609530	4.014019	TRAILING	0.358078	0.407825
16.000000	4.286207	4.293585	LEADING		0.024305	0.341539
16.000000	4.112670	3.785773	LEADING		0.157799	0.302339
16.000000	4.575056	4.190721	TRAILING	0.229521	0.415073
16.000000	4.563904	4.132485	TRAILING	0.230740	0.470189
16.000000	4.508259	4.193757	TRAILING	0.262027	0.475000
16.000000	4.341445	3.740779	TRAILING	0.262575	0.311519
16.000000	4.815136	4.172301	TRAILING	0.174932	0.153995
16.000000	4.550716	4.369308	TRAILING	0.087085	0.221642
16.000000	3.912680	4.078477	LEADING		0.136166	0.170917
16.000000	4.208763	4.054129	LEADING		0.080752	0.564697
16.000000	4.293514	4.109510	LEADING		0.257746	0.602852
16.000000	4.594787	4.255392	LEADING		0.273948	0.330630
16.000000	4.334661	3.905797	LEADING		0.147223	0.567265
16.000000	4.371279	3.502490	TRAILING	0.121646	0.056095
16.000000	4.546375	4.143711	LEADING		0.252357	0.483961
16.000000	4.801567	4.033848	LEADING		0.214800	0.159764
16.000000	5.279229	4.469159	TRAILING	0.032076	0.001120
16.000000	4.642894	4.142980	TRAILING	0.000637	0.363370
16.000000	3.946886	3.870937	TRAILING	0.203564	0.202584
16.000000	4.076475	3.637554	TRAILING	0.109022	0.133829
16.000000	4.076475	3.637554	LEADING		0.068974	0.133829
16.000000	4.346790	4.391998	TRAILING	0.074136	0.214194
16.000000	4.540396	4.361146	TRAILING	0.115073	0.235845
16.000000	3.895618	4.148926	TRAILING	0.129386	0.130963
16.000000	3.895618	4.148926	LEADING		0.059692	0.130963
16.000000	4.533492	3.871386	TRAILING	0.068560	0.378674
16.000000	4.533492	3.871386	LEADING		0.062403	0.378674
16.000000	4.579694	4.115821	TRAILING	0.213762	0.457663
16.000000	4.224693	3.942120	TRAILING	0.255592	0.560288
16.000000	4.349270	3.994580	LEADING		0.164912	0.644575
16.000000	4.332711	4.305382	TRAILING	0.307437	0.340892
16.000000	4.332711	4.305382	LEADING		0.288431	0.340892
16.000000	4.401878	4.011134	TRAILING	0.184069	0.637698
16.000000	4.103451	3.963132	LEADING		0.156823	0.431866
16.000000	4.738530	4.350121	TRAILING	0.353480	0.137891
16.000000	4.494072	3.866859	TRAILING	0.076976	0.415579
16.000000	4.971224	4.343401	TRAILING	0.234040	0.036211
16.000000	4.378560	3.820118	LEADING		0.197780	0.428702
16.000000	4.157737	4.246339	TRAILING	0.020518	0.315124
16.000000	4.594414	4.053299	TRAILING	0.167995	0.442901
16.000000	4.594414	4.053299	LEADING		0.188559	0.442901
16.000000	4.826930	4.032698	LEADING		0.194427	0.134498
16.000000	4.136291	4.139515	TRAILING	0.248474	0.414504
16.000000	4.136291	4.139515	LEADING		0.057985	0.414504
16.000000	4.317317	4.132650	TRAILING	0.222367	0.592452
16.000000	3.981136	3.819004	TRAILING	0.323399	0.211229
16.000000	4.178247	4.238649	LEADING		0.192137	0.344707
16.000000	4.595244	4.143386	TRAILING	0.114486	0.425307
16.000000	4.447715	3.497653	LEADING		0.160453	0.044449
16.000000	3.902541	4.279876	LEADING		0.018902	0.081079
16.000000	3.857640	4.118857	TRAILING	0.237431	0.110901
16.000000	4.596724	3.937677	TRAILING	0.057988	0.371970
16.000000	4.598293	3.773063	TRAILING	0.210041	0.193199
16.000000	4.683611	4.163935	TRAILING	0.110103	0.302431
16.000000	4.550524	3.554879	TRAILING	0.169721	0.050522
16.000000	4.320590	3.872511	TRAILING	0.029095	0.522996
16.000000	4.115947	4.058220	LEADING		0.039096	0.443283
16.000000	4.034871	3.683370	LEADING		0.204451	0.152073
16.000000	3.866061	3.935671	TRAILING	0.290652	0.138956
16.000000	4.174961	4.043289	TRAILING	0.073840	0.528320
16.000000	4.310493	4.329615	TRAILING	0.286524	0.295200
16.000000	4.473471	3.684003	TRAILING	0.158761	0.179379
16.000000	4.191018	3.722319	LEADING		0.068408	0.269406
16.000000	4.248354	4.034996	LEADING		0.119686	0.608564
16.000000	4.627582	4.386986	LEADING		0.276136	0.168613
16.000000	4.168839	4.292884	LEADING		0.075530	0.264670
16.000000	3.638833	4.086233	LEADING		0.123942	0.020055
16.000000	4.079841	4.046573	TRAILING	0.102022	0.395848
16.000000	4.094033	4.265060	LEADING		0.009765	0.233388
16.000000	4.153283	3.992736	TRAILING	0.212744	0.504563
16.000000	4.660787	4.145742	LEADING		0.109953	0.338711
16.000000	4.847358	3.796361	TRAILING	0.274121	0.042552
16.000000	4.378673	4.312664	LEADING		0.148752	0.338031
16.000000	4.088577	4.221506	TRAILING	0.024429	0.273694
16.000000	4.768686	4.302255	LEADING		0.154788	0.146552
16.000000	4.402436	4.130282	LEADING		0.064372	0.601564
16.000000	3.932905	3.528492	TRAILING	0.145193	0.038272
16.000000	4.394680	4.689303	TRAILING	0.021122	0.016424
16.000000	4.712122	3.719188	TRAILING	0.008654	0.074009
16.000000	4.325182	4.059682	TRAILING	0.042515	0.646363
16.000000	4.325182	4.059682	LEADING		0.270667	0.646363
16.000000	4.760702	4.418808	LEADING		0.291514	0.087260
16.000000	4.489919	4.238212	TRAILING	0.354849	0.430772
16.000000	4.572224	3.863600	TRAILING	0.237097	0.323733
16.000000	4.446445	4.409719	TRAILING	0.183280	0.195768
16.000000	4.380589	4.033298	TRAILING	0.106094	0.650190
16.000000	4.189481	3.630216	TRAILING	0.359261	0.159485
16.000000	4.069634	4.187646	LEADING		0.038628	0.285895
16.000000	4.521482	3.947072	TRAILING	0.089205	0.481616
16.000000	4.857899	4.298116	LEADING		0.134097	0.091397
16.000000	4.385757	3.912621	TRAILING	0.270452	0.562796
16.000000	4.268021	3.803335	TRAILING	0.313547	0.412068
16.000000	4.268021	3.803335	LEADING		0.039840	0.412068
16.000000	4.046622	4.021368	TRAILING	0.229120	0.354110
16.000000	4.046622	4.021368	LEADING		0.182948	0.354110
16.000000	3.722581	3.883498	LEADING		0.164019	0.047360
16.000000	4.199570	4.182569	LEADING		0.022424	0.440401
16.000000	3.631274	4.169439	LEADING		0.203484	0.014478
16.000000	4.204941	4.057263	TRAILING	0.190091	0.559212
16.000000	4.687854	3.682282	TRAILING	0.303796	0.066691
16.000000	4.252323	4.235453	LEADING		0.007113	0.412307
16.000000	4.451174	3.932352	TRAILING	0.038352	0.542207
16.000000	4.428546	4.084173	TRAILING	0.303203	0.621805
16.000000	4.075053	3.868921	LEADING		0.190260	0.344739
16.000000	4.149423	4.067748	LEADING		0.157036	0.485214
16.000000	4.358903	4.212879	TRAILING	0.343809	0.497974
16.000000	4.568250	3.940735	LEADING		0.223163	0.414016
16.000000	4.380263	4.066973	LEADING		0.180700	0.646287
16.000000	4.456679	4.079395	TRAILING	0.271340	0.604596
16.000000	4.223931	4.112970	TRAILING	0.335164	0.543170
16.000000	3.919218	4.078746	LEADING		0.289981	0.177536
16.000000	4.219577	4.243905	TRAILING	0.294395	0.374061
16.000000	4.650622	4.557378	TRAILING	0.200679	0.046902
16.000000	4.262650	3.712984	TRAILING	0.025682	0.273440
16.000000	4.189715	4.066187	LEADING		0.083822	0.537474
16.000000	4.591009	3.806533	TRAILING	0.152924	0.236272
16.000000	4.027554	3.411873	TRAILING	0.134344	0.020158
16.000000	4.604812	3.967041	TRAILING	0.011313	0.385408
16.000000	4.292056	3.530941	TRAILING	0.217391	0.079061
16.000000	4.893400	4.394149	TRAILING	0.044876	0.049491
16.000000	4.598864	3.927655	TRAILING	0.027879	0.359594
16.000000	4.190754	4.156847	LEADING		0.246084	0.462086
16.000000	4.601053	4.311309	TRAILING	0.203191	0.263209
16.000000	4.217140	3.586769	TRAILING	0.145613	0.121616
16.000000	4.412917	4.331270	TRAILING	0.068380	0.309279
16.000000	4.152775	4.023644	TRAILING	0.167989	0.503842
16.000000	4.375548	3.962875	LEADING		0.213228	0.619437
16.000000	4.089115	3.799335	TRAILING	0.273092	0.296955
16.000000	4.518627	3.797929	TRAILING	0.162723	0.294749
16.000000	4.209199	3.956591	TRAILING	0.166949	0.555745
16.000000	4.306066	4.236925	TRAILING	0.304223	0.442616
16.000000	4.421429	4.249234	TRAILING	0.239578	0.440070
16.000000	4.258583	4.103741	TRAILING	0.240568	0.583209
16.000000	4.802913	4.415880	TRAILING	0.317314	0.072889
16.000000	4.188920	4.064841	TRAILING	0.040763	0.537172
16.000000	4.188920	4.064841	LEADING		0.275733	0.537172
16.000000	4.435568	4.235631	TRAILING	0.291235	0.457936
16.000000	4.338449	4.159646	TRAILING	0.250882	0.568506
16.000000	4.338449	4.159646	LEADING		0.245938	0.568506
16.000000	4.277550	4.238170	TRAILING	0.310338	0.425066
16.000000	4.083770	3.938930	LEADING		0.258168	0.396968
16.000000	4.166184	4.338979	TRAILING	0.229430	0.206165
16.000000	3.937862	4.081870	LEADING		0.181790	0.196465
16.000000	3.987224	3.988416	LEADING		0.092597	0.274986
16.000000	4.128575	4.291164	LEADING		0.127811	0.234440
16.000000	4.307702	4.052766	TRAILING	0.109176	0.642414
16.000000	5.127519	4.596531	TRAILING	0.352313	0.002286
16.000000	5.014400	4.573574	TRAILING	0.001298	0.006731
16.000000	3.846706	4.204240	LEADING		0.110279	0.078280
16.000000	4.152252	4.439800	TRAILING	0.003799	0.102259
16.000000	4.152252	4.439800	LEADING		0.037701	0.102259
16.000000	4.313502	3.997763	TRAILING	0.053603	0.641793
16.000000	4.313502	3.997763	LEADING		0.048656	0.641793
16.000000	4.171369	4.204740	LEADING		0.288320	0.382411
16.000000	4.863471	4.865401	TRAILING	0.353472	0.000631
16.000000	4.789693	4.454549	LEADING		0.177600	0.061348
16.000000	3.969432	3.734588	TRAILING	0.000346	0.149342
16.000000	3.969432	3.734588	LEADING		0.027137	0.149342
16.000000	4.269553	4.149403	LEADING		0.067958	0.545595
16.000000	4.102452	3.921793	LEADING		0.249419	0.413066
16.000000	4.079469	4.075115	LEADING		0.188498	0.383527
16.000000	3.792528	3.398524	TRAILING	0.081384	0.006180
16.000000	4.460913	3.841405	TRAILING	0.003405	0.409662
16.000000	4.684018	3.730836	LEADING		0.177866	0.095844
16.000000	4.049897	3.664479	TRAILING	0.230536	0.144471
16.000000	4.049897	3.664479	LEADING		0.040875	0.144471
16.000000	3.847036	3.983172	LEADING		0.064776	0.124069
16.000000	3.868859	3.957433	TRAILING	0.079696	0.142745
16.000000	4.819524	3.962558	TRAILING	0.075738	0.119188
16.000000	4.273522	3.777424	TRAILING	0.067967	0.372556
16.000000	4.508722	4.037227	LEADING		0.058515	0.554319
16.000000	4.214518	3.880941	LEADING		0.244981	0.494355
16.000000	3.872373	3.625774	LEADING		0.222159	0.053729
16.000000	4.430829	4.068991	TRAILING	0.207609	0.625366
16.000000	4.671787	4.687120	TRAILING	0.346177	0.012376
16.000000	4.302910	3.812718	LEADING		0.024451	0.431260
16.000000	4.529705	4.517578	TRAILING	0.006734	0.083461
16.000000	4.776901	4.160963	LEADING		0.190960	0.193845
16.000000	3.798806	3.860061	LEADING		0.084403	0.081391
16.000000	4.716923	3.974634	TRAILING	0.045266	0.235034
16.000000	4.021625	4.291791	LEADING		0.038147	0.149501
16.000000	4.095908	3.734890	LEADING		0.071201	0.235123
16.000000	3.827021	3.844024	TRAILING	0.133382	0.095672
16.000000	4.374168	3.736088	TRAILING	0.051032	0.295146
16.000000	4.524391	3.956196	LEADING		0.105595	0.486657
16.000000	4.611985	4.093850	LEADING		0.213465	0.418748
16.000000	4.327795	3.590914	LEADING		0.184056	0.123507
16.000000	4.563907	4.305259	LEADING		0.053517	0.294862
16.000000	4.766112	4.399147	LEADING		0.132198	0.095263
16.000000	3.986749	3.978143	LEADING		0.042097	0.274197
16.000000	4.162033	3.906384	TRAILING	0.166185	0.472379
16.000000	4.447727	3.811314	LEADING		0.127331	0.373909
16.000000	4.179454	4.059906	LEADING		0.163294	0.527857
16.000000	4.394947	3.780605	TRAILING	0.258458	0.357080
16.000000	4.740357	3.957768	TRAILING	0.200776	0.197310
16.000000	4.538106	4.041117	TRAILING	0.112189	0.518622
16.000000	4.145100	4.012956	LEADING		0.241817	0.494611
16.000000	3.834444	3.968217	LEADING		0.226497	0.114244
16.000000	4.368589	4.665365	LEADING		0.053879	0.020970
16.000000	4.085220	4.190586	TRAILING	0.289984	0.301214
16.000000	4.593448	3.892192	TRAILING	0.160141	0.330371
16.000000	4.127661	4.194137	TRAILING	0.186981	0.346733
16.000000	4.945880	4.012917	TRAILING	0.185062	0.048615
16.000000	4.675155	3.889538	TRAILING	0.027743	0.226892
16.000000	4.675155	3.889538	LEADING		0.009931	0.226892
16.000000	3.705102	4.184028	LEADING		0.097869	0.027408
16.000000	4.178682	3.824431	TRAILING	0.129023	0.399260
16.000000	4.413845	4.511575	TRAILING	0.220055	0.093414
16.000000	4.851988	4.044633	TRAILING	0.050075	0.114943
16.000000	4.303936	4.111868	TRAILING	0.065419	0.606427
16.000000	4.303936	4.111868	LEADING		0.013379	0.606427
16.000000	4.076851	3.841867	TRAILING	0.331109	0.324899
16.000000	4.152221	3.705634	TRAILING	0.177286	0.232681
16.000000	4.159722	3.628501	TRAILING	0.129058	0.151462
16.000000	4.067341	3.414682	LEADING		0.275317	0.022966
16.000000	3.962078	3.367391	LEADING		0.010040	0.010518
16.000000	4.187232	4.168866	TRAILING	0.084529	0.444133
16.000000	4.187232	4.168866	LEADING		0.004627	0.444133
16.000000	4.320675	4.281088	TRAILING	0.238891	0.376663
16.000000	3.991024	3.694062	LEADING		0.205242	0.136206
16.000000	3.801997	3.706019	TRAILING	0.203508	0.052350
16.000000	3.801997	3.706019	LEADING		0.061611	0.052350
16.000000	4.115533	3.856846	LEADING		0.024180	0.378929
16.000000	3.941364	4.511681	TRAILING	0.028170	0.020652
16.000000	4.423687	3.864636	TRAILING	0.010496	0.473796
16.000000	4.547333	3.897219	LEADING		0.171691	0.394274
16.000000	3.901882	3.577490	LEADING		0.171837	0.046598
16.000000	4.546629	4.058442	TRAILING	0.265532	0.509998
16.000000	4.417583	4.033432	TRAILING	0.285055	0.635023
16.000000	4.230629	4.444649	TRAILING	0.351941	0.123980
16.000000	4.419578	4.138921	TRAILING	0.065519	0.587939
16.000000	4.419578	4.138921	LEADING		0.021045	0.587939
16.000000	4.655513	4.353711	LEADING		0.264243	0.184903
16.000000	4.451638	4.017971	LEADING		0.082388	0.607106
16.000000	4.360442	3.897316	TRAILING	0.323696	0.552024
16.000000	4.360442	3.897316	LEADING		0.269396	0.552024
16.000000	4.745902	3.756086	LEADING		0.244779	0.074917
16.000000	5.015877	4.101478	LEADING		0.031912	0.030493
16.000000	4.042367	3.836989	TRAILING	0.307245	0.284701
16.000000	4.143101	3.700644	TRAILING	0.154937	0.222857
16.000000	4.231539	4.223467	TRAILING	0.123561	0.413999
16.000000	3.901029	3.953062	LEADING		0.013122	0.173169
16.000000	4.520833	4.006567	TRAILING	0.222711	0.527975
16.000000	4.520833	4.006567	LEADING		0.080975	0.527975
16.000000	4.990372	4.075545	TRAILING	0.295437	0.037366
16.000000	4.382509	3.765474	TRAILING	0.021298	0.338190
16.000000	3.762518	3.620505	LEADING		0.232538	0.026229
16.000000	3.899796	4.319302	TRAILING	0.190171	0.064345
16.000000	4.374084	3.549999	LEADING		0.012068	0.084156
16.000000	4.353262	4.009782	TRAILING	0.033186	0.650068
16.000000	4.353262	4.009782	LEADING		0.036181	0.650068
16.000000	4.560563	3.720580	LEADING		0.291132	0.167515
16.000000	4.269572	4.087805	TRAILING	0.358936	0.603698
16.000000	4.269572	4.087805	LEADING		0.071959	0.603698
16.000000	4.477620	4.214417	TRAILING	0.329162	0.470369
16.000000	4.558606	3.763196	LEADING		0.274537	0.215760
16.000000	4.374792	4.076891	TRAILING	0.259005	0.643508
16.000000	4.374792	4.076891	LEADING		0.093003	0.643508
16.000000	4.038423	3.669488	TRAILING	0.354378	0.143022
16.000000	4.367164	4.047872	TRAILING	0.078790	0.652332
16.000000	4.487603	4.401950	TRAILING	0.359695	0.199954
16.000000	4.117194	3.814869	LEADING		0.289130	0.337976
16.000000	4.074833	4.078210	TRAILING	0.108860	0.375377
16.000000	4.074833	4.078210	LEADING		0.152539	0.375377
16.000000	4.231721	3.993490	TRAILING	0.201153	0.591821
16.000000	4.548637	4.336788	LEADING		0.174224	0.263171
16.000000	4.230061	4.314066	LEADING		0.118465	0.278995
16.000000	4.005520	3.983122	TRAILING	0.323759	0.299208
16.000000	4.273071	4.267330	TRAILING	0.160480	0.376181
16.000000	4.166608	4.413884	TRAILING	0.202516	0.129011
16.000000	4.248302	4.251049	LEADING		0.129978	0.385502
16.000000	4.418668	4.007057	LEADING		0.178215	0.627016
16.000000	4.210007	4.115959	LEADING		0.278898	0.525749
16.000000	4.440380	4.125731	TRAILING	0.067887	0.589876
16.000000	4.260184	4.150126	LEADING		0.241226	0.537502
16.000000	4.873152	3.826904	TRAILING	0.325612	0.040569
16.000000	4.493880	4.072582	TRAILING	0.023267	0.572150
16.000000	4.579947	3.857831	TRAILING	0.318249	0.307836
16.000000	4.529532	3.618038	LEADING		0.245988	0.093202
16.000000	4.830553	4.262150	TRAILING	0.174418	0.119570
16.000000	4.280922	3.869117	TRAILING	0.067435	0.512861
16.000000	4.280922	3.869117	LEADING		0.039799	0.512861
16.000000	4.002332	3.999020	TRAILING	0.284177	0.294746
16.000000	4.548966	3.892821	TRAILING	0.157843	0.387010
16.000000	4.548966	3.892821	LEADING		0.228684	0.387010
16.000000	4.449623	4.005913	TRAILING	0.218417	0.603844
16.000000	4.449623	4.005913	LEADING		0.168593	0.603844
16.000000	4.208325	4.567931	LEADING		0.267750	0.041582
16.000000	4.307682	4.365470	TRAILING	0.336094	0.241177
16.000000	4.307682	4.365470	LEADING		0.019905	0.241177
16.000000	4.499062	4.268103	TRAILING	0.129317	0.383308
16.000000	4.586519	3.912758	TRAILING	0.210744	0.361263
16.000000	4.114401	3.997955	TRAILING	0.204145	0.452629
16.000000	4.170624	4.352459	LEADING		0.111860	0.193392
16.000000	4.320745	4.481186	LEADING		0.091047	0.111185
16.000000	4.605265	3.871761	TRAILING	0.244945	0.293553
16.000000	4.784326	3.870634	TRAILING	0.166447	0.107500
16.000000	4.945550	4.596360	LEADING		0.052034	0.008805
16.000000	4.501679	4.088460	LEADING		0.003864	0.560431
16.000000	3.991960	4.186465	TRAILING	0.061463	0.201251
16.000000	4.226852	4.097397	TRAILING	0.106040	0.559087
16.000000	4.361277	4.295487	LEADING		0.248809	0.363827
16.000000	4.137884	4.240272	LEADING		0.166688	0.303405
16.000000	4.234216	4.013413	TRAILING	0.303449	0.597166
16.000000	4.068507	4.121345	TRAILING	0.326293	0.339844
16.000000	4.436679	4.202495	TRAILING	0.181385	0.505816
16.000000	4.436679	4.202495	LEADING		0.141900	0.505816
16.000000	4.322377	4.159324	TRAILING	0.277744	0.563573
16.000000	4.322377	4.159324	LEADING		0.228072	0.563573
16.000000	4.389941	4.654583	TRAILING	0.307204	0.023951
16.000000	4.331488	4.151697	TRAILING	0.012652	0.576178
16.000000	4.331488	4.151697	LEADING		0.256369	0.576178
16.000000	3.909766	4.120491	TRAILING	0.314501	0.154110
16.000000	3.931035	3.814093	TRAILING	0.080988	0.163819
16.000000	4.784897	4.253752	LEADING		0.261677	0.157389
16.000000	4.310378	4.529872	TRAILING	0.088425	0.073341
16.000000	4.277331	3.767356	LEADING		0.068844	0.357228
16.000000	4.413146	3.902179	LEADING		0.157963	0.534310
16.000000	4.693949	3.972615	LEADING		0.235809	0.263825
16.000000	4.601399	4.046667	TRAILING	0.038815	0.431389
16.000000	4.459233	3.815274	LEADING		0.114270	0.371199
16.000000	4.322543	3.650869	LEADING		0.161994	0.188259
16.000000	4.021493	3.712488	LEADING		0.082049	0.167319
16.000000	4.882038	4.053415	LEADING		0.075572	0.093037
16.000000	4.517352	4.038221	LEADING		0.040053	0.544203
16.000000	4.094385	4.135169	TRAILING	0.242220	0.363619
16.000000	4.312661	4.033107	TRAILING	0.194349	0.647233
16.000000	4.312661	4.033107	LEADING		0.240331	0.647233
16.000000	4.313410	4.057968	TRAILING	0.355587	0.643131
16.000000	4.313410	4.057968	LEADING		0.291646	0.643131
16.000000	4.438143	4.075241	TRAILING	0.352756	0.619109
16.000000	4.438143	4.075241	LEADING		0.290375	0.619109
16.000000	4.513450	4.051378	LEADING		0.276326	0.550989
16.000000	3.774966	4.074321	TRAILING	0.342782	0.067134
16.000000	4.049607	3.976687	LEADING		0.243658	0.359559
16.000000	4.360840	4.088286	LEADING		0.165822	0.638609
16.000000	4.103603	3.852264	TRAILING	0.034952	0.362225
16.000000	3.931936	4.387963	LEADING		0.287615	0.051278
16.000000	4.492614	3.584353	LEADING		0.024914	0.081866
16.000000	4.607838	4.310756	TRAILING	0.197964	0.259148
16.000000	3.952294	4.191057	LEADING		0.034957	0.160253
16.000000	4.163861	4.167123	TRAILING	0.143453	0.419572
16.000000	4.242631	4.004520	TRAILING	0.225204	0.603558
16.000000	4.242631	4.004520	LEADING		0.076185	0.603558
16.000000	4.478931	4.108042	TRAILING	0.330238	0.574119
16.000000	4.478931	4.108042	LEADING		0.273320	0.574119
16.000000	3.986336	4.144193	TRAILING	0.318275	0.222135
16.000000	3.719243	3.927134	LEADING		0.255844	0.047768
16.000000	4.669402	3.999920	TRAILING	0.117392	0.313077
16.000000	4.062705	4.277824	TRAILING	0.176989	0.193443
16.000000	4.185559	3.806494	TRAILING	0.101871	0.380611
16.000000	4.185559	3.806494	LEADING		0.022718	0.380611
16.000000	4.523536	3.746690	TRAILING	0.210165	0.223578
16.000000	4.741615	3.909890	TRAILING	0.127064	0.168008
16.000000	4.169735	4.042294	LEADING		0.170445	0.521992
16.000000	4.511268	3.923620	LEADING		0.239014	0.469123
16.000000	4.292977	3.982638	TRAILING	0.095742	0.628383
16.000000	4.256682	4.049536	LEADING		0.205510	0.612204
16.000000	4.615181	3.309333	TRAILING	0.345843	0.002387
16.000000	4.653016	3.867313	LEADING		0.277885	0.232854
16.000000	4.033161	3.944558	LEADING		0.100442	0.330835
16.000000	4.176482	4.265083	LEADING		0.152404	0.307530
16.000000	4.677674	3.535833	TRAILING	0.001401	0.020256
16.000000	4.285275	3.853934	LEADING		0.143520	0.492419
16.000000	4.148927	3.547204	TRAILING	0.011739	0.084168
16.000000	4.165385	4.170140	TRAILING	0.047210	0.417900
16.000000	4.170211	3.866270	TRAILING	0.224287	0.441862
16.000000	4.527446	4.168075	LEADING		0.219190	0.484447
16.000000	3.867216	3.317803	TRAILING	0.242633	0.004191
16.000000	3.784177	4.179363	LEADING		0.215809	0.054026
16.000000	4.485491	3.941023	LEADING		0.026136	0.517608
16.000000	4.900233	4.007505	LEADING		0.227584	0.072177
16.000000	4.213429	3.972599	LEADING		0.030999	0.567691
16.000000	4.247651	4.139718	TRAILING	0.002338	0.538933
16.000000	4.558434	3.967857	TRAILING	0.292171	0.451657
16.000000	4.079324	4.050114	LEADING		0.257169	0.393918
16.000000	4.802380	4.222888	LEADING		0.182279	0.153854
16.000000	4.174449	4.071143	LEADING		0.067090	0.516118
16.000000	4.343590	4.218938	TRAILING	0.253971	0.485259
16.000000	4.627079	4.324736	TRAILING	0.263926	0.231058
16.000000	4.479853	4.401183	TRAILING	0.128008	0.202295
16.000000	4.479853	4.401183	LEADING		0.236801	0.202295
16.000000	3.735142	4.207268	LEADING		0.092238	0.032454
16.000000	3.812713	4.153113	LEADING		0.015827	0.073348
16.000000	3.506908	3.670748	LEADING		0.035283	0.003536
16.000000	4.406401	4.228043	LEADING		0.001678	0.475494
16.000000	4.475978	3.654393	LEADING		0.215546	0.146227
16.000000	4.923521	3.883272	TRAILING	0.110057	0.034232
16.000000	4.568667	3.567478	TRAILING	0.019594	0.051817
16.000000	4.557459	3.827166	TRAILING	0.029844	0.295213
16.000000	4.403134	3.706342	LEADING		0.062892	0.240563
16.000000	4.180968	3.712883	LEADING		0.104571	0.253357
16.000000	4.640307	4.264604	LEADING		0.112576	0.280482
16.000000	4.274517	3.968838	LEADING		0.124404	0.612223
16.000000	4.081366	4.095818	LEADING		0.275483	0.374606
16.000000	4.035976	4.458163	TRAILING	0.167329	0.054729
16.000000	3.934947	3.988630	LEADING		0.174017	0.210619
16.000000	4.281234	3.985307	LEADING		0.098449	0.624143
16.000000	4.227707	4.115080	TRAILING	0.028271	0.545088
16.000000	4.227707	4.115080	LEADING		0.281040	0.545088
16.000000	4.378362	3.911275	TRAILING	0.295493	0.564207
16.000000	4.378362	3.911275	LEADING		0.249595	0.564207
16.000000	4.599833	3.959327	LEADING		0.250027	0.386435
16.000000	4.888483	3.782011	LEADING		0.168442	0.025652
16.000000	4.119551	3.938491	LEADING		0.010922	0.443626
16.000000	4.087209	4.344566	LEADING		0.202375	0.150344
16.000000	4.074950	4.208257	LEADING		0.071423	0.272293
16.000000	4.408421	4.263533	TRAILING	0.314180	0.418842
16.000000	3.827947	3.937390	LEADING		0.127884	0.108484
16.000000	4.634805	4.020789	LEADING		0.051052	0.373432
16.000000	4.215133	4.476043	LEADING		0.162998	0.093872
16.000000	4.235101	4.276868	TRAILING	0.228469	0.336885
16.000000	4.235101	4.276868	LEADING		0.044483	0.336885
16.000000	4.292754	4.020494	TRAILING	0.180552	0.638824
16.000000	4.677403	4.180304	TRAILING	0.350669	0.302692
16.000000	3.928846	3.909158	TRAILING	0.169655	0.195478
16.000000	4.510553	3.763942	TRAILING	0.104708	0.255690
16.000000	4.510553	3.763942	LEADING		0.156333	0.255690
16.000000	4.168852	3.986849	LEADING		0.110643	0.523101
16.000000	3.884605	4.176206	TRAILING	0.145047	0.112032
16.000000	4.250827	4.422052	TRAILING	0.058445	0.152464
16.000000	4.335786	4.146494	TRAILING	0.080900	0.583595
16.000000	4.363495	3.869332	TRAILING	0.318788	0.511545
16.000000	4.775556	3.669443	LEADING		0.238388	0.031445
16.000000	4.203318	4.001573	TRAILING	0.285305	0.565304
16.000000	4.203318	4.001573	LEADING		0.013309	0.565304
16.000000	4.281018	3.631110	LEADING		0.257003	0.168164
16.000000	4.194798	3.643861	TRAILING	0.308301	0.174909
16.000000	4.274477	4.249253	LEADING		0.073451	0.405688
16.000000	4.465230	3.963970	LEADING		0.186962	0.560853
16.000000	4.351158	4.107216	TRAILING	0.097777	0.625094
16.000000	3.902052	3.985740	LEADING		0.247505	0.174879
16.000000	4.460478	3.856499	TRAILING	0.342841	0.432632
16.000000	4.323235	4.273234	TRAILING	0.243228	0.390520
16.000000	4.521619	3.885386	TRAILING	0.211169	0.410400
16.000000	4.366904	4.311207	TRAILING	0.231299	0.338966
16.000000	4.428585	3.846187	TRAILING	0.183561	0.442209
16.000000	4.419616	3.777204	LEADING		0.082012	0.338768
16.000000	4.406696	4.226815	LEADING		0.147912	0.477353
16.000000	4.323311	4.057353	TRAILING	0.248207	0.646550
16.000000	3.976698	4.205600	LEADING		0.216360	0.173735
16.000000	4.270915	3.951432	TRAILING	0.354951	0.598689
16.000000	4.217044	4.249808	TRAILING	0.329591	0.363340
16.000000	4.945543	4.278047	TRAILING	0.194790	0.053505
16.000000	4.129734	3.946248	TRAILING	0.030337	0.460292
16.000000	4.653771	4.243362	TRAILING	0.250399	0.286416
16.000000	4.349921	4.072667	LEADING		0.082483	0.645912
16.000000	4.417234	4.262560	TRAILING	0.159729	0.419452
16.000000	4.845478	4.175984	TRAILING	0.229003	0.127064
16.000000	4.174022	4.027407	TRAILING	0.071957	0.530678
16.000000	4.760424	4.223646	LEADING		0.290866	0.191819
16.000000	4.152852	3.849346	TRAILING	0.288114	0.407736
16.000000	4.216703	3.894555	LEADING		0.083930	0.510996
16.000000	4.374382	4.400274	LEADING		0.229855	0.207130
16.000000	4.453156	3.927064	TRAILING	0.223834	0.534376
16.000000	4.453156	3.927064	LEADING		0.095609	0.534376
16.000000	4.865381	4.167190	TRAILING	0.298966	0.112108
16.000000	3.930304	4.042485	TRAILING	0.063566	0.198803
16.000000	4.803732	4.270704	TRAILING	0.105368	0.135797
16.000000	3.942802	4.020926	LEADING		0.235410	0.216969
16.000000	4.900829	4.246242	TRAILING	0.076434	0.079236
16.000000	4.623780	4.431198	TRAILING	0.044880	0.130557
16.000000	4.050281	4.023920	LEADING		0.101633	0.358907
16.000000	4.252003	3.916536	TRAILING	0.071861	0.557464
16.000000	4.146981	3.734305	TRAILING	0.307149	0.264647
16.000000	4.146981	3.734305	LEADING		0.166213	0.264647
16.000000	4.031712	4.352289	TRAILING	0.146422	0.111994
16.000000	4.324437	3.770089	LEADING		0.118225	0.361198
16.000000	3.834919	4.278999	TRAILING	0.058403	0.051187
16.000000	4.425388	4.235247	TRAILING	0.026319	0.461101
16.000000	4.425388	4.235247	LEADING		0.159024	0.461101
16.000000	4.237357	4.080062	TRAILING	0.252391	0.581358
16.000000	4.660504	4.075579	LEADING		0.208710	0.349279
16.000000	4.687369	3.947743	TRAILING	0.316235	0.256526
16.000000	4.606937	4.281168	LEADING		0.152689	0.292340
16.000000	4.246196	3.900410	TRAILING	0.145544	0.537067
16.000000	4.152548	4.007879	TRAILING	0.296098	0.504607
16.000000	4.195973	4.012058	LEADING		0.130251	0.557931
16.000000	3.988238	4.077121	TRAILING	0.273821	0.258014
16.000000	4.488598	4.141264	TRAILING	0.137130	0.543149
16.000000	4.465880	4.429912	TRAILING	0.300727	0.169871
16.000000	4.020967	3.986497	TRAILING	0.092106	0.320340
16.000000	4.343296	3.915890	TRAILING	0.172017	0.578791
16.000000	4.343296	3.915890	LEADING		0.254081	0.578791
16.000000	4.348664	3.965478	TRAILING	0.321313	0.626920
16.000000	4.348664	3.965478	LEADING		0.257478	0.626920
16.000000	4.402786	3.957308	LEADING		0.279879	0.602896
16.000000	4.040092	4.182315	LEADING		0.267527	0.256530
16.000000	4.202057	3.845012	LEADING		0.120664	0.441938
16.000000	4.128489	4.013030	TRAILING	0.347041	0.471998
16.000000	4.612979	4.045745	LEADING		0.198240	0.414170
16.000000	4.219406	4.234757	LEADING		0.181423	0.387275
16.000000	4.323108	4.629840	LEADING		0.179365	0.028931
16.000000	4.357817	4.056355	TRAILING	0.255467	0.651470
16.000000	3.899342	4.326031	TRAILING	0.358734	0.061699
16.000000	4.643425	3.948014	LEADING		0.013734	0.315882
16.000000	4.067731	4.150844	TRAILING	0.031800	0.315974
16.000000	3.850152	4.120524	LEADING		0.137105	0.104968
16.000000	3.980010	4.311797	LEADING		0.050131	0.108482
16.000000	4.302449	4.392744	TRAILING	0.168236	0.202811
16.000000	3.930841	3.883805	TRAILING	0.108456	0.190689
16.000000	4.787819	3.852173	TRAILING	0.102367	0.095883
16.000000	3.966639	3.437270	TRAILING	0.054869	0.020804
16.000000	4.623444	4.280112	TRAILING	0.011595	0.279956
16.000000	4.454183	4.202300	TRAILING	0.155442	0.498833
16.000000	4.199884	3.767370	TRAILING	0.274333	0.334749
16.000000	4.248290	4.065871	TRAILING	0.185574	0.598976
16.000000	4.248290	4.065871	LEADING		0.052014	0.598976
16.000000	4.574009	3.887475	TRAILING	0.326471	0.349623
16.000000	3.963718	4.058164	LEADING		0.272504	0.233958
16.000000	4.166409	4.031602	TRAILING	0.197692	0.520310
16.000000	4.156672	3.519641	TRAILING	0.282203	0.068453
16.000000	4.191963	4.277104	TRAILING	0.038497	0.304059
16.000000	4.330602	3.947393	TRAILING	0.162256	0.612340
16.000000	4.155032	3.714108	TRAILING	0.338878	0.244074
16.000000	4.332979	4.208772	LEADING		0.109716	0.497854
16.000000	4.362946	4.247749	TRAILING	0.135326	0.443062
16.000000	4.560520	4.088849	TRAILING	0.240923	0.490111
16.000000	4.383673	3.806858	TRAILING	0.273743	0.404909
16.000000	4.630145	4.285309	LEADING		0.227150	0.269153
16.000000	4.533542	4.079394	TRAILING	0.227096	0.525974
16.000000	4.404927	3.963183	TRAILING	0.293340	0.606879
16.000000	4.197368	3.650663	LEADING		0.119672	0.182920
16.000000	4.312787	4.253882	TRAILING	0.337515	0.418189
16.000000	4.495997	4.324075	TRAILING	0.226222	0.303262
16.000000	4.474403	3.917363	TRAILING	0.166091	0.502433
16.000000	4.474403	3.917363	LEADING		0.080693	0.502433
16.000000	4.412419	4.219453	LEADING		0.220733	0.487721
16.000000	4.790558	4.294858	LEADING		0.220789	0.134864
16.000000	4.484929	3.930516	TRAILING	0.281699	0.506782
16.000000	4.118770	4.450690	LEADING		0.059100	0.083454
16.000000	4.340991	3.921011	TRAILING	0.284126	0.584993
16.000000	4.340991	3.921011	LEADING		0.039913	0.584993
16.000000	3.990094	4.079433	LEADING		0.260408	0.259450
16.000000	4.572181	4.440479	LEADING		0.121558	0.138168
16.000000	4.424738	4.043027	TRAILING	0.324586	0.631660
16.000000	4.424738	4.043027	LEADING		0.062526	0.631660
16.000000	4.041788	4.088213	TRAILING	0.350065	0.323998
16.000000	4.346373	4.328763	LEADING		0.281594	0.306941
16.000000	4.173732	4.051019	TRAILING	0.172937	0.524238
16.000000	4.297454	4.115093	TRAILING	0.284116	0.600128
16.000000	3.833836	3.873181	TRAILING	0.327406	0.105515
16.000000	4.535327	3.869453	TRAILING	0.056185	0.374070
16.000000	4.535989	3.963609	LEADING		0.141267	0.478312
16.000000	4.705149	4.470846	TRAILING	0.211212	0.077840
16.000000	4.292520	4.046869	TRAILING	0.043061	0.636746
16.000000	4.292520	4.046869	LEADING		0.209703	0.636746
16.000000	3.882315	4.001849	LEADING		0.287861	0.154479
16.000000	3.812079	3.437168	TRAILING	0.348885	0.009809
16.000000	4.356319	4.156528	TRAILING	0.005397	0.576036
16.000000	4.170796	4.132064	LEADING		0.072707	0.464980
16.000000	4.863967	3.960491	TRAILING	0.315021	0.084139
16.000000	4.445183	4.033178	LEADING		0.214569	0.616398
16.000000	4.706701	4.288923	LEADING		0.274018	0.202512
16.000000	4.393289	3.996454	TRAILING	0.048041	0.635218
16.000000	3.751810	3.612317	TRAILING	0.352195	0.023220
16.000000	4.496375	3.945103	LEADING		0.089389	0.509698
16.000000	3.950182	3.922619	LEADING		0.223952	0.221828
16.000000	4.295865	4.168620	TRAILING	0.012533	0.538765
16.000000	4.416262	4.110301	LEADING		0.102897	0.613217
16.000000	3.983791	4.078425	TRAILING	0.292776	0.251891
16.000000	4.660339	3.963991	LEADING		0.275072	0.304163
16.000000	4.202994	3.894034	LEADING		0.131991	0.499641


 Average Unbinding Prob: 0.078659