#********mc_data: L-24.0, k_b-3000000000.0, dt-1e-12, N-300.0********


#init L		 init nma	 init fma	 state		 unbinding prob 		 cumulative unbinding prob
24.000000	4.418446	3.988480	LEADING		0.111806	0.263353
24.000000	4.682437	3.310657	LEADING		0.000764	0.001968
24.000000	4.620713	4.636245	TRAILING	0.002741	0.004847
24.000000	4.577663	4.117191	TRAILING	0.102654	0.177229
24.000000	4.357445	4.030669	TRAILING	0.149658	0.262159
24.000000	4.485779	3.628795	LEADING		0.032072	0.078501
24.000000	4.132845	3.964493	TRAILING	0.106045	0.188793
24.000000	4.491724	3.757005	LEADING		0.061600	0.149179
24.000000	4.190025	3.792223	LEADING		0.074693	0.174194
24.000000	4.291771	3.775866	TRAILING	0.108651	0.188351
24.000000	4.312235	4.346146	TRAILING	0.043808	0.078631
24.000000	4.003556	3.967386	TRAILING	0.062624	0.112859
24.000000	4.498788	4.272299	LEADING		0.051595	0.120021
24.000000	4.009935	4.129859	LEADING		0.038771	0.085921
24.000000	3.794128	3.809081	LEADING		0.012645	0.028137
24.000000	4.743163	4.006939	TRAILING	0.061785	0.104644
24.000000	4.088384	4.034108	LEADING		0.067705	0.152728
24.000000	4.141333	4.044414	LEADING		0.079668	0.180687
24.000000	4.073767	4.025983	LEADING		0.064747	0.145905
24.000000	4.406092	3.902456	TRAILING	0.145043	0.251004
24.000000	4.370910	3.976551	TRAILING	0.154016	0.268567
24.000000	4.551926	3.866449	TRAILING	0.106811	0.182243
24.000000	4.381494	3.741686	LEADING		0.068794	0.164760
24.000000	4.107796	4.207704	LEADING		0.044358	0.098789
24.000000	4.230254	3.763872	LEADING		0.072640	0.170632
24.000000	4.735241	4.015050	LEADING		0.044702	0.108988
24.000000	4.521870	3.609798	TRAILING	0.037480	0.063125
24.000000	4.211312	3.729255	LEADING		0.062253	0.146368
24.000000	3.546660	3.937279	TRAILING	0.001542	0.002894
24.000000	4.528161	3.931586	LEADING		0.090384	0.216638
24.000000	4.638544	3.918199	TRAILING	0.089435	0.151999
24.000000	4.908924	3.749312	TRAILING	0.010445	0.017289
24.000000	4.880605	3.644672	TRAILING	0.006868	0.011326
24.000000	4.591435	3.979503	TRAILING	0.111103	0.190164
24.000000	4.380105	3.696118	TRAILING	0.078702	0.134744
24.000000	4.931558	3.975671	TRAILING	0.018728	0.031266
24.000000	4.091755	3.804847	TRAILING	0.078521	0.138780
24.000000	4.248140	4.173057	LEADING		0.074737	0.169836
24.000000	4.761575	3.926664	LEADING		0.035553	0.087471
24.000000	4.101420	4.245527	TRAILING	0.044225	0.080533
24.000000	4.561209	3.857225	LEADING		0.071732	0.173614
24.000000	4.848249	3.962938	TRAILING	0.032934	0.055247
24.000000	4.214761	4.057847	TRAILING	0.120660	0.214529
24.000000	4.315580	4.191629	TRAILING	0.098486	0.174955
24.000000	4.196503	4.113648	LEADING		0.080384	0.182436
24.000000	4.815965	4.513150	LEADING		0.003418	0.008155
24.000000	4.171093	3.772918	TRAILING	0.090336	0.158204
24.000000	4.739685	3.969905	LEADING		0.042515	0.104037
24.000000	4.045172	3.892085	TRAILING	0.075246	0.134367
24.000000	4.023001	3.923103	TRAILING	0.069278	0.124234
24.000000	4.107157	3.741151	TRAILING	0.068724	0.120766
24.000000	4.197955	3.855852	TRAILING	0.116480	0.204648
24.000000	4.400729	4.161290	TRAILING	0.114573	0.201512
24.000000	4.400729	4.161290	LEADING		0.086939	0.201512
24.000000	4.171400	4.027208	LEADING		0.088553	0.201860
24.000000	4.315877	4.098084	TRAILING	0.130954	0.231246
24.000000	4.315877	4.098084	LEADING		0.100292	0.231246
24.000000	4.604001	4.190189	TRAILING	0.078640	0.135985
24.000000	4.232883	4.005965	TRAILING	0.133680	0.236468
24.000000	4.351869	4.470617	LEADING		0.014239	0.031988
24.000000	4.214002	3.598467	TRAILING	0.044398	0.076558
24.000000	4.364650	4.039656	LEADING		0.111603	0.260100
24.000000	4.059718	3.809727	TRAILING	0.070642	0.125255
24.000000	4.537067	4.013503	TRAILING	0.127758	0.220076
24.000000	4.470195	3.772937	TRAILING	0.097082	0.165808
24.000000	4.091986	4.213044	TRAILING	0.049814	0.090586
24.000000	4.404947	3.852827	TRAILING	0.133076	0.229616
24.000000	4.561719	4.284732	TRAILING	0.058130	0.101423
24.000000	5.019828	4.104823	TRAILING	0.009642	0.016086
24.000000	4.297671	4.255204	TRAILING	0.072621	0.129763
24.000000	4.707943	4.159868	LEADING		0.042994	0.103459
24.000000	4.385693	3.995484	LEADING		0.113991	0.267305
24.000000	4.591772	3.697154	TRAILING	0.049862	0.083991
24.000000	4.210777	3.571850	TRAILING	0.037483	0.064534
24.000000	4.421443	3.673210	TRAILING	0.067240	0.114574
24.000000	4.824610	4.172186	TRAILING	0.033270	0.056419
24.000000	4.140415	3.529641	LEADING		0.018177	0.043190
24.000000	4.160450	3.883642	TRAILING	0.110915	0.195889
24.000000	4.218727	4.350061	LEADING		0.028708	0.064032
24.000000	4.091608	4.015322	TRAILING	0.088354	0.158456
24.000000	4.481556	3.686134	TRAILING	0.064730	0.109869
24.000000	4.261645	4.327821	LEADING		0.036248	0.081446
24.000000	4.257064	4.148313	LEADING		0.082279	0.187569
24.000000	4.304617	4.431212	TRAILING	0.023234	0.041972
24.000000	4.631632	4.428843	TRAILING	0.019596	0.034222
24.000000	4.311453	3.827455	LEADING		0.093553	0.220592
24.000000	4.054692	3.820432	LEADING		0.054912	0.125746
24.000000	4.824540	3.889713	TRAILING	0.033215	0.055619
24.000000	4.173671	3.675174	TRAILING	0.062412	0.108553
24.000000	4.290964	4.104046	TRAILING	0.125606	0.222404
24.000000	4.381399	4.421111	TRAILING	0.027337	0.048955
24.000000	4.085533	3.875198	TRAILING	0.086800	0.154249
24.000000	4.352382	4.168499	LEADING		0.084828	0.195335
24.000000	4.120555	4.023718	TRAILING	0.097156	0.173870
24.000000	4.106390	4.374203	LEADING		0.016941	0.037176
24.000000	4.141279	4.177163	LEADING		0.056380	0.126411
24.000000	4.219316	4.154802	TRAILING	0.095250	0.170374
24.000000	4.484208	4.114264	LEADING		0.091120	0.214167
24.000000	4.795427	3.995106	TRAILING	0.046693	0.078734
24.000000	4.296418	3.870936	TRAILING	0.137410	0.239579
24.000000	4.648923	3.847950	TRAILING	0.073627	0.124560
24.000000	4.540870	3.934934	LEADING		0.087926	0.210998
24.000000	4.456212	3.999351	LEADING		0.107310	0.253674
24.000000	4.244162	4.122171	TRAILING	0.111096	0.197816
24.000000	4.323708	3.585175	TRAILING	0.043428	0.074152
24.000000	4.182710	3.940044	TRAILING	0.122065	0.215967
24.000000	4.182710	3.940044	LEADING		0.093902	0.215967
24.000000	4.723280	3.684785	LEADING		0.017068	0.042616
24.000000	4.222916	4.003483	TRAILING	0.131345	0.232512
24.000000	4.388503	4.029048	TRAILING	0.150168	0.262293
24.000000	4.575056	4.190721	TRAILING	0.084403	0.146333
24.000000	4.508259	4.193757	TRAILING	0.094662	0.165152
24.000000	4.341445	3.740779	TRAILING	0.097099	0.167245
24.000000	4.550716	4.369308	TRAILING	0.035992	0.063158
24.000000	4.293514	4.109510	LEADING		0.095864	0.220225
24.000000	4.371279	3.502490	TRAILING	0.023296	0.039411
24.000000	4.801567	4.033848	LEADING		0.031359	0.076911
24.000000	4.642894	4.142980	TRAILING	0.080235	0.137930
24.000000	4.076475	3.637554	LEADING		0.030087	0.070243
24.000000	3.828208	4.110010	TRAILING	0.015641	0.028970
24.000000	3.895618	4.148926	TRAILING	0.022188	0.040946
24.000000	4.533492	3.871386	TRAILING	0.113165	0.193424
24.000000	4.533492	3.871386	LEADING		0.080259	0.193424
24.000000	4.349270	3.994580	LEADING		0.114599	0.267587
24.000000	4.332711	4.305382	TRAILING	0.057840	0.103328
24.000000	4.401878	4.011134	TRAILING	0.151612	0.264211
24.000000	4.494072	3.866859	TRAILING	0.122017	0.209165
24.000000	4.378560	3.820118	LEADING		0.090613	0.215465
24.000000	4.317827	3.798866	TRAILING	0.118069	0.204528
24.000000	4.317317	4.132650	TRAILING	0.120169	0.212638
24.000000	3.981136	3.819004	TRAILING	0.050864	0.090887
24.000000	4.550524	3.554879	TRAILING	0.023321	0.039063
24.000000	4.034871	3.683370	LEADING		0.032533	0.075268
24.000000	4.191018	3.722319	LEADING		0.058648	0.137657
24.000000	4.079841	4.046573	TRAILING	0.080494	0.144837
24.000000	4.847358	3.796361	TRAILING	0.020734	0.034516
24.000000	4.378673	4.312664	LEADING		0.044709	0.102097
24.000000	4.255843	4.172013	TRAILING	0.096896	0.172904
24.000000	3.932905	3.528492	TRAILING	0.011742	0.020632
24.000000	4.712122	3.719188	TRAILING	0.032783	0.054827
24.000000	4.489919	4.238212	TRAILING	0.081151	0.142182
24.000000	4.380589	4.033298	TRAILING	0.149680	0.261693
24.000000	4.268021	3.803335	TRAILING	0.115608	0.201177
24.000000	4.046622	4.021368	TRAILING	0.072723	0.131032
24.000000	4.046622	4.021368	LEADING		0.058310	0.131032
24.000000	4.199570	4.182569	LEADING		0.065183	0.147126
24.000000	4.204941	4.057263	TRAILING	0.118078	0.210123
24.000000	5.168276	3.901932	TRAILING	0.001673	0.002758
24.000000	4.687854	3.682282	TRAILING	0.030341	0.050721
24.000000	4.451174	3.932352	TRAILING	0.143956	0.248619
24.000000	4.075053	3.868921	LEADING		0.064471	0.147341
24.000000	4.149423	4.067748	LEADING		0.078505	0.177863
24.000000	4.223931	4.112970	TRAILING	0.109195	0.194687
24.000000	4.604812	3.967041	TRAILING	0.105983	0.181080
24.000000	4.292056	3.530941	TRAILING	0.030008	0.051181
24.000000	4.893400	4.394149	TRAILING	0.007949	0.013523
24.000000	4.598864	3.927655	TRAILING	0.103923	0.177264
24.000000	4.190754	4.156847	LEADING		0.069827	0.157782
24.000000	4.217140	3.586769	TRAILING	0.041513	0.071508
24.000000	4.152775	4.023644	TRAILING	0.107845	0.192417
24.000000	4.089115	3.799335	TRAILING	0.076800	0.135719
24.000000	4.054323	3.853182	LEADING		0.058323	0.133158
24.000000	4.338449	4.159646	LEADING		0.086705	0.199457
24.000000	3.937862	4.081870	LEADING		0.030029	0.066269
24.000000	4.885399	4.244978	TRAILING	0.018381	0.031113
24.000000	4.128575	4.291164	LEADING		0.031478	0.069774
24.000000	5.127519	4.596531	TRAILING	0.000242	0.000405
24.000000	5.014400	4.573574	TRAILING	0.000769	0.001301
24.000000	4.152252	4.439800	TRAILING	0.014489	0.026620
24.000000	4.313502	3.997763	TRAILING	0.149787	0.262884
24.000000	4.313502	3.997763	LEADING		0.113096	0.262884
24.000000	3.792528	3.398524	TRAILING	0.001960	0.003451
24.000000	4.838995	3.695807	LEADING		0.008618	0.021731
24.000000	4.049897	3.664479	TRAILING	0.041659	0.073178
24.000000	3.868859	3.957433	TRAILING	0.028521	0.052015
24.000000	4.819524	3.962558	TRAILING	0.039373	0.066178
24.000000	4.273522	3.777424	TRAILING	0.107685	0.186984
24.000000	4.508722	4.037227	LEADING		0.097113	0.230307
24.000000	3.872373	3.625774	LEADING		0.011355	0.025929
24.000000	4.671787	4.687120	TRAILING	0.001289	0.002273
24.000000	4.302910	3.812718	LEADING		0.089695	0.211559
24.000000	4.415605	4.231387	LEADING		0.066978	0.154668
24.000000	4.716923	3.974634	TRAILING	0.068877	0.116700
24.000000	4.021625	4.291791	LEADING		0.019750	0.043206
24.000000	4.095908	3.734890	LEADING		0.049216	0.114126
24.000000	4.374168	3.736088	TRAILING	0.094244	0.161842
24.000000	4.524391	3.956196	LEADING		0.093475	0.223510
24.000000	4.687116	4.243547	TRAILING	0.049350	0.084938
24.000000	4.394947	3.780605	TRAILING	0.109723	0.188631
24.000000	4.539324	3.960858	TRAILING	0.126199	0.216705
24.000000	4.740357	3.957768	TRAILING	0.060567	0.102356
24.000000	4.675155	3.889538	TRAILING	0.073233	0.123927
24.000000	4.675155	3.889538	LEADING		0.050694	0.123927
24.000000	3.705102	4.184028	LEADING		0.003521	0.007497
24.000000	4.413845	4.511575	TRAILING	0.012721	0.022836
24.000000	4.225137	3.654282	LEADING		0.044771	0.106161
24.000000	4.851988	4.044633	TRAILING	0.033732	0.056774
24.000000	4.303936	4.111868	TRAILING	0.125197	0.221521
24.000000	4.152221	3.705634	TRAILING	0.068009	0.118753
24.000000	4.187232	4.168866	LEADING		0.066416	0.149856
24.000000	4.115533	3.856846	LEADING		0.072287	0.166163
24.000000	4.547333	3.897219	LEADING		0.081593	0.196537
24.000000	4.546629	4.058442	TRAILING	0.121189	0.209116
24.000000	4.417583	4.033432	TRAILING	0.148113	0.258102
24.000000	4.360442	3.897316	TRAILING	0.146290	0.254075
24.000000	4.745902	3.756086	LEADING		0.021994	0.054723
24.000000	5.015877	4.101478	LEADING		0.006679	0.016668
24.000000	4.143101	3.700644	TRAILING	0.065151	0.113812
24.000000	4.520833	4.006567	LEADING		0.095859	0.228206
24.000000	4.990372	4.075545	TRAILING	0.012472	0.020825
24.000000	4.382509	3.765474	TRAILING	0.104972	0.180477
24.000000	3.899796	4.319302	TRAILING	0.009269	0.017326
24.000000	4.353262	4.009782	LEADING		0.114026	0.266038
24.000000	4.374792	4.076891	TRAILING	0.140988	0.247287
24.000000	4.539330	4.653313	TRAILING	0.002628	0.004694
24.000000	4.487603	4.401950	TRAILING	0.031076	0.054981
24.000000	4.102847	3.800892	TRAILING	0.080722	0.142491
24.000000	4.074833	4.078210	LEADING		0.059436	0.133343
24.000000	4.231721	3.993490	TRAILING	0.134531	0.237803
24.000000	4.418668	4.007057	LEADING		0.111477	0.262188
24.000000	4.210007	4.115959	LEADING		0.082409	0.187300
24.000000	4.873152	3.826904	TRAILING	0.019559	0.032558
24.000000	4.493880	4.072582	TRAILING	0.131062	0.227375
24.000000	4.579947	3.857831	TRAILING	0.096552	0.164297
24.000000	4.529532	3.618038	LEADING		0.026441	0.065091
24.000000	4.830553	4.262150	TRAILING	0.023626	0.040197
24.000000	4.002332	3.999020	TRAILING	0.060604	0.109479
24.000000	4.548966	3.892821	TRAILING	0.113580	0.194131
24.000000	4.548966	3.892821	LEADING		0.080551	0.194131
24.000000	4.586519	3.912758	TRAILING	0.105700	0.180324
24.000000	4.170624	4.352459	LEADING		0.024742	0.054840
24.000000	4.226852	4.097397	TRAILING	0.114276	0.203481
24.000000	4.361277	4.295487	LEADING		0.048947	0.111682
24.000000	4.068507	4.121345	TRAILING	0.064043	0.115969
24.000000	4.322377	4.159324	LEADING		0.085897	0.197214
24.000000	4.331488	4.151697	TRAILING	0.115017	0.203495
24.000000	3.931035	3.814093	TRAILING	0.038622	0.069301
24.000000	4.310378	4.529872	TRAILING	0.009721	0.017670
24.000000	4.413146	3.902179	LEADING		0.105257	0.249547
24.000000	3.932767	3.667135	LEADING		0.019249	0.044085
24.000000	4.094385	4.135169	TRAILING	0.068313	0.123513
24.000000	4.312661	4.033107	LEADING		0.110454	0.255958
24.000000	4.313410	4.057968	TRAILING	0.140896	0.248226
24.000000	4.438143	4.075241	TRAILING	0.138730	0.241911
24.000000	4.438143	4.075241	LEADING		0.103181	0.241911
24.000000	4.242631	4.004520	LEADING		0.104516	0.240753
24.000000	3.986336	4.144193	TRAILING	0.039540	0.072295
24.000000	3.719243	3.927134	LEADING		0.007581	0.016550
24.000000	4.062705	4.277824	TRAILING	0.031276	0.057311
24.000000	4.523536	3.746690	TRAILING	0.077909	0.132297
24.000000	4.201682	3.853136	LEADING		0.088324	0.205150
24.000000	4.615181	3.309333	TRAILING	0.001717	0.002818
24.000000	4.653016	3.867313	LEADING		0.052840	0.129086
24.000000	4.677674	3.535833	TRAILING	0.011560	0.019175
24.000000	4.285275	3.853934	LEADING		0.098196	0.230303
24.000000	4.148927	3.547204	TRAILING	0.028711	0.049600
24.000000	4.165385	4.170140	TRAILING	0.077850	0.140126
24.000000	4.180598	4.028477	TRAILING	0.115979	0.206460
24.000000	3.867216	3.317803	TRAILING	0.001494	0.002599
24.000000	3.784177	4.179363	LEADING		0.007243	0.015565
24.000000	4.802380	4.222888	LEADING		0.022522	0.054579
24.000000	4.343590	4.218938	TRAILING	0.090488	0.160590
24.000000	4.479853	4.401183	LEADING		0.024235	0.055686
24.000000	3.812713	4.153113	LEADING		0.010163	0.021964
24.000000	3.506908	3.670748	LEADING		0.000611	0.001335
24.000000	4.923521	3.883272	TRAILING	0.016282	0.027092
24.000000	4.557459	3.827166	TRAILING	0.094941	0.161556
24.000000	4.403134	3.706342	LEADING		0.057448	0.138357
24.000000	4.180968	3.712883	LEADING		0.055419	0.130040
24.000000	4.274517	3.968838	LEADING		0.109968	0.255052
24.000000	4.281234	3.985307	LEADING		0.110620	0.256409
24.000000	4.227707	4.115080	TRAILING	0.109485	0.195161
24.000000	4.227707	4.115080	LEADING		0.085677	0.195161
24.000000	4.378362	3.911275	TRAILING	0.148427	0.257611
24.000000	4.378362	3.911275	LEADING		0.109184	0.257611
24.000000	4.888483	3.782011	LEADING		0.009515	0.023940
24.000000	3.827947	3.937390	LEADING		0.017868	0.039446
24.000000	4.677403	4.180304	TRAILING	0.064264	0.110355
24.000000	3.928846	3.909158	TRAILING	0.042162	0.076194
24.000000	4.510553	3.763942	LEADING		0.060547	0.146852
24.000000	3.884605	4.176206	TRAILING	0.018384	0.034034
24.000000	4.163778	3.948633	TRAILING	0.116378	0.206379
24.000000	4.363495	3.869332	TRAILING	0.139994	0.242651
24.000000	4.775556	3.669443	LEADING		0.011311	0.028418
24.000000	4.203318	4.001573	TRAILING	0.126092	0.223587
24.000000	4.194798	3.643861	TRAILING	0.055623	0.096366
24.000000	4.465230	3.963970	LEADING		0.105158	0.249563
24.000000	4.460478	3.856499	TRAILING	0.126225	0.216841
24.000000	4.366904	4.311207	TRAILING	0.057520	0.102442
24.000000	4.406696	4.226815	LEADING		0.068479	0.158015
24.000000	4.323311	4.057353	TRAILING	0.142210	0.250305
24.000000	4.217044	4.249808	TRAILING	0.063528	0.114387
24.000000	3.852199	3.937689	TRAILING	0.025682	0.046843
24.000000	4.349921	4.072667	LEADING		0.106820	0.247837
24.000000	4.417234	4.262560	TRAILING	0.075783	0.133897
24.000000	4.152852	3.849346	TRAILING	0.103495	0.182484
24.000000	4.865381	4.167190	TRAILING	0.026533	0.044844
24.000000	3.942802	4.020926	LEADING		0.034813	0.077291
24.000000	4.900829	4.246242	TRAILING	0.016593	0.028054
24.000000	4.237357	4.080062	TRAILING	0.121350	0.215615
24.000000	4.488598	4.141264	TRAILING	0.114558	0.199622
24.000000	4.348664	3.965478	LEADING		0.114511	0.268013
24.000000	4.402786	3.957308	LEADING		0.112204	0.264480
24.000000	4.040092	4.182315	LEADING		0.037135	0.082211
24.000000	4.202057	3.845012	LEADING		0.086981	0.202183
24.000000	4.493171	4.255796	TRAILING	0.074624	0.130838
24.000000	3.899342	4.326031	TRAILING	0.008827	0.016509
24.000000	4.643425	3.948014	LEADING		0.064087	0.155429
24.000000	4.787819	3.852173	TRAILING	0.037371	0.062619
24.000000	4.454183	4.202300	TRAILING	0.097196	0.170512
24.000000	4.199884	3.767370	TRAILING	0.094245	0.164575
24.000000	4.574009	3.887475	TRAILING	0.104965	0.178994
24.000000	4.166409	4.031602	TRAILING	0.111088	0.198057
24.000000	4.156672	3.519641	TRAILING	0.024105	0.041537
24.000000	4.330602	3.947393	TRAILING	0.151764	0.265100
24.000000	4.332979	4.208772	LEADING		0.072579	0.166180
24.000000	4.560520	4.088849	TRAILING	0.112715	0.194587
24.000000	4.383673	3.806858	TRAILING	0.120018	0.206863
24.000000	4.533542	4.079394	TRAILING	0.121195	0.209608
24.000000	4.404927	3.963183	TRAILING	0.152411	0.264760
24.000000	4.197368	3.650663	LEADING		0.042403	0.100258
24.000000	4.474403	3.917363	TRAILING	0.137307	0.236462
24.000000	4.474403	3.917363	LEADING		0.099155	0.236462
24.000000	4.484929	3.930516	TRAILING	0.137039	0.235974
24.000000	4.118770	4.450690	LEADING		0.009791	0.021373
24.000000	4.340991	3.921011	TRAILING	0.149799	0.260996
24.000000	4.399978	3.812364	LEADING		0.087099	0.207760
24.000000	3.990094	4.079433	LEADING		0.040286	0.089469
24.000000	4.152124	4.309938	LEADING		0.030570	0.067851
24.000000	4.346373	4.328763	LEADING		0.040057	0.090977
24.000000	4.090191	3.892682	TRAILING	0.089837	0.159772
24.000000	4.292520	4.046869	TRAILING	0.140117	0.247155
24.000000	4.863967	3.960491	TRAILING	0.029617	0.049627
24.000000	4.393289	3.996454	TRAILING	0.153004	0.266602
24.000000	3.983791	4.078425	TRAILING	0.047656	0.086738
24.000000	4.202994	3.894034	LEADING		0.094358	0.218412
24.000000	4.303380	3.881959	LEADING		0.104491	0.244990
24.000000	4.638969	4.019864	LEADING		0.067794	0.163455
24.000000	4.768719	3.632981	TRAILING	0.014083	0.023356
24.000000	4.393427	4.245273	TRAILING	0.082325	0.145639
24.000000	4.462099	3.834217	LEADING		0.085344	0.204644
24.000000	3.937944	4.215856	TRAILING	0.021860	0.040376
24.000000	4.613519	4.040848	TRAILING	0.103090	0.176713
24.000000	4.466226	4.270685	TRAILING	0.071206	0.125277
24.000000	4.089285	4.111384	LEADING		0.058006	0.129981
24.000000	4.419578	4.252566	TRAILING	0.079526	0.140394
24.000000	4.166888	4.057753	TRAILING	0.106743	0.190639
24.000000	4.265202	4.243380	TRAILING	0.072921	0.130618
24.000000	4.317519	3.731984	TRAILING	0.093676	0.161578
24.000000	4.799825	3.857059	TRAILING	0.035305	0.059124
24.000000	4.459906	4.166402	TRAILING	0.109709	0.191956
24.000000	4.540354	4.012594	TRAILING	0.126883	0.218497
24.000000	4.353700	3.734773	LEADING		0.068090	0.162658
24.000000	4.492604	3.653572	TRAILING	0.052896	0.089528
24.000000	4.643292	3.903547	TRAILING	0.085682	0.145453
24.000000	4.446569	4.141631	TRAILING	0.119307	0.208701
24.000000	4.752015	4.034465	LEADING		0.041108	0.100277
24.000000	4.350528	4.202666	TRAILING	0.097289	0.172369
24.000000	4.262272	4.211202	TRAILING	0.084000	0.150186
24.000000	4.450829	4.050298	TRAILING	0.142066	0.247084
24.000000	4.318623	4.189659	LEADING		0.077233	0.176797
24.000000	4.203108	4.269296	LEADING		0.044557	0.099875
24.000000	4.872717	4.504033	TRAILING	0.003796	0.006497
24.000000	4.313712	3.727623	TRAILING	0.091961	0.158625
24.000000	4.313712	3.727623	LEADING		0.066664	0.158625
24.000000	4.397349	3.905245	LEADING		0.107114	0.253417
24.000000	4.365111	4.230773	TRAILING	0.087128	0.154421
24.000000	4.365111	4.230773	LEADING		0.067293	0.154421
24.000000	3.939717	4.051949	LEADING		0.032443	0.071803
24.000000	4.509368	3.942123	LEADING		0.095437	0.228060
24.000000	4.356762	4.106303	TRAILING	0.132189	0.232661
24.000000	4.215071	3.757568	TRAILING	0.093730	0.163355
24.000000	4.014492	4.077693	TRAILING	0.056060	0.101727
24.000000	4.076856	3.735877	TRAILING	0.061104	0.107621
24.000000	4.348804	3.920168	TRAILING	0.149946	0.261059
24.000000	3.986626	4.120347	LEADING		0.035443	0.078396
24.000000	4.001535	3.885625	TRAILING	0.061439	0.110101
24.000000	4.450154	3.898913	TRAILING	0.138486	0.238714
24.000000	4.266945	4.335190	TRAILING	0.043585	0.078536
24.000000	3.823244	3.588665	LEADING		0.006895	0.015714
24.000000	4.861895	4.110829	LEADING		0.020705	0.050860
24.000000	4.346296	4.038791	LEADING		0.111491	0.259283
24.000000	3.902467	4.175065	LEADING		0.017718	0.038616
24.000000	4.288486	3.808005	LEADING		0.087935	0.207146
24.000000	4.490238	3.532002	TRAILING	0.023536	0.039538
24.000000	4.305198	3.811489	TRAILING	0.121620	0.211078
24.000000	4.252627	4.007354	LEADING		0.105897	0.244167
24.000000	3.709276	3.623690	TRAILING	0.004442	0.008017
24.000000	4.276717	3.880171	TRAILING	0.136887	0.239221
24.000000	4.531892	3.979317	TRAILING	0.129330	0.222452
24.000000	4.531892	3.979317	LEADING		0.093121	0.222452
24.000000	4.225696	3.993424	TRAILING	0.132981	0.235192
24.000000	4.591628	4.436179	TRAILING	0.020420	0.035818
24.000000	4.562505	3.501640	LEADING		0.009789	0.024443
24.000000	4.548803	4.501366	LEADING		0.009784	0.022519
24.000000	4.845979	3.862626	TRAILING	0.026748	0.044673
24.000000	3.875689	3.760859	TRAILING	0.024617	0.044221
24.000000	4.551504	3.796194	LEADING		0.061139	0.148558
24.000000	4.707553	4.308600	TRAILING	0.033507	0.057746
24.000000	4.371237	4.149267	TRAILING	0.118527	0.208890
24.000000	4.305607	4.085154	TRAILING	0.133215	0.235270
24.000000	4.305607	4.085154	LEADING		0.102055	0.235270
24.000000	4.287589	4.026883	LEADING		0.108820	0.251544
24.000000	4.641388	4.087288	TRAILING	0.089757	0.153876
24.000000	4.346789	3.916027	LEADING		0.110621	0.259930
24.000000	4.423514	3.672455	LEADING		0.046990	0.113775
24.000000	4.767034	4.166623	TRAILING	0.045594	0.077658
24.000000	4.060112	3.667498	TRAILING	0.043835	0.076948
24.000000	4.060112	3.667498	LEADING		0.033114	0.076948
24.000000	4.129878	3.362423	TRAILING	0.006143	0.010491
24.000000	4.411277	3.739121	TRAILING	0.092577	0.158531
24.000000	4.341169	4.421560	TRAILING	0.026354	0.047395
24.000000	3.900232	3.542096	TRAILING	0.010778	0.019011
24.000000	4.094077	3.452346	LEADING		0.009056	0.021567
24.000000	4.076394	3.950931	LEADING		0.068588	0.155636
24.000000	4.183045	3.893543	TRAILING	0.118623	0.209217
24.000000	4.021324	3.360686	TRAILING	0.004498	0.007749
24.000000	4.048221	4.241041	TRAILING	0.035671	0.065283
24.000000	4.461496	3.893238	LEADING		0.097580	0.232821
24.000000	4.339515	3.999712	LEADING		0.114244	0.266334
24.000000	4.878558	3.826971	TRAILING	0.018813	0.031306
24.000000	4.065894	4.057856	TRAILING	0.074358	0.134079
24.000000	4.161558	3.960615	LEADING		0.089609	0.205210
24.000000	4.277203	4.039848	TRAILING	0.138720	0.244925
24.000000	4.586078	3.973223	LEADING		0.080105	0.192650
24.000000	3.918616	4.237026	TRAILING	0.017303	0.032073
24.000000	3.927244	3.724846	TRAILING	0.030015	0.053529
24.000000	4.626140	4.442556	TRAILING	0.017864	0.031236
24.000000	4.222495	4.017321	TRAILING	0.129633	0.229700
24.000000	4.347568	4.110077	TRAILING	0.130446	0.229844
24.000000	4.261866	3.766555	LEADING		0.075754	0.178557
24.000000	3.925273	3.765167	LEADING		0.026418	0.059904
24.000000	4.334707	4.285900	LEADING		0.050724	0.115435
24.000000	4.214874	4.085171	TRAILING	0.114427	0.203815
24.000000	4.150604	3.765897	TRAILING	0.084165	0.147590
24.000000	4.840693	4.134991	LEADING		0.022780	0.055746
24.000000	4.235522	3.809728	TRAILING	0.112912	0.197121
24.000000	4.823093	4.005708	LEADING		0.027346	0.067345
24.000000	4.504905	4.138760	TRAILING	0.112756	0.196165
24.000000	3.977467	4.368392	LEADING		0.009386	0.020283
24.000000	4.434567	4.120254	TRAILING	0.127063	0.222232
24.000000	4.434567	4.120254	LEADING		0.095169	0.222232
24.000000	4.116030	3.869651	TRAILING	0.095730	0.169586
24.000000	4.640304	3.814528	LEADING		0.047403	0.116127
24.000000	4.141550	4.068148	TRAILING	0.096808	0.173434
24.000000	4.329552	4.000381	LEADING		0.113867	0.265124
24.000000	4.066346	3.611810	LEADING		0.025349	0.059256
24.000000	4.339634	3.912978	TRAILING	0.148612	0.258828
24.000000	4.116828	4.095176	TRAILING	0.083589	0.150383
24.000000	4.135776	3.570711	TRAILING	0.032472	0.056253
24.000000	4.541280	4.055959	LEADING		0.089254	0.212180
24.000000	3.951935	3.988608	TRAILING	0.046740	0.084773
24.000000	4.744250	4.180015	LEADING		0.034596	0.083494
24.000000	4.506342	3.673873	TRAILING	0.057268	0.096947
24.000000	3.785892	3.715680	LEADING		0.009353	0.020974
24.000000	4.430931	3.906654	LEADING		0.103994	0.246973
24.000000	4.721845	4.210953	LEADING		0.034813	0.083625
24.000000	4.262672	3.830889	TRAILING	0.123078	0.214662
24.000000	4.262672	3.830889	LEADING		0.091584	0.214662
24.000000	4.069351	3.701273	TRAILING	0.052321	0.091990
24.000000	4.307244	3.786062	LEADING		0.082877	0.196033
24.000000	4.155517	4.188479	LEADING		0.056459	0.126684
24.000000	4.429314	3.987004	TRAILING	0.150421	0.261124
24.000000	4.429314	3.987004	LEADING		0.110703	0.261124
24.000000	4.723253	4.365173	TRAILING	0.022600	0.038998
24.000000	4.303645	3.845742	TRAILING	0.131787	0.229259
24.000000	4.308784	4.370312	TRAILING	0.036999	0.066539
24.000000	4.213745	3.838878	LEADING		0.087597	0.204004
24.000000	4.398837	3.680762	TRAILING	0.071803	0.122629
24.000000	3.611142	3.970655	TRAILING	0.003007	0.005624
24.000000	4.268189	4.249196	TRAILING	0.071271	0.127673
24.000000	4.316999	4.145117	LEADING		0.089286	0.205100
24.000000	5.061810	3.817835	LEADING		0.002396	0.006088
24.000000	4.973477	3.636241	LEADING		0.001842	0.004713
24.000000	4.573534	3.744669	LEADING		0.046156	0.112909
24.000000	4.596244	4.387091	TRAILING	0.029078	0.050847
24.000000	4.461306	4.036557	LEADING		0.104929	0.247456
24.000000	4.525822	4.303755	LEADING		0.042083	0.097998
24.000000	4.673529	4.107556	TRAILING	0.077519	0.132678
24.000000	4.564342	3.683667	LEADING		0.035035	0.086066
24.000000	4.353673	3.992739	TRAILING	0.153275	0.267953
24.000000	4.334138	4.258475	LEADING		0.058308	0.132984
24.000000	4.383321	4.093548	LEADING		0.103138	0.239855
24.000000	4.360784	4.268509	TRAILING	0.072504	0.128861
24.000000	4.435712	4.080016	LEADING		0.102667	0.240544
24.000000	3.964745	3.855187	LEADING		0.039289	0.088762
24.000000	4.067576	3.676881	LEADING		0.035455	0.082387
24.000000	4.398455	4.168008	LEADING		0.085196	0.197310
24.000000	4.130080	3.843914	LEADING		0.073655	0.169792
24.000000	4.768974	4.187899	TRAILING	0.042547	0.072526
24.000000	4.042677	4.046906	LEADING		0.055218	0.123749
24.000000	3.899035	4.309536	LEADING		0.008538	0.018375
24.000000	4.252886	3.981636	LEADING		0.107046	0.247366
24.000000	4.250883	3.741037	LEADING		0.068311	0.161176
24.000000	4.284464	4.126397	LEADING		0.091008	0.208545
24.000000	4.099181	3.923579	LEADING		0.073811	0.168343
24.000000	4.889332	3.884309	TRAILING	0.021096	0.035174
24.000000	4.333850	3.594874	TRAILING	0.046071	0.078653
24.000000	4.642559	4.133310	TRAILING	0.082160	0.141174
24.000000	4.247397	3.990224	TRAILING	0.138580	0.244557
24.000000	4.328942	4.058839	LEADING		0.108196	0.250680
24.000000	4.176615	3.669497	LEADING		0.045124	0.106253
24.000000	3.923090	3.620819	TRAILING	0.019015	0.033667
24.000000	4.580257	4.140276	TRAILING	0.096745	0.167198
24.000000	4.519235	3.898924	LEADING		0.087919	0.211069
24.000000	3.974062	4.060526	TRAILING	0.047117	0.085724
24.000000	4.455259	3.678027	LEADING		0.045757	0.111128
24.000000	4.819170	4.038916	LEADING		0.028265	0.069429
24.000000	4.469262	4.149946	LEADING		0.085332	0.199642
24.000000	4.596961	4.061157	TRAILING	0.106450	0.182924
24.000000	4.007513	3.696931	TRAILING	0.040318	0.071250
24.000000	4.500401	4.061925	TRAILING	0.131655	0.228133
24.000000	4.177924	4.183207	TRAILING	0.076911	0.138391
24.000000	4.359564	4.739121	LEADING		0.000772	0.001697
24.000000	4.604499	3.836443	LEADING		0.058584	0.142711
24.000000	3.979171	3.852137	TRAILING	0.053095	0.095115
24.000000	4.505187	4.124272	TRAILING	0.116824	0.203069
24.000000	4.258747	3.933450	TRAILING	0.140994	0.247645
24.000000	4.935944	4.103918	TRAILING	0.018503	0.031036
24.000000	4.275604	3.808173	LEADING		0.087260	0.205246
24.000000	4.297932	3.914486	TRAILING	0.145400	0.254185
24.000000	4.665017	4.164671	LEADING		0.050470	0.120790
24.000000	4.136601	3.925693	TRAILING	0.107049	0.190011
24.000000	4.354566	4.263944	TRAILING	0.073905	0.131392
24.000000	4.175799	4.286496	TRAILING	0.046377	0.084064
24.000000	4.555338	3.887182	TRAILING	0.110531	0.188763
24.000000	4.037593	4.017543	TRAILING	0.070181	0.126527
24.000000	4.451429	3.743779	TRAILING	0.089457	0.152739
24.000000	4.469819	4.376762	LEADING		0.029026	0.066732
24.000000	4.247137	3.852524	TRAILING	0.126130	0.220595
24.000000	4.247137	3.852524	LEADING		0.094465	0.220595
24.000000	4.268879	4.023328	LEADING		0.106919	0.246670
24.000000	4.304781	3.753015	TRAILING	0.101138	0.174874
24.000000	4.246749	3.453850	TRAILING	0.016182	0.027553
24.000000	4.787420	4.134882	TRAILING	0.044275	0.075179
24.000000	4.676838	3.876366	TRAILING	0.070553	0.119294
24.000000	4.441077	4.455582	TRAILING	0.020906	0.037287
24.000000	4.400490	3.829397	TRAILING	0.126302	0.217695
24.000000	3.893391	4.069662	LEADING		0.023493	0.051635
24.000000	4.368345	3.815544	TRAILING	0.123798	0.213768
24.000000	4.557089	4.077238	TRAILING	0.115621	0.199536
24.000000	4.170985	4.128821	LEADING		0.072275	0.163312
24.000000	5.005912	4.332705	TRAILING	0.005354	0.009005
24.000000	4.514958	3.742452	LEADING		0.054635	0.132821
24.000000	4.312769	4.343709	TRAILING	0.044546	0.079939
24.000000	4.480019	4.353427	TRAILING	0.043754	0.077250
24.000000	4.377367	4.007694	TRAILING	0.152649	0.266542
24.000000	4.377367	4.007694	LEADING		0.113893	0.266542
24.000000	4.517842	3.616822	TRAILING	0.039668	0.066860
24.000000	4.150387	4.126609	LEADING		0.068542	0.154522
24.000000	3.893556	4.220689	TRAILING	0.015875	0.029464
24.000000	4.425891	4.293260	TRAILING	0.064479	0.114041
24.000000	4.376884	3.874223	LEADING		0.103045	0.243846
24.000000	3.863350	3.676294	TRAILING	0.017220	0.030775
24.000000	4.391076	4.518111	LEADING		0.009493	0.021355
24.000000	4.063837	4.323261	LEADING		0.019943	0.043730
24.000000	4.696696	3.961556	LEADING		0.051920	0.126536
24.000000	4.395207	3.674101	LEADING		0.049292	0.118953
24.000000	4.445702	3.642531	TRAILING	0.054689	0.092832
24.000000	4.445702	3.642531	LEADING		0.038143	0.092832
24.000000	3.904944	3.825986	TRAILING	0.033843	0.060922
24.000000	4.229596	4.042518	TRAILING	0.127556	0.226247
24.000000	4.229596	4.042518	LEADING		0.098691	0.226247
24.000000	4.346313	4.505785	TRAILING	0.012849	0.023225
24.000000	4.622213	3.922746	LEADING		0.067059	0.162568
24.000000	4.374481	4.187504	TRAILING	0.104354	0.184290
24.000000	4.827003	3.898730	TRAILING	0.033444	0.056019
24.000000	4.827003	3.898730	LEADING		0.022574	0.056019
24.000000	3.976060	4.177766	TRAILING	0.032733	0.060058
24.000000	3.647792	3.705106	TRAILING	0.003499	0.006389
24.000000	4.510978	3.854714	TRAILING	0.114735	0.196272
24.000000	4.560301	3.792906	TRAILING	0.084241	0.143033
24.000000	4.434495	3.486263	TRAILING	0.018566	0.031225
24.000000	4.415693	4.066443	TRAILING	0.142477	0.248817
24.000000	4.230954	3.723704	TRAILING	0.084762	0.147192
24.000000	3.782773	3.910462	LEADING		0.012793	0.028168
24.000000	4.834088	3.989198	LEADING		0.025219	0.062244
24.000000	4.480682	4.215006	LEADING		0.067886	0.158251
24.000000	4.167067	3.982624	LEADING		0.090517	0.207028
24.000000	4.243700	3.792730	TRAILING	0.109095	0.190109
24.000000	4.267913	3.844745	LEADING		0.094990	0.222511
24.000000	4.384332	4.260575	TRAILING	0.076307	0.135240
24.000000	4.395897	4.062572	LEADING		0.108002	0.252182
24.000000	4.751669	3.999089	LEADING		0.040877	0.099953
24.000000	4.430090	3.919572	LEADING		0.105912	0.251232
24.000000	4.524418	4.117996	TRAILING	0.114802	0.199141
24.000000	4.524418	4.117996	LEADING		0.084339	0.199141
24.000000	4.181550	3.694021	LEADING		0.051098	0.120115
24.000000	4.376098	3.991585	TRAILING	0.153658	0.268069
24.000000	3.720238	3.532598	TRAILING	0.003007	0.005383
24.000000	4.149665	4.155209	TRAILING	0.078141	0.140721
24.000000	3.955138	3.862701	LEADING		0.037770	0.085178
24.000000	4.736996	4.447411	TRAILING	0.011865	0.020525
24.000000	4.554501	4.035062	LEADING		0.087766	0.209303
24.000000	4.575383	3.806591	LEADING		0.058810	0.143152
24.000000	3.951331	3.421697	TRAILING	0.005818	0.010128
24.000000	4.339464	3.866367	LEADING		0.102502	0.241669
24.000000	4.577104	4.121752	TRAILING	0.101804	0.175813
24.000000	3.687541	3.644193	LEADING		0.003269	0.007301
24.000000	4.435496	4.363636	TRAILING	0.041878	0.074313
24.000000	4.401534	4.157284	TRAILING	0.116020	0.203992
24.000000	4.683167	4.081885	LEADING		0.054934	0.132525
24.000000	4.356123	3.904213	LEADING		0.108929	0.256493
24.000000	4.636428	4.321943	LEADING		0.029117	0.068682
24.000000	4.464032	3.524284	TRAILING	0.023653	0.039792
24.000000	3.860277	3.819131	LEADING		0.020331	0.045537
24.000000	4.277748	3.926106	TRAILING	0.143828	0.252075
24.000000	4.147530	3.651995	LEADING		0.039036	0.091760
24.000000	4.029540	3.632901	TRAILING	0.033122	0.058155
24.000000	4.361146	3.938796	TRAILING	0.152277	0.265141
24.000000	4.125578	4.068060	TRAILING	0.091764	0.164646
24.000000	4.006409	3.943483	TRAILING	0.064072	0.115242
24.000000	4.140831	3.859617	LEADING		0.077999	0.179779
24.000000	4.687452	3.789418	TRAILING	0.051070	0.085884
24.000000	3.823364	4.041464	TRAILING	0.018207	0.033560
24.000000	4.384414	4.107532	LEADING		0.100267	0.232945
24.000000	4.095286	4.037437	LEADING		0.069112	0.155984
24.000000	4.526311	4.128233	TRAILING	0.111765	0.193952
24.000000	4.461180	4.429374	LEADING		0.019953	0.045634
24.000000	3.998494	3.688537	LEADING		0.028755	0.066220
24.000000	4.224386	3.811347	TRAILING	0.111436	0.194753
24.000000	3.917897	3.572055	TRAILING	0.014208	0.025077
24.000000	4.093818	3.684689	TRAILING	0.052974	0.092833
24.000000	4.068807	3.808039	TRAILING	0.072856	0.129060
24.000000	4.692918	4.458432	TRAILING	0.012815	0.022277
24.000000	4.221195	3.923893	TRAILING	0.131829	0.232183
24.000000	4.086369	3.854717	TRAILING	0.084751	0.150383
24.000000	4.464974	4.399235	TRAILING	0.032226	0.057137
24.000000	4.468391	3.931992	TRAILING	0.140736	0.242699
24.000000	4.209244	3.688835	TRAILING	0.070838	0.122951
24.000000	4.452588	3.843104	TRAILING	0.123723	0.212509
24.000000	4.327634	4.299879	LEADING		0.046716	0.106097
24.000000	4.201949	3.885684	TRAILING	0.122624	0.215795
24.000000	4.155341	3.635305	LEADING		0.036325	0.085597
24.000000	4.794602	3.643619	TRAILING	0.012791	0.021194
24.000000	4.755468	4.074560	TRAILING	0.056819	0.096453
24.000000	4.609191	4.050751	LEADING		0.074218	0.177921
24.000000	4.215725	4.363815	LEADING		0.025977	0.057851
24.000000	4.241752	3.724648	LEADING		0.063409	0.149674
24.000000	4.277238	3.831138	TRAILING	0.125042	0.217816
24.000000	4.700775	4.065664	LEADING		0.051752	0.125244
24.000000	4.089423	4.491629	TRAILING	0.007051	0.013094
24.000000	4.560473	4.676829	LEADING		0.001502	0.003418
24.000000	4.380943	4.026471	LEADING		0.112601	0.263223
24.000000	4.358816	4.208598	TRAILING	0.095470	0.169075
24.000000	4.122416	4.005059	TRAILING	0.099889	0.178502
24.000000	4.080052	4.180966	TRAILING	0.054418	0.098848
24.000000	4.839037	4.236936	TRAILING	0.024952	0.042379
24.000000	4.599906	4.112413	TRAILING	0.097752	0.168397
24.000000	4.688104	3.497126	LEADING		0.005148	0.013022
24.000000	4.553061	4.147885	LEADING		0.074009	0.174961
24.000000	4.411092	4.109442	TRAILING	0.131672	0.230639
24.000000	4.184929	3.971366	TRAILING	0.122633	0.217384
24.000000	4.413165	3.899482	LEADING		0.104826	0.248581
24.000000	4.435836	3.910201	TRAILING	0.142934	0.246847
24.000000	4.308216	4.223207	TRAILING	0.085658	0.152584
24.000000	4.115983	4.043011	TRAILING	0.092929	0.166598
24.000000	4.319826	4.040165	LEADING		0.110156	0.255335
24.000000	4.633677	4.319323	LEADING		0.029799	0.070279
24.000000	4.271031	3.998865	LEADING		0.108937	0.251910
24.000000	4.033863	3.914562	TRAILING	0.072581	0.129948
24.000000	4.501598	4.189628	LEADING		0.072262	0.169218
24.000000	4.215182	3.916943	LEADING		0.098773	0.228502
24.000000	4.152013	3.667995	TRAILING	0.057574	0.100274
24.000000	4.795042	3.938451	LEADING		0.029968	0.073924
24.000000	3.874177	3.950596	LEADING		0.024404	0.054095
24.000000	4.549112	3.932426	TRAILING	0.120303	0.206083
24.000000	4.160707	3.973423	LEADING		0.089288	0.204227
24.000000	4.654019	3.760204	TRAILING	0.052641	0.088595
24.000000	3.743765	3.701521	LEADING		0.006479	0.014480
24.000000	4.404397	3.921123	TRAILING	0.148388	0.257123
24.000000	4.391993	3.486385	TRAILING	0.019956	0.033672
24.000000	3.818468	4.097330	TRAILING	0.015110	0.027984
24.000000	4.499038	4.505412	LEADING		0.010163	0.023226
24.000000	4.203381	3.969036	TRAILING	0.128150	0.226745
24.000000	4.552813	4.305566	TRAILING	0.052917	0.092512
24.000000	4.404423	4.123524	TRAILING	0.127530	0.223710
24.000000	4.306388	4.128070	LEADING		0.092739	0.213052
24.000000	4.750578	4.533023	LEADING		0.003897	0.009203
24.000000	4.135686	4.245797	LEADING		0.041092	0.091526
24.000000	4.502143	3.853113	TRAILING	0.116432	0.199298
24.000000	4.383378	3.892309	TRAILING	0.144630	0.250619
24.000000	4.690352	3.715369	LEADING		0.024226	0.060140
24.000000	4.218865	3.985588	TRAILING	0.131713	0.232975
24.000000	4.190360	4.488386	TRAILING	0.010785	0.019804
24.000000	4.560121	3.912161	TRAILING	0.113875	0.194674
24.000000	4.688374	3.659256	LEADING		0.017669	0.044061
24.000000	3.869949	3.960647	LEADING		0.023623	0.052292
24.000000	4.412618	3.898719	TRAILING	0.143660	0.248416
24.000000	4.508929	3.977508	LEADING		0.097892	0.233256
24.000000	4.311946	3.862688	TRAILING	0.136865	0.238181
24.000000	4.467343	3.904506	TRAILING	0.136423	0.234899
24.000000	4.782468	3.730922	LEADING		0.015504	0.038788
24.000000	4.389122	3.807885	TRAILING	0.120000	0.206750
24.000000	3.924539	3.823013	TRAILING	0.037808	0.067925
24.000000	3.924539	3.823013	LEADING		0.030117	0.067925
24.000000	4.187427	4.094558	TRAILING	0.104619	0.186947
24.000000	4.128002	3.769084	LEADING		0.060571	0.140539
24.000000	4.251762	3.720707	LEADING		0.062960	0.148841
24.000000	4.446794	3.903873	TRAILING	0.140043	0.241538
24.000000	4.057818	3.648966	TRAILING	0.039860	0.069893
24.000000	4.227444	3.997397	TRAILING	0.133108	0.235442
24.000000	4.595423	4.045192	TRAILING	0.108476	0.186269
24.000000	4.368804	3.919350	TRAILING	0.149929	0.260564
24.000000	4.705357	3.746217	TRAILING	0.038815	0.065041
24.000000	4.546710	3.690008	LEADING		0.038470	0.094275
24.000000	3.885937	3.694176	LEADING		0.016672	0.037886
24.000000	4.509388	4.153007	TRAILING	0.107731	0.187497
24.000000	4.515516	3.828246	TRAILING	0.106019	0.181015
24.000000	4.307457	4.187543	TRAILING	0.099096	0.176131
24.000000	4.765866	3.706823	LEADING		0.015068	0.037709
24.000000	4.389200	3.948756	TRAILING	0.152530	0.265095
24.000000	4.389200	3.948756	LEADING		0.112565	0.265095
24.000000	4.247288	3.604824	LEADING		0.034455	0.082286
24.000000	4.247575	4.373049	LEADING		0.026203	0.058547
24.000000	4.715854	4.052066	LEADING		0.048777	0.118359
24.000000	4.740919	3.806990	TRAILING	0.041703	0.069937
24.000000	3.854954	3.583598	TRAILING	0.010533	0.018710
24.000000	4.341531	3.719420	TRAILING	0.088955	0.153007
24.000000	4.519335	4.188502	TRAILING	0.094829	0.165224
24.000000	4.339619	3.937028	LEADING		0.112770	0.264287
24.000000	4.507098	4.218965	LEADING		0.064377	0.150520
24.000000	4.069096	3.827837	LEADING		0.058799	0.134781
24.000000	4.915294	3.844109	LEADING		0.010076	0.025301
24.000000	4.940690	4.123066	TRAILING	0.017469	0.029313
24.000000	3.936968	3.905561	TRAILING	0.044156	0.079716
24.000000	4.145398	4.069484	LEADING		0.077325	0.175077
24.000000	4.488627	3.743803	TRAILING	0.083512	0.142172
24.000000	4.183263	3.569251	LEADING		0.025664	0.061047
24.000000	4.350044	4.160032	TRAILING	0.113501	0.200565
24.000000	3.797410	4.052541	LEADING		0.012303	0.026786
24.000000	4.661227	3.580606	TRAILING	0.017784	0.029608
24.000000	4.072734	3.550906	TRAILING	0.024081	0.041880
24.000000	4.552608	3.899179	TRAILING	0.113774	0.194476
24.000000	3.661665	3.843545	LEADING		0.004392	0.009601
24.000000	4.493463	3.778013	LEADING		0.066677	0.161217
24.000000	4.150628	4.145399	TRAILING	0.081064	0.145872
24.000000	4.294945	3.927580	TRAILING	0.146521	0.256428
24.000000	4.171818	4.229226	TRAILING	0.061820	0.111656
24.000000	4.531373	4.070124	TRAILING	0.123323	0.213218
24.000000	4.885446	4.152012	LEADING		0.016619	0.040826
24.000000	3.977769	4.441550	LEADING		0.005290	0.011356
24.000000	4.448100	3.895542	LEADING		0.099964	0.238095
24.000000	4.378844	3.985216	TRAILING	0.153830	0.268198
24.000000	3.938641	3.857588	TRAILING	0.043029	0.077399
24.000000	4.375012	4.103952	TRAILING	0.133610	0.234732
24.000000	4.455208	4.163342	TRAILING	0.111198	0.194611
24.000000	4.680938	3.873299	TRAILING	0.068787	0.116253
24.000000	3.824652	3.879922	LEADING		0.017233	0.038230
24.000000	4.401405	3.977384	TRAILING	0.152994	0.266084
24.000000	4.481915	4.012619	LEADING		0.103062	0.244115
24.000000	4.269624	3.946127	TRAILING	0.143805	0.252544
24.000000	4.610482	4.536168	TRAILING	0.008132	0.014314
24.000000	4.272888	3.730764	LEADING		0.066671	0.157853
24.000000	4.278758	4.652622	TRAILING	0.002424	0.004461
24.000000	4.448836	4.043246	LEADING		0.105960	0.249382
24.000000	4.519749	3.517730	TRAILING	0.019338	0.032387
24.000000	4.775567	3.852966	TRAILING	0.040240	0.067483
24.000000	4.095312	3.743755	LEADING		0.050716	0.117500
24.000000	3.805839	4.171051	LEADING		0.008948	0.019293
24.000000	4.134858	3.738104	LEADING		0.055440	0.129099
24.000000	4.627102	3.765914	TRAILING	0.060284	0.101688
24.000000	3.919348	3.761132	TRAILING	0.032031	0.057315
24.000000	4.555281	4.195981	TRAILING	0.086529	0.150330
24.000000	4.255345	3.994607	TRAILING	0.140056	0.247054
24.000000	4.516099	3.893266	LEADING		0.087662	0.210473
24.000000	4.242741	4.066436	LEADING		0.097479	0.223368
24.000000	4.029205	3.600249	TRAILING	0.027817	0.048728
24.000000	4.909340	4.421264	LEADING		0.004175	0.010136
24.000000	4.401975	3.725122	TRAILING	0.088106	0.150856
24.000000	4.558326	4.253223	TRAILING	0.068189	0.118807
24.000000	4.558326	4.253223	LEADING		0.050618	0.118807
24.000000	4.369006	4.205896	TRAILING	0.097010	0.171605
24.000000	3.596746	3.824606	TRAILING	0.002679	0.004961
24.000000	4.084026	4.539511	LEADING		0.003732	0.008046
24.000000	4.308336	3.934690	TRAILING	0.148806	0.260237
24.000000	4.308336	3.934690	LEADING		0.111431	0.260237
24.000000	4.079181	3.707576	TRAILING	0.055497	0.097532
24.000000	4.026303	4.318450	TRAILING	0.020336	0.037517
24.000000	4.580619	4.231779	LEADING		0.052565	0.123916
24.000000	4.614571	3.946413	LEADING		0.071198	0.172140
24.000000	4.099836	3.856328	TRAILING	0.089059	0.157853
24.000000	4.099836	3.856328	LEADING		0.068794	0.157853
24.000000	4.613875	3.773391	TRAILING	0.065396	0.110465
24.000000	4.424254	3.943868	LEADING		0.109223	0.258391
24.000000	4.310319	4.062172	TRAILING	0.139562	0.246012
24.000000	4.204146	4.507399	LEADING		0.007884	0.017314
24.000000	3.974940	4.179478	LEADING		0.026969	0.059258
24.000000	4.158097	4.314929	LEADING		0.030242	0.067144
24.000000	3.863309	3.708560	LEADING		0.015363	0.034776
24.000000	4.401620	3.993275	LEADING		0.113137	0.265852
24.000000	4.378257	3.926906	TRAILING	0.150734	0.261871
24.000000	4.385840	4.317277	LEADING		0.043589	0.099593
24.000000	4.345949	4.025988	TRAILING	0.149735	0.262489
24.000000	4.253148	4.294314	TRAILING	0.054357	0.097814
24.000000	4.637663	3.775017	TRAILING	0.059991	0.101167
24.000000	4.298964	4.181547	TRAILING	0.100267	0.178288
24.000000	4.103552	4.102522	TRAILING	0.078032	0.140638
24.000000	4.206933	3.869527	TRAILING	0.121221	0.213003
24.000000	4.590315	4.430266	TRAILING	0.021447	0.037613
24.000000	4.460065	4.003248	TRAILING	0.145573	0.252277
24.000000	4.380555	4.006941	TRAILING	0.152680	0.266508
24.000000	4.380555	4.006941	LEADING		0.113828	0.266508
24.000000	4.090327	3.714127	LEADING		0.044691	0.103763
24.000000	4.242850	3.891593	TRAILING	0.132975	0.233252
24.000000	4.428991	3.647411	TRAILING	0.057797	0.098266
24.000000	4.490790	4.176470	TRAILING	0.102833	0.179518
24.000000	4.224179	3.696174	TRAILING	0.074830	0.129779
24.000000	4.753008	4.117106	LEADING		0.038091	0.092409
24.000000	4.530397	4.309117	TRAILING	0.053892	0.094438
24.000000	4.138701	4.133113	LEADING		0.064854	0.145919
24.000000	4.661254	4.245775	TRAILING	0.053536	0.092366
24.000000	4.534211	3.480416	TRAILING	0.013531	0.022584
24.000000	3.935936	4.363987	TRAILING	0.008656	0.016177
24.000000	4.566061	4.423733	LEADING		0.017945	0.041637
24.000000	4.295643	3.891715	TRAILING	0.141558	0.247157
24.000000	3.903666	3.478326	LEADING		0.005388	0.012524
24.000000	4.302075	3.984991	TRAILING	0.149076	0.261692
24.000000	4.613899	4.623020	TRAILING	0.003241	0.005731
24.000000	4.990347	4.217608	LEADING		0.006632	0.016416
24.000000	4.840289	3.775644	TRAILING	0.019853	0.033031
24.000000	4.716899	3.613927	TRAILING	0.016832	0.027976
24.000000	4.422728	4.451201	LEADING		0.017080	0.038797
24.000000	4.162748	3.744557	LEADING		0.060539	0.141347
24.000000	4.494154	3.498838	TRAILING	0.017880	0.029965
24.000000	4.196368	3.747906	TRAILING	0.087738	0.153060
24.000000	3.873685	4.082341	LEADING		0.019974	0.043752
24.000000	4.304616	4.221458	TRAILING	0.085922	0.153092
24.000000	3.902285	3.405445	TRAILING	0.003998	0.006979
24.000000	4.408698	3.755687	LEADING		0.070828	0.169950
24.000000	4.546479	3.846378	TRAILING	0.103206	0.175966
24.000000	4.529107	4.071051	TRAILING	0.123714	0.213947
24.000000	4.047802	4.245006	TRAILING	0.034874	0.063846
24.000000	4.306010	3.865198	TRAILING	0.136999	0.238575
24.000000	4.488613	4.012674	TRAILING	0.139669	0.241581
24.000000	4.880506	3.861104	LEADING		0.013957	0.034899
24.000000	4.614902	3.585144	LEADING		0.015242	0.037972
24.000000	3.715952	4.009594	LEADING		0.006777	0.014679
24.000000	4.186935	3.731658	LEADING		0.060443	0.141683
24.000000	4.788872	3.867695	TRAILING	0.038903	0.065230
24.000000	4.162106	4.035846	LEADING		0.085526	0.194598
24.000000	4.409218	4.374386	LEADING		0.030407	0.069368
24.000000	4.305500	3.768689	LEADING		0.078106	0.184995
24.000000	4.517996	3.796752	TRAILING	0.095580	0.162857
