#********mc_data: L-8.0, k_b-3000000000.0, dt-1e-10, N-300.0********


#init L		 init nma	 init fma	 state		 final L	 final nma	 final fma	 step length	 t
8.000000	4.189419	4.213742	FARBOUND	-13.968800	2.123820	1.875750	-5.968800	0.000000
8.000000	4.189419	4.213742	NEARBOUND	-4.915820	1.699040	1.491150	-12.915820	0.000000
8.000000	3.772376	3.699160	NEARBOUND	-13.717100	2.050060	2.046790	-21.717100	0.000007
8.000000	4.303570	4.126557	NEARBOUND	-16.207500	2.497940	2.680880	-24.207500	0.000000
8.000000	4.484730	4.016130	FARBOUND	7.741440	2.772330	2.829260	15.741440	0.000000
8.000000	4.484730	4.016130	NEARBOUND	-3.440360	2.945360	3.142510	-11.440360	0.000002
8.000000	4.418446	3.988480	NEARBOUND	-6.707510	2.638550	2.651360	-14.707510	0.000000
8.000000	4.024786	4.326905	FARBOUND	-0.962009	1.184880	1.132520	7.037991	0.000001
8.000000	4.606262	4.207754	FARBOUND	-12.256500	2.767740	2.863180	-4.256500	0.000001
8.000000	4.735512	4.336725	NEARBOUND	-4.328820	2.278980	2.313560	-12.328820	0.000002
8.000000	4.511020	4.438265	FARBOUND	1.452090	1.728570	1.680870	9.452090	0.000000
8.000000	4.183389	3.857880	FARBOUND	7.495710	2.426380	2.495860	15.495710	0.000000
8.000000	4.357445	4.030669	FARBOUND	-21.048500	2.347590	1.995900	-13.048500	0.000000
8.000000	4.267225	4.150164	NEARBOUND	9.883190	1.705250	1.086610	1.883190	0.000000
8.000000	4.132845	3.964493	FARBOUND	6.085220	2.288840	2.209850	14.085220	0.000000
8.000000	4.132845	3.964493	NEARBOUND	-11.136800	2.662580	2.806430	-19.136800	0.000005
8.000000	4.636950	4.330976	FARBOUND	-11.497900	2.287330	2.207500	-3.497900	0.000000
8.000000	4.021525	4.186316	NEARBOUND	-9.140490	1.975130	1.650460	-17.140490	0.000000
8.000000	4.374657	3.853387	NEARBOUND	-12.521600	2.539170	2.621240	-20.521600	0.000000
8.000000	4.491724	3.757005	NEARBOUND	-6.074970	3.176230	3.530270	-14.074970	0.000000
8.000000	4.241640	3.872462	NEARBOUND	-9.976750	2.472570	2.474810	-17.976750	0.000000
8.000000	4.190025	3.792223	NEARBOUND	-13.929900	2.295410	2.316880	-21.929900	0.000000
8.000000	4.335713	3.770345	NEARBOUND	-9.608300	2.312990	2.551740	-17.608300	0.000000
8.000000	4.291771	3.775866	FARBOUND	2.338780	2.548620	2.586200	10.338780	0.000000
8.000000	4.291771	3.775866	NEARBOUND	-4.913990	1.950210	1.896680	-12.913990	0.000000
8.000000	4.312235	4.346146	FARBOUND	15.185400	2.055030	1.611710	23.185400	0.000000
8.000000	4.270886	4.148971	FARBOUND	-0.371419	1.530310	1.511390	7.628581	0.000001
8.000000	4.571671	3.973952	FARBOUND	-1.411010	2.843780	2.904860	6.588990	0.000002
8.000000	4.137349	3.948314	FARBOUND	6.132430	2.111980	1.952600	14.132430	0.000000
8.000000	4.252907	4.484652	NEARBOUND	13.317600	1.737420	1.067980	5.317600	0.000001
8.000000	4.332195	4.459606	NEARBOUND	1.802750	1.586920	1.503350	-6.197250	0.000000
8.000000	4.498788	4.272299	NEARBOUND	-6.654210	2.327730	2.222870	-14.654210	0.000000
8.000000	4.761490	4.298716	NEARBOUND	-12.296100	2.435640	2.597380	-20.296100	0.000001
8.000000	4.009935	4.129859	NEARBOUND	-8.957000	1.980020	1.687790	-16.957000	0.000000
8.000000	3.794128	3.809081	NEARBOUND	-6.304950	2.868480	2.915320	-14.304950	0.000000
8.000000	4.207709	4.343098	FARBOUND	-2.157330	1.894280	1.827530	5.842670	0.000000
8.000000	4.482199	4.268318	NEARBOUND	4.068120	2.374950	2.425870	-3.931880	0.000000
8.000000	4.395209	4.375877	NEARBOUND	1.641350	1.180470	1.050520	-6.358650	0.000000
8.000000	4.081878	3.922133	NEARBOUND	-8.354410	3.368630	3.737300	-16.354410	0.000004
8.000000	3.731070	3.438324	FARBOUND	-9.874310	2.634880	2.755780	-1.874310	0.000004
8.000000	4.228990	4.204442	NEARBOUND	-14.018700	2.001100	2.098310	-22.018700	0.000000
8.000000	4.388230	3.922868	FARBOUND	-1.845580	3.215920	3.386010	6.154420	0.000001
8.000000	4.388230	3.922868	NEARBOUND	-0.721857	2.565410	2.579840	-8.721857	0.000000
8.000000	4.304699	4.052053	FARBOUND	-3.215230	1.843990	1.783630	4.784770	0.000000
8.000000	4.088384	4.034108	NEARBOUND	-2.266260	2.867920	2.930230	-10.266260	0.000001
8.000000	3.979643	4.147722	NEARBOUND	-6.705840	1.621590	1.234630	-14.705840	0.000000
8.000000	4.210753	4.007189	FARBOUND	11.895700	1.835530	1.318530	19.895700	0.000000
8.000000	4.288678	4.258789	FARBOUND	-8.012680	2.670190	2.879180	-0.012680	0.000000
8.000000	4.288678	4.258789	NEARBOUND	-15.194900	2.596850	2.851840	-23.194900	0.000000
8.000000	4.141333	4.044414	NEARBOUND	-16.220400	2.253040	2.364180	-24.220400	0.000000
8.000000	4.073767	4.025983	NEARBOUND	-5.389140	2.580890	2.811490	-13.389140	0.000002
8.000000	4.066004	3.956817	FARBOUND	-6.663980	2.179130	2.105990	1.336020	0.000000
8.000000	4.066004	3.956817	NEARBOUND	-22.308600	1.809500	1.814470	-30.308600	0.000005
8.000000	4.885695	4.513338	FARBOUND	0.102541	2.557620	2.560590	8.102541	0.000000
8.000000	4.202856	3.693128	FARBOUND	-6.994890	2.344250	2.275440	1.005110	0.000002
8.000000	4.202856	3.693128	NEARBOUND	-7.704340	3.119340	3.638760	-15.704340	0.000002
8.000000	4.657129	4.241639	NEARBOUND	-7.812440	2.825470	3.200480	-15.812440	0.000003
8.000000	4.406092	3.902456	FARBOUND	8.895670	2.744480	2.818240	16.895670	0.000000
8.000000	4.044472	3.832875	FARBOUND	7.189610	2.228720	2.193300	15.189610	0.000000
8.000000	4.370910	3.976551	FARBOUND	-5.462190	2.874710	3.156730	2.537810	0.000002
8.000000	4.370910	3.976551	NEARBOUND	-3.219150	2.978260	3.088930	-11.219150	0.000001
8.000000	4.218885	3.761279	FARBOUND	-2.102180	2.734950	2.801380	5.897820	0.000002
8.000000	4.235907	4.358320	NEARBOUND	-13.660300	2.184540	1.650180	-21.660300	0.000000
8.000000	4.551926	3.866449	FARBOUND	-12.212900	2.289890	2.296470	-4.212900	0.000002
8.000000	4.541786	4.459009	NEARBOUND	-16.480900	2.040780	1.628690	-24.480900	0.000000
8.000000	4.514681	4.172196	FARBOUND	-1.259190	2.323300	2.372080	6.740810	0.000000
8.000000	4.381494	3.741686	NEARBOUND	-1.348970	3.184330	3.271670	-9.348970	0.000002
8.000000	4.295673	4.021018	FARBOUND	-2.145690	3.338410	3.465550	5.854310	0.000001
8.000000	4.295673	4.021018	NEARBOUND	-6.298080	2.506670	2.673700	-14.298080	0.000001
8.000000	4.200134	4.305558	NEARBOUND	-0.821059	1.506370	1.466080	-8.821059	0.000000
8.000000	4.516692	4.562267	NEARBOUND	-16.792100	2.059680	1.932680	-24.792100	0.000000
8.000000	4.363145	4.232928	NEARBOUND	-9.161970	2.256920	2.317590	-17.161970	0.000001
8.000000	4.364095	4.150671	NEARBOUND	-8.735550	2.657140	2.900740	-16.735550	0.000002
8.000000	4.482843	4.139358	FARBOUND	-20.401600	2.157780	2.109550	-12.401600	0.000000
8.000000	4.389789	4.191057	NEARBOUND	-5.239920	2.274280	2.167800	-13.239920	0.000000
8.000000	4.107796	4.207704	FARBOUND	-7.645340	1.922750	1.795850	0.354660	0.000000
8.000000	4.107796	4.207704	NEARBOUND	-18.236900	2.417780	2.066370	-26.236900	0.000000
8.000000	4.212364	3.734807	NEARBOUND	-6.254520	2.788110	3.082180	-14.254520	0.000001
8.000000	4.549924	4.047448	FARBOUND	-8.467040	2.274210	2.371900	-0.467040	0.000003
8.000000	4.549924	4.047448	NEARBOUND	-6.389950	2.667310	3.176910	-14.389950	0.000005
8.000000	4.666586	4.233907	FARBOUND	-5.958590	2.423050	2.583610	2.041410	0.000002
8.000000	4.666586	4.233907	NEARBOUND	-13.600300	2.809360	2.983530	-21.600300	0.000000
8.000000	3.876782	4.144899	FARBOUND	-6.889160	2.147140	2.065650	1.110840	0.000000
8.000000	4.158556	3.667758	NEARBOUND	-4.911370	3.031850	3.148820	-12.911370	0.000002
8.000000	3.829515	3.990315	NEARBOUND	-24.214800	2.275520	2.351320	-32.214800	0.000000
8.000000	3.877457	3.793085	NEARBOUND	-3.136270	1.893830	1.803480	-11.136270	0.000000
8.000000	4.083983	4.142226	NEARBOUND	-4.155330	2.860160	3.133660	-12.155330	0.000002
8.000000	4.791853	4.700189	NEARBOUND	0.802042	0.741958	0.638334	-7.197958	0.000001
8.000000	4.142669	3.700991	NEARBOUND	-4.358940	2.458480	2.583330	-12.358940	0.000000
8.000000	4.230254	3.763872	NEARBOUND	-10.679600	2.401110	2.249910	-18.679600	0.000001
8.000000	4.359805	4.178282	FARBOUND	22.308500	2.091080	1.447750	30.308500	0.000000
8.000000	4.359805	4.178282	NEARBOUND	-23.094900	2.049880	2.140860	-31.094900	0.000000
8.000000	4.332880	4.265308	NEARBOUND	-4.744990	2.692790	2.905720	-12.744990	0.000003
8.000000	4.334383	3.710658	FARBOUND	5.955210	2.837260	2.961620	13.955210	0.000000
8.000000	4.471624	4.710572	NEARBOUND	-5.251620	1.759770	1.536900	-13.251620	0.000000
8.000000	4.602164	4.330112	FARBOUND	14.391500	1.892950	1.261640	22.391500	0.000000
8.000000	4.235010	3.572425	NEARBOUND	-0.527975	3.294980	3.318530	-8.527975	0.000001
8.000000	3.688024	3.714591	FARBOUND	-1.063540	3.077430	3.298040	6.936460	0.000003
8.000000	4.423931	4.119726	FARBOUND	-2.899330	2.123180	2.117240	5.100670	0.000000
8.000000	4.201950	3.729291	FARBOUND	-10.163800	1.745710	2.145230	-2.163800	0.000000
8.000000	4.201950	3.729291	NEARBOUND	-1.861070	3.224350	3.337090	-9.861070	0.000002
8.000000	4.035126	4.101408	FARBOUND	-9.712370	2.375950	2.465600	-1.712370	0.000005
8.000000	4.035126	4.101408	NEARBOUND	0.332138	2.103700	2.094260	-7.667862	0.000000
8.000000	4.500045	4.001183	FARBOUND	-6.489030	2.611010	2.794980	1.510970	0.000000
8.000000	4.528161	3.931586	NEARBOUND	-3.293720	3.293160	3.497800	-11.293720	0.000001
8.000000	4.307222	4.009973	NEARBOUND	-11.767100	2.437910	2.668900	-19.767100	0.000001
8.000000	3.768508	3.885516	NEARBOUND	-7.033220	1.970370	1.743350	-15.033220	0.000000
8.000000	4.700538	4.427667	FARBOUND	-4.837330	2.839040	3.047460	3.162670	0.000001
8.000000	4.700538	4.427667	NEARBOUND	-9.697230	2.191380	2.281120	-17.697230	0.000000
8.000000	3.947041	3.918831	FARBOUND	6.329020	2.165800	2.044990	14.329020	0.000000
8.000000	3.957823	4.190257	NEARBOUND	-7.231110	2.119080	2.044980	-15.231110	0.000001
8.000000	4.591435	3.979503	FARBOUND	-4.870030	2.709780	2.901370	3.129970	0.000000
8.000000	4.741919	4.133645	NEARBOUND	-2.105510	2.691270	2.765600	-10.105510	0.000001
8.000000	4.327259	3.996123	NEARBOUND	-6.537740	3.050390	3.389260	-14.537740	0.000000
8.000000	4.594517	4.174908	NEARBOUND	-5.941490	2.821650	3.296450	-13.941490	0.000002
8.000000	4.228937	3.864912	FARBOUND	-1.179430	1.345530	1.286570	6.820570	0.000001
8.000000	4.128115	4.288996	FARBOUND	3.575150	1.021450	0.737345	11.575150	0.000000
8.000000	4.528543	4.193350	NEARBOUND	-2.514560	2.376450	2.429260	-10.514560	0.000000
8.000000	4.562654	4.200003	FARBOUND	2.803710	1.961720	1.884790	10.803710	0.000002
8.000000	4.380105	3.696118	FARBOUND	-10.773900	2.644090	3.191280	-2.773900	0.000008
8.000000	3.985806	3.423994	FARBOUND	-8.291610	2.970630	3.260310	-0.291610	0.000002
8.000000	4.309743	3.729924	NEARBOUND	-19.872200	2.110550	2.073690	-27.872200	0.000004
8.000000	4.528450	4.101863	NEARBOUND	-13.163700	3.106330	3.587700	-21.163700	0.000001
8.000000	4.091755	3.804847	FARBOUND	-3.520910	3.362070	3.578120	4.479090	0.000001
8.000000	4.606828	4.563495	NEARBOUND	-18.139500	2.196930	1.775170	-26.139500	0.000000
8.000000	3.957865	3.995207	NEARBOUND	-16.433200	2.192430	2.282570	-24.433200	0.000007
8.000000	4.248140	4.173057	NEARBOUND	-5.503840	2.095760	1.958080	-13.503840	0.000000
8.000000	4.255180	3.881676	FARBOUND	-4.499880	2.190340	2.301450	3.500120	0.000000
8.000000	4.466095	4.487238	NEARBOUND	1.040690	1.570150	1.524310	-6.959310	0.000000
8.000000	4.453765	4.199081	FARBOUND	-7.887300	3.018450	3.285410	0.112700	0.000004
8.000000	4.506060	4.059721	FARBOUND	-3.845070	3.223960	3.453020	4.154930	0.000001
8.000000	4.502237	3.903501	NEARBOUND	-4.217730	3.200420	3.454570	-12.217730	0.000002
8.000000	3.910313	3.994803	NEARBOUND	0.465249	1.507050	1.485600	-7.534751	0.000000
8.000000	4.043467	3.954838	NEARBOUND	-7.248960	3.045930	3.459550	-15.248960	0.000001
8.000000	4.482883	3.805320	NEARBOUND	-5.981850	2.571340	3.114040	-13.981850	0.000001
8.000000	4.028072	4.475186	FARBOUND	0.615606	0.866387	0.809806	8.615606	0.000000
8.000000	4.165924	4.441142	FARBOUND	8.625290	1.687000	1.272730	16.625290	0.000000
8.000000	4.638997	4.142519	NEARBOUND	-7.507910	2.901300	3.271470	-15.507910	0.000001
8.000000	4.160727	4.179802	FARBOUND	2.442740	1.386120	1.182770	10.442740	0.000000
8.000000	4.315306	4.435705	NEARBOUND	12.748600	1.995220	1.711420	4.748600	0.000001
8.000000	4.666940	4.383203	FARBOUND	7.505800	2.815900	2.757330	15.505800	0.000000
8.000000	4.189392	4.147591	FARBOUND	-1.215250	3.083820	3.167320	6.784750	0.000002
8.000000	4.101420	4.245527	FARBOUND	4.214290	1.097050	0.785048	12.214290	0.000001
8.000000	4.101420	4.245527	NEARBOUND	-0.411215	0.829173	0.803872	-8.411215	0.000001
8.000000	4.452032	4.194624	FARBOUND	-2.423730	2.832510	2.921440	5.576270	0.000000
8.000000	4.366754	4.213228	NEARBOUND	-20.306500	2.353290	1.951710	-28.306500	0.000000
8.000000	4.561209	3.857225	NEARBOUND	-6.840970	2.400850	2.736870	-14.840970	0.000001
8.000000	4.226465	4.132296	FARBOUND	2.639300	1.824070	1.756940	10.639300	0.000000
8.000000	4.226465	4.132296	NEARBOUND	-7.666770	1.869190	1.648140	-15.666770	0.000000
8.000000	4.662914	4.338656	FARBOUND	-5.489400	2.812340	2.938090	2.510600	0.000000
8.000000	4.585778	4.527951	FARBOUND	25.672700	2.171100	1.397720	33.672700	0.000000
8.000000	4.512162	4.136595	FARBOUND	5.169720	2.483870	2.517050	13.169720	0.000000
8.000000	4.010544	3.942286	FARBOUND	3.603810	1.783100	1.680600	11.603810	0.000000
8.000000	4.505589	3.874537	FARBOUND	-9.593990	2.737310	3.104280	-1.593990	0.000001
8.000000	4.358516	4.302784	NEARBOUND	-9.754730	2.476580	2.662280	-17.754730	0.000001
8.000000	4.760784	4.289826	FARBOUND	-0.166928	1.950370	1.947210	7.833072	0.000000
8.000000	3.962957	3.975668	NEARBOUND	-4.044200	2.715640	2.777970	-12.044200	0.000001
8.000000	4.803466	4.594725	FARBOUND	-7.951960	2.866630	3.055850	0.048040	0.000002
8.000000	4.559553	4.321114	FARBOUND	1.870450	2.252940	2.220940	9.870450	0.000000
8.000000	4.559553	4.321114	NEARBOUND	-22.544200	2.174170	2.199030	-30.544200	0.000001
8.000000	4.343731	3.838711	FARBOUND	-3.515910	3.020960	3.337980	4.484090	0.000001
8.000000	4.343731	3.838711	NEARBOUND	-6.611880	2.841440	3.188470	-14.611880	0.000002
8.000000	4.214761	4.057847	FARBOUND	-2.285910	2.843370	3.013060	5.714090	0.000001
8.000000	4.214761	4.057847	NEARBOUND	-13.525000	2.894380	3.335950	-21.525000	0.000002
8.000000	3.852981	4.164589	FARBOUND	1.828430	1.657130	1.581610	9.828430	0.000000
8.000000	4.277569	4.074052	NEARBOUND	-8.631840	2.075680	2.519640	-16.631840	0.000001
8.000000	4.269408	4.055733	FARBOUND	4.588320	2.143810	2.092920	12.588320	0.000000
8.000000	4.269408	4.055733	NEARBOUND	-10.842200	3.280700	3.757660	-18.842200	0.000008
8.000000	4.196503	4.113648	FARBOUND	-4.042580	2.472890	2.887260	3.957420	0.000003
8.000000	4.196503	4.113648	NEARBOUND	-8.274000	2.556360	3.006070	-16.274000	0.000000
8.000000	4.220506	4.220624	NEARBOUND	-25.248000	2.341260	2.308160	-33.248000	0.000000
8.000000	4.267800	4.101461	FARBOUND	10.460000	1.902260	1.549830	18.460000	0.000000
8.000000	4.564816	3.984583	FARBOUND	4.553280	2.774340	2.952620	12.553280	0.000001
8.000000	4.564816	3.984583	NEARBOUND	1.585330	2.197200	2.220590	-6.414670	0.000005
8.000000	4.153912	4.137384	NEARBOUND	-13.349100	2.077320	1.856040	-21.349100	0.000000
8.000000	3.447944	3.925984	FARBOUND	0.848321	1.943920	1.920390	8.848321	0.000000
8.000000	3.906218	3.851370	FARBOUND	-5.622610	2.061060	1.986300	2.377390	0.000000
8.000000	4.815965	4.513150	NEARBOUND	-1.568990	2.611190	2.672750	-9.568990	0.000001
8.000000	3.950425	4.451443	NEARBOUND	-25.093700	2.387360	2.316860	-33.093700	0.000001
8.000000	4.170041	4.015541	FARBOUND	11.709300	2.189880	1.903680	19.709300	0.000000
8.000000	4.170041	4.015541	NEARBOUND	-7.929160	2.278650	2.148440	-15.929160	0.000000
8.000000	4.275732	4.232027	FARBOUND	10.572000	1.733140	1.168240	18.572000	0.000000
8.000000	4.275732	4.232027	NEARBOUND	3.322570	1.692630	1.565110	-4.677430	0.000000
8.000000	4.396654	3.899735	FARBOUND	-12.958900	2.506630	2.739470	-4.958900	0.000000
8.000000	4.130706	3.797495	NEARBOUND	-0.346650	3.029120	3.057140	-8.346650	0.000004
8.000000	4.118014	4.340788	FARBOUND	1.880550	1.483900	1.373370	9.880550	0.000000
8.000000	4.483556	4.014542	FARBOUND	-6.569920	2.321750	2.456460	1.430080	0.000005
8.000000	4.483556	4.014542	NEARBOUND	-9.636300	3.034230	3.406130	-17.636300	0.000000
8.000000	4.171093	3.772918	FARBOUND	-4.987830	2.419440	2.594970	3.012170	0.000000
8.000000	4.121823	3.872303	FARBOUND	-3.260790	2.462330	2.478310	4.739210	0.000000
8.000000	4.121823	3.872303	NEARBOUND	-1.702300	1.916020	1.865200	-9.702300	0.000001
8.000000	4.045172	3.892085	FARBOUND	-13.221800	2.119690	2.061390	-5.221800	0.000001
8.000000	4.023001	3.923103	FARBOUND	-0.499992	0.640677	0.598228	7.500008	0.000000
8.000000	4.023001	3.923103	NEARBOUND	-27.416000	2.255800	1.836660	-35.416000	0.000000
8.000000	4.107157	3.741151	FARBOUND	7.927820	2.141470	2.123570	15.927820	0.000000
8.000000	4.197955	3.855852	FARBOUND	4.519490	1.095210	0.714154	12.519490	0.000004
8.000000	4.197955	3.855852	NEARBOUND	-2.201170	2.346420	2.397220	-10.201170	0.000001
8.000000	4.202659	4.125647	NEARBOUND	-17.694900	1.986170	2.195740	-25.694900	0.000001
8.000000	3.822805	4.209298	NEARBOUND	8.834490	1.663160	1.156310	0.834490	0.000000
8.000000	4.400729	4.161290	FARBOUND	-16.342500	2.145860	2.123670	-8.342500	0.000006
8.000000	4.400729	4.161290	NEARBOUND	-7.134210	2.517750	2.740440	-15.134210	0.000003
8.000000	4.108834	4.011474	FARBOUND	4.709500	1.749210	1.568270	12.709500	0.000000
8.000000	4.059032	4.214234	NEARBOUND	-21.788700	2.339170	1.785830	-29.788700	0.000000
8.000000	4.706446	4.167101	NEARBOUND	-9.030500	2.443200	2.735500	-17.030500	0.000000
8.000000	4.580468	4.260716	FARBOUND	-5.126710	2.374430	2.646650	2.873290	0.000000
8.000000	4.580468	4.260716	NEARBOUND	-8.721640	3.259620	3.683070	-16.721640	0.000002
8.000000	4.356034	3.890781	FARBOUND	-3.354150	2.592380	2.701770	4.645850	0.000002
8.000000	4.568449	4.115415	FARBOUND	-5.931750	3.219630	3.543560	2.068250	0.000005
8.000000	4.568449	4.115415	NEARBOUND	-10.834200	2.495790	2.463620	-18.834200	0.000006
8.000000	4.198622	3.639536	FARBOUND	-6.548080	2.858660	3.066340	1.451920	0.000007
8.000000	4.198622	3.639536	NEARBOUND	-9.462450	2.504990	2.629800	-17.462450	0.000001
8.000000	4.484032	4.173525	NEARBOUND	-0.471868	3.076570	3.098480	-8.471868	0.000001
8.000000	4.238605	4.249098	NEARBOUND	-26.938200	2.167520	1.921160	-34.938200	0.000000
8.000000	3.837203	4.251255	NEARBOUND	-7.154660	1.900680	1.638140	-15.154660	0.000000
8.000000	4.098626	4.030394	FARBOUND	7.720190	1.685900	1.275680	15.720190	0.000000
8.000000	4.171400	4.027208	NEARBOUND	-7.692310	2.091960	2.000950	-15.692310	0.000004
8.000000	4.549373	4.151326	FARBOUND	-1.682360	2.515090	2.551380	6.317640	0.000000
8.000000	4.233778	3.969494	NEARBOUND	-6.447950	2.809260	3.271630	-14.447950	0.000001
8.000000	4.488921	3.956262	FARBOUND	-0.028773	3.232240	3.233330	7.971227	0.000001
8.000000	4.488921	3.956262	NEARBOUND	-6.091090	2.981100	3.311050	-14.091090	0.000001
8.000000	4.696299	4.494500	NEARBOUND	-1.955150	3.212440	3.331340	-9.955150	0.000002
8.000000	4.315877	4.098084	FARBOUND	0.363989	2.177140	2.187640	8.363989	0.000000
8.000000	4.315877	4.098084	NEARBOUND	-1.977510	2.868310	3.021520	-9.977510	0.000003
8.000000	4.430988	4.002729	FARBOUND	-10.309900	3.392040	3.798310	-2.309900	0.000003
8.000000	4.080001	3.870207	FARBOUND	-3.990240	2.089740	2.162130	4.009760	0.000000
8.000000	4.374059	4.166526	FARBOUND	9.434730	2.241920	2.106070	17.434730	0.000000
8.000000	4.374059	4.166526	NEARBOUND	-6.713490	3.095210	3.348070	-14.713490	0.000001
8.000000	4.165767	4.010843	FARBOUND	-1.956540	2.235330	2.217840	6.043460	0.000000
8.000000	4.353887	4.416990	FARBOUND	2.014300	0.821301	0.656159	10.014300	0.000000
8.000000	4.691164	4.128775	FARBOUND	2.352810	2.944110	3.019600	10.352810	0.000003
8.000000	4.232523	4.128373	FARBOUND	0.366564	2.218810	2.217590	8.366564	0.000000
8.000000	4.111958	3.793394	FARBOUND	-2.453940	2.388370	2.423150	5.546060	0.000000
8.000000	4.604001	4.190189	FARBOUND	4.519090	2.136110	2.098280	12.519090	0.000000
8.000000	4.232883	4.005965	FARBOUND	-1.689440	2.613450	2.699810	6.310560	0.000001
8.000000	4.351869	4.470617	NEARBOUND	9.884120	1.828620	1.432390	1.884120	0.000000
8.000000	4.244136	3.840705	NEARBOUND	-4.206060	3.246470	3.556960	-12.206060	0.000000
8.000000	3.598775	3.783734	NEARBOUND	-11.877400	2.673220	2.749340	-19.877400	0.000000
8.000000	4.000008	3.910703	NEARBOUND	-9.073460	3.258240	3.672270	-17.073460	0.000006
8.000000	4.039019	4.215399	NEARBOUND	-15.861600	2.385340	1.968920	-23.861600	0.000000
8.000000	4.628234	4.239902	FARBOUND	-9.716250	2.425130	2.686450	-1.716250	0.000001
8.000000	4.628234	4.239902	NEARBOUND	-17.651300	2.243250	2.443460	-25.651300	0.000000
8.000000	3.705702	3.904251	NEARBOUND	-9.619740	2.831720	3.228380	-17.619740	0.000002
8.000000	4.140772	4.036001	FARBOUND	9.250260	2.111230	1.921370	17.250260	0.000000
8.000000	4.214002	3.598467	FARBOUND	-6.705900	2.819980	3.022300	1.294100	0.000001
8.000000	4.214002	3.598467	NEARBOUND	-2.917620	3.371170	3.498870	-10.917620	0.000002
8.000000	4.076120	4.203266	FARBOUND	13.111400	2.004530	1.649570	21.111400	0.000000
8.000000	4.172514	3.812897	NEARBOUND	-38.081400	2.385560	1.874870	-46.081400	0.000001
8.000000	4.062509	4.207164	FARBOUND	7.096540	1.799100	1.556920	15.096540	0.000000
8.000000	4.364650	4.039656	NEARBOUND	-16.135400	2.377330	2.374300	-24.135400	0.000000
8.000000	4.614634	4.067322	FARBOUND	-2.324930	2.814640	2.894220	5.675070	0.000000
8.000000	4.059718	3.809727	FARBOUND	-16.580000	2.323060	2.201570	-8.580000	0.000001
8.000000	4.537067	4.013503	FARBOUND	-21.397400	2.146180	1.868230	-13.397400	0.000000
8.000000	4.537067	4.013503	NEARBOUND	3.414930	1.751080	1.646270	-4.585070	0.000001
8.000000	4.555791	4.188061	FARBOUND	-0.724748	2.067340	2.098460	7.275252	0.000000
8.000000	4.555791	4.188061	NEARBOUND	0.296291	2.345120	2.345810	-7.703709	0.000000
8.000000	4.825368	4.457386	FARBOUND	-9.266910	3.013730	3.415160	-1.266910	0.000005
8.000000	4.792487	4.470533	FARBOUND	-6.136480	2.466490	2.885770	1.863520	0.000000
8.000000	4.495719	4.109170	FARBOUND	-4.438660	3.067700	3.453080	3.561340	0.000001
8.000000	4.180486	4.542448	FARBOUND	1.366950	1.514770	1.447960	9.366950	0.000000
8.000000	3.997876	3.931522	NEARBOUND	-21.046600	2.514140	2.419480	-29.046600	0.000000
8.000000	4.704536	4.303429	FARBOUND	-0.239546	3.126550	3.134310	7.760454	0.000004
8.000000	4.492766	4.736942	FARBOUND	8.000000	1.966850	1.634400	16.000000	0.000000
8.000000	4.646140	4.471601	FARBOUND	-5.414020	2.940570	3.251760	2.585980	0.000000
8.000000	3.841720	3.942042	FARBOUND	5.408700	1.395830	1.077290	13.408700	0.000000
8.000000	4.225315	3.893598	NEARBOUND	-2.881400	1.801750	1.696030	-10.881400	0.000001
8.000000	4.073853	4.073481	NEARBOUND	-3.120040	2.284390	2.288700	-11.120040	0.000000
8.000000	4.091986	4.213044	FARBOUND	6.128450	1.609030	1.272720	14.128450	0.000001
8.000000	4.091986	4.213044	NEARBOUND	-9.257830	2.362280	2.595780	-17.257830	0.000004
8.000000	4.158974	4.038658	NEARBOUND	-2.320200	3.288170	3.435230	-10.320200	0.000001
8.000000	4.404947	3.852827	FARBOUND	-4.216470	2.832570	3.249590	3.783530	0.000002
8.000000	4.147895	3.542060	NEARBOUND	-12.191000	2.455600	2.603760	-20.191000	0.000000
8.000000	3.955229	3.803027	NEARBOUND	-10.209000	2.637450	2.832930	-18.209000	0.000001
8.000000	4.230522	3.990808	FARBOUND	-3.091650	2.767940	2.888030	4.908350	0.000000
8.000000	4.675752	4.181416	FARBOUND	-11.842400	2.735190	2.989040	-3.842400	0.000003
8.000000	4.675752	4.181416	NEARBOUND	9.304530	2.017750	1.792780	1.304530	0.000000
8.000000	4.053889	3.730100	NEARBOUND	-5.446900	3.332170	3.590850	-13.446900	0.000004
8.000000	4.522010	4.293206	FARBOUND	1.077490	2.418530	2.417920	9.077490	0.000000
8.000000	4.522010	4.293206	NEARBOUND	-7.175570	2.975340	3.341370	-15.175570	0.000002
8.000000	4.561719	4.284732	FARBOUND	8.000000	2.676730	2.599530	16.000000	0.000000
8.000000	4.297671	4.255204	FARBOUND	-4.052610	2.182000	2.145220	3.947390	0.000000
8.000000	4.226078	4.024120	NEARBOUND	-6.475090	2.424970	2.334010	-14.475090	0.000000
8.000000	4.547554	4.196247	FARBOUND	-2.963650	2.506980	2.524710	5.036350	0.000000
8.000000	4.239435	3.830588	FARBOUND	-11.661900	2.244640	2.562870	-3.661900	0.000000
8.000000	4.274393	4.109166	NEARBOUND	-16.219900	2.438600	2.680310	-24.219900	0.000001
8.000000	4.408425	3.973721	FARBOUND	-8.808130	2.618770	2.948380	-0.808130	0.000003
8.000000	4.286650	4.381621	NEARBOUND	-8.466200	2.267540	2.337450	-16.466200	0.000002
8.000000	4.339315	4.066612	FARBOUND	11.661500	2.090820	1.917750	19.661500	0.000000
8.000000	4.339315	4.066612	NEARBOUND	-4.487570	2.591030	2.783960	-12.487570	0.000001
8.000000	4.707943	4.159868	FARBOUND	-4.455400	3.214640	3.526520	3.544600	0.000004
8.000000	4.707943	4.159868	NEARBOUND	-3.296170	2.242430	2.385860	-11.296170	0.000000
8.000000	4.385693	3.995484	NEARBOUND	-12.953500	2.506650	2.461200	-20.953500	0.000008
8.000000	4.310262	3.985210	FARBOUND	9.544910	2.490780	2.400790	17.544910	0.000000
8.000000	4.310262	3.985210	NEARBOUND	-4.091170	2.042750	1.974060	-12.091170	0.000000
8.000000	4.210777	3.571850	FARBOUND	-14.274100	2.312250	2.387440	-6.274100	0.000002
8.000000	4.421443	3.673210	FARBOUND	-19.112000	2.725230	3.116290	-11.112000	0.000001
8.000000	4.475241	3.865976	NEARBOUND	-7.459480	2.198900	2.375260	-15.459480	0.000000
8.000000	4.381257	4.322188	NEARBOUND	-18.574900	2.379880	2.297670	-26.574900	0.000000
8.000000	4.326687	4.137202	NEARBOUND	-9.953520	2.721270	3.056450	-17.953520	0.000001
8.000000	4.384145	4.328281	FARBOUND	13.900200	1.852870	1.192090	21.900200	0.000001
8.000000	4.719140	4.318835	FARBOUND	2.212030	2.519020	2.538040	10.212030	0.000000
8.000000	4.251059	3.997320	FARBOUND	-1.729860	2.961580	3.000200	6.270140	0.000001
8.000000	4.251059	3.997320	NEARBOUND	-7.925770	2.617060	2.826600	-15.925770	0.000001
8.000000	4.461387	4.076136	FARBOUND	-0.679286	3.143070	3.184840	7.320714	0.000002
8.000000	4.140415	3.529641	NEARBOUND	-37.517900	2.263260	1.836920	-45.517900	0.000003
8.000000	4.378715	4.341028	FARBOUND	10.309800	1.727120	1.234770	18.309800	0.000000
8.000000	4.372491	4.328504	FARBOUND	3.419630	1.721460	1.583790	11.419630	0.000001
8.000000	4.160450	3.883642	FARBOUND	1.730610	2.090080	2.058060	9.730610	0.000000
8.000000	4.438114	4.416465	FARBOUND	4.561440	1.669910	1.471510	12.561440	0.000000
8.000000	4.522019	4.264851	FARBOUND	-4.829900	2.578090	2.824710	3.170100	0.000000
8.000000	4.522019	4.264851	NEARBOUND	-11.524400	2.285510	2.140520	-19.524400	0.000000
8.000000	4.450967	3.946731	FARBOUND	-2.143070	3.256790	3.345190	5.856930	0.000002
8.000000	4.218727	4.350061	NEARBOUND	-6.501100	3.020990	3.283870	-14.501100	0.000002
8.000000	4.091608	4.015322	FARBOUND	10.765100	2.094900	1.735470	18.765100	0.000000
8.000000	4.460054	3.883497	NEARBOUND	-3.756440	2.768980	2.850240	-11.756440	0.000000
8.000000	4.481556	3.686134	FARBOUND	-5.121360	2.898300	3.295520	2.878640	0.000001
8.000000	4.491086	4.298072	FARBOUND	14.247300	1.885310	1.198640	22.247300	0.000000
8.000000	4.337415	4.431684	NEARBOUND	-14.976600	2.007400	1.645590	-22.976600	0.000000
8.000000	4.374462	3.944633	FARBOUND	-2.096260	2.295780	2.476010	5.903740	0.000000
8.000000	4.572956	4.159971	FARBOUND	-6.127700	2.688100	2.911270	1.872300	0.000002
8.000000	4.572956	4.159971	NEARBOUND	-4.075480	2.522120	2.651080	-12.075480	0.000000
8.000000	4.314200	4.450434	FARBOUND	12.609300	1.812510	1.228150	20.609300	0.000000
8.000000	4.290807	4.402297	FARBOUND	15.718900	2.259660	1.835180	23.718900	0.000000
8.000000	4.290807	4.402297	NEARBOUND	-9.902390	2.088500	1.776940	-17.902390	0.000000
8.000000	4.139367	3.856717	NEARBOUND	-1.770720	2.921210	2.983430	-9.770720	0.000001
8.000000	4.447600	4.127014	FARBOUND	10.158300	1.933460	1.604380	18.158300	0.000000
8.000000	4.261645	4.327821	NEARBOUND	3.105320	1.751200	1.628590	-4.894680	0.000001
8.000000	4.540381	3.912472	FARBOUND	-1.683900	2.971520	3.033850	6.316100	0.000000
8.000000	4.540381	3.912472	NEARBOUND	-7.103610	2.789190	3.422660	-15.103610	0.000002
8.000000	4.319230	4.430228	NEARBOUND	-22.167900	2.145490	1.619060	-30.167900	0.000000
8.000000	4.347412	3.745154	NEARBOUND	-6.394060	2.535030	2.668410	-14.394060	0.000000
8.000000	3.758461	4.389799	FARBOUND	5.215190	1.830530	1.649800	13.215190	0.000000
8.000000	4.257064	4.148313	FARBOUND	16.350900	2.080550	1.581460	24.350900	0.000000
8.000000	4.257064	4.148313	NEARBOUND	-1.668670	2.214790	2.182010	-9.668670	0.000000
8.000000	4.304617	4.431212	FARBOUND	17.485800	1.846960	0.961323	25.485800	0.000000
8.000000	4.018819	3.902334	FARBOUND	8.984580	1.730440	1.319360	16.984580	0.000000
8.000000	4.145608	4.305826	FARBOUND	11.680000	1.692150	1.084720	19.680000	0.000000
8.000000	4.329102	4.174477	FARBOUND	8.060920	2.387910	2.248070	16.060920	0.000000
8.000000	4.329102	4.174477	NEARBOUND	-4.346620	2.036720	2.578010	-12.346620	0.000002
8.000000	4.311453	3.827455	NEARBOUND	-8.806810	2.715800	2.841990	-16.806810	0.000000
8.000000	4.657297	4.346976	NEARBOUND	-8.687530	2.526890	2.505460	-16.687530	0.000000
8.000000	4.054692	3.820432	NEARBOUND	-18.725400	2.236980	2.178910	-26.725400	0.000000
8.000000	4.622061	3.966621	FARBOUND	-4.389190	2.749630	2.819710	3.610810	0.000002
8.000000	4.524748	4.365594	NEARBOUND	-7.693800	2.732340	2.901930	-15.693800	0.000001
8.000000	4.415992	4.243523	FARBOUND	3.733960	1.503790	1.316060	11.733960	0.000001
8.000000	4.415992	4.243523	NEARBOUND	-22.093500	2.191940	2.056150	-30.093500	0.000000
8.000000	4.719783	4.294884	FARBOUND	-10.179000	2.760210	2.989740	-2.179000	0.000000
8.000000	4.135207	4.112954	FARBOUND	-1.652450	2.389280	2.503680	6.347550	0.000000
8.000000	4.280910	3.903687	FARBOUND	-5.485440	2.628790	2.725340	2.514560	0.000002
8.000000	4.173671	3.675174	FARBOUND	-12.769200	2.763550	3.105690	-4.769200	0.000002
8.000000	3.967290	3.934172	NEARBOUND	-16.630000	2.728250	2.907360	-24.630000	0.000001
8.000000	4.069555	3.962063	FARBOUND	6.304820	2.070540	1.988690	14.304820	0.000000
8.000000	4.069555	3.962063	NEARBOUND	16.824400	1.773350	0.878779	8.824400	0.000000
8.000000	4.220719	3.881295	FARBOUND	7.893930	1.736140	1.387460	15.893930	0.000000
8.000000	4.220719	3.881295	NEARBOUND	-6.909430	3.164940	3.667490	-14.909430	0.000001
8.000000	4.829958	4.413096	FARBOUND	-3.453770	3.183250	3.338570	4.546230	0.000001
8.000000	3.785509	3.478976	FARBOUND	9.026550	1.770480	1.324680	17.026550	0.000000
8.000000	4.418188	4.391761	FARBOUND	6.325030	1.976580	1.792050	14.325030	0.000000
8.000000	4.290964	4.104046	FARBOUND	15.593700	1.905250	1.376110	23.593700	0.000000
8.000000	4.186301	3.934625	FARBOUND	-3.536080	2.723380	3.124560	4.463920	0.000002
8.000000	4.186301	3.934625	NEARBOUND	-15.533500	2.186040	2.201230	-23.533500	0.000000
8.000000	4.021376	4.127275	NEARBOUND	3.357340	1.789340	1.311980	-4.642660	0.000000
8.000000	4.669526	4.310270	FARBOUND	6.345660	2.222240	2.180400	14.345660	0.000000
8.000000	4.085533	3.875198	FARBOUND	-8.140770	2.802500	3.242540	-0.140770	0.000000
8.000000	3.946175	4.151821	FARBOUND	6.019080	1.458140	1.123930	14.019080	0.000001
8.000000	4.695991	4.273028	NEARBOUND	-17.436600	2.312160	2.491500	-25.436600	0.000000
8.000000	4.411172	4.271641	FARBOUND	17.572800	2.275520	1.765970	25.572800	0.000000
8.000000	4.352382	4.168499	NEARBOUND	-12.083000	2.296650	2.089180	-20.083000	0.000000
8.000000	4.594764	4.069372	FARBOUND	-6.938710	2.060830	2.163990	1.061290	0.000000
8.000000	4.120555	4.023718	FARBOUND	1.073670	1.681460	1.646200	9.073670	0.000000
8.000000	4.019840	3.759760	NEARBOUND	-4.093960	2.728900	2.928870	-12.093960	0.000001
8.000000	4.027555	4.076082	NEARBOUND	6.012930	1.673450	1.403060	-1.987070	0.000000
8.000000	4.369120	4.056066	NEARBOUND	-5.550950	2.457250	2.744650	-13.550950	0.000000
8.000000	4.463836	4.101034	FARBOUND	-18.715100	2.184420	1.770480	-10.715100	0.000001
8.000000	4.256740	4.133314	FARBOUND	3.638240	1.834190	1.737000	11.638240	0.000000
8.000000	4.256740	4.133314	NEARBOUND	-7.438070	2.921880	3.013360	-15.438070	0.000001
8.000000	4.331270	4.560657	NEARBOUND	-2.916270	1.508530	1.374040	-10.916270	0.000000
8.000000	4.266044	4.120981	FARBOUND	5.536990	1.936160	1.812770	13.536990	0.000000
8.000000	3.953451	4.123576	FARBOUND	5.061280	1.734480	1.556860	13.061280	0.000000
8.000000	4.193876	4.124290	FARBOUND	-11.131400	2.592880	2.858820	-3.131400	0.000002
8.000000	4.459794	3.991126	FARBOUND	-2.859090	2.692550	2.731990	5.140910	0.000000
8.000000	4.076805	3.908142	NEARBOUND	-8.018100	2.517930	2.790210	-16.018100	0.000007
8.000000	4.028349	4.066042	FARBOUND	-12.097900	2.354060	2.398900	-4.097900	0.000000
8.000000	4.529123	3.960894	FARBOUND	-0.275305	3.441690	3.457530	7.724695	0.000002
8.000000	4.529123	3.960894	NEARBOUND	-8.793100	2.854160	3.237670	-16.793100	0.000000
8.000000	4.547593	4.631143	NEARBOUND	0.189471	1.133940	1.119990	-7.810529	0.000000
8.000000	4.141279	4.177163	NEARBOUND	5.054370	1.324010	0.972318	-2.945630	0.000000
8.000000	4.219316	4.154802	FARBOUND	-5.931110	2.137080	2.083660	2.068890	0.000000
8.000000	4.521381	4.066522	NEARBOUND	-2.093880	3.308950	3.418620	-10.093880	0.000001
8.000000	4.484208	4.114264	FARBOUND	-5.775470	2.695660	2.929350	2.224530	0.000000
8.000000	4.484208	4.114264	NEARBOUND	-1.758890	3.008940	3.078040	-9.758890	0.000002
8.000000	4.425688	4.346410	FARBOUND	-1.069230	1.608640	1.562950	6.930770	0.000000
8.000000	4.366608	4.053317	FARBOUND	-6.788160	2.057370	2.274070	1.211840	0.000010
8.000000	4.444867	4.517766	FARBOUND	-12.965200	2.457280	2.520500	-4.965200	0.000000
8.000000	4.368599	3.788652	FARBOUND	-4.406000	2.544590	2.648190	3.594000	0.000000
8.000000	4.144337	3.970974	FARBOUND	3.540720	1.134840	0.947375	11.540720	0.000001
8.000000	4.429100	4.241802	NEARBOUND	-5.849400	3.128370	3.407520	-13.849400	0.000001
8.000000	4.540870	3.934934	FARBOUND	-2.687770	3.108650	3.239550	5.312230	0.000000
8.000000	4.540870	3.934934	NEARBOUND	-7.169760	3.083780	3.435070	-15.169760	0.000001
8.000000	4.227471	3.846151	FARBOUND	23.193300	2.117380	1.301070	31.193300	0.000000
8.000000	4.222524	4.527753	NEARBOUND	4.727290	1.387400	1.103580	-3.272710	0.000001
8.000000	4.321395	4.119350	FARBOUND	-3.748590	3.099210	3.485030	4.251410	0.000001
8.000000	4.321395	4.119350	NEARBOUND	-1.988550	2.827160	2.925520	-9.988550	0.000001
8.000000	4.666057	4.489061	NEARBOUND	-2.011140	2.754860	2.850420	-10.011140	0.000002
8.000000	3.839888	3.808169	NEARBOUND	-9.259950	2.733470	3.224250	-17.259950	0.000000
8.000000	4.169403	4.242253	NEARBOUND	-2.993140	2.444360	2.470720	-10.993140	0.000000
8.000000	4.456212	3.999351	FARBOUND	-0.852898	3.287930	3.330550	7.147102	0.000003
8.000000	4.456212	3.999351	NEARBOUND	-5.804000	2.774100	2.974090	-13.804000	0.000005
8.000000	4.244162	4.122171	FARBOUND	27.966300	2.225100	1.300520	35.966300	0.000000
8.000000	4.283519	4.222468	FARBOUND	-5.773220	2.981450	3.256060	2.226780	0.000001
8.000000	4.476551	4.366694	FARBOUND	8.884000	1.538690	0.980173	16.884000	0.000000
8.000000	4.476551	4.366694	NEARBOUND	-8.113710	2.158390	2.144160	-16.113710	0.000001
8.000000	4.394080	4.051996	FARBOUND	-2.758770	3.130910	3.279150	5.241230	0.000003
8.000000	4.394080	4.051996	NEARBOUND	-0.559474	2.928610	2.944660	-8.559474	0.000004
8.000000	4.289521	4.060075	FARBOUND	8.679840	2.088090	1.949530	16.679840	0.000000
8.000000	4.289521	4.060075	NEARBOUND	-6.354300	2.378240	2.308240	-14.354300	0.000000
8.000000	4.696335	4.336888	NEARBOUND	-20.635600	2.064250	1.859020	-28.635600	0.000000
8.000000	4.176366	3.854945	FARBOUND	-3.397630	3.035830	3.275930	4.602370	0.000002
8.000000	4.176366	3.854945	NEARBOUND	-5.682530	2.406440	2.593270	-13.682530	0.000000
8.000000	4.387903	4.060728	FARBOUND	-10.085800	2.232040	2.260590	-2.085800	0.000000
8.000000	4.230668	4.052383	FARBOUND	12.460000	1.834180	1.262510	20.460000	0.000000
8.000000	3.969065	4.076172	FARBOUND	7.014780	2.068420	1.882010	15.014780	0.000000
8.000000	4.586294	4.172193	FARBOUND	-18.121500	2.178490	2.146280	-10.121500	0.000002
8.000000	4.586294	4.172193	NEARBOUND	-5.293640	2.762290	3.112590	-13.293640	0.000003
8.000000	4.323708	3.585175	FARBOUND	-0.898162	2.893070	2.938560	7.101838	0.000000
8.000000	4.182710	3.940044	FARBOUND	17.745500	2.231350	1.804190	25.745500	0.000000
8.000000	4.182710	3.940044	NEARBOUND	-6.970080	2.752050	3.118280	-14.970080	0.000001
8.000000	4.581852	4.253787	FARBOUND	-2.645140	3.086560	3.228170	5.354860	0.000003
8.000000	4.063825	4.348790	FARBOUND	15.931900	1.917730	1.149340	23.931900	0.000001
8.000000	4.068777	3.839500	NEARBOUND	-12.370500	2.119850	2.024720	-20.370500	0.000000
8.000000	4.420348	4.407116	NEARBOUND	-5.878650	1.717180	1.473170	-13.878650	0.000000
8.000000	4.709566	4.207652	FARBOUND	3.111080	2.415390	2.479390	11.111080	0.000000
8.000000	4.709566	4.207652	NEARBOUND	-7.598530	2.397390	2.392600	-15.598530	0.000000
8.000000	4.222916	4.003483	FARBOUND	3.459660	2.082840	2.034380	11.459660	0.000000
8.000000	4.269205	3.857694	FARBOUND	-11.928100	2.312460	2.192410	-3.928100	0.000001
8.000000	4.321054	3.938098	NEARBOUND	-3.769470	3.060520	3.244300	-11.769470	0.000001
8.000000	4.208337	4.054755	FARBOUND	8.701210	1.930740	1.704110	16.701210	0.000001
8.000000	4.759280	4.491028	NEARBOUND	-9.366660	3.343980	3.775710	-17.366660	0.000004
8.000000	4.858600	4.431905	FARBOUND	-7.641890	2.719010	3.022870	0.358110	0.000000
8.000000	4.388503	4.029048	FARBOUND	-17.699600	2.178760	2.252110	-9.699600	0.000001
8.000000	4.388503	4.029048	NEARBOUND	-15.748800	2.362390	2.364960	-23.748800	0.000002
8.000000	4.609530	4.014019	FARBOUND	-21.832600	2.638510	2.945310	-13.832600	0.000001
8.000000	4.286207	4.293585	NEARBOUND	-4.340970	1.984360	1.854040	-12.340970	0.000000
8.000000	3.939414	3.902144	FARBOUND	11.296800	2.303100	2.101300	19.296800	0.000000
8.000000	3.939414	3.902144	NEARBOUND	-0.902275	2.469370	2.516080	-8.902275	0.000004
8.000000	4.246389	3.875412	NEARBOUND	11.503400	1.682470	1.119970	3.503400	0.000002
8.000000	4.393760	4.426991	FARBOUND	22.205400	2.300370	1.668120	30.205400	0.000000
8.000000	4.112670	3.785773	NEARBOUND	-9.747930	2.565800	2.616610	-17.747930	0.000001
8.000000	3.717598	3.770420	NEARBOUND	-16.129300	2.013940	1.955850	-24.129300	0.000000
8.000000	3.994727	4.276462	NEARBOUND	-0.655653	1.186650	1.121670	-8.655653	0.000000
8.000000	4.575056	4.190721	FARBOUND	-15.906000	2.338580	2.421880	-7.906000	0.000000
8.000000	4.537991	4.004605	FARBOUND	-2.241010	2.454770	2.459900	5.758990	0.000003
8.000000	4.563904	4.132485	FARBOUND	-9.896150	2.841420	3.217430	-1.896150	0.000002
8.000000	4.563904	4.132485	NEARBOUND	-7.521120	2.399560	2.338590	-15.521120	0.000001
8.000000	4.508259	4.193757	FARBOUND	-4.479890	2.211290	2.640020	3.520110	0.000002
8.000000	4.508259	4.193757	NEARBOUND	-11.180700	2.649220	2.876800	-19.180700	0.000001
8.000000	4.341445	3.740779	FARBOUND	-19.453500	2.114460	1.875450	-11.453500	0.000002
8.000000	4.570303	4.145448	FARBOUND	-5.133720	2.938890	3.153360	2.866280	0.000000
8.000000	4.570303	4.145448	NEARBOUND	8.568680	1.610560	1.119370	0.568680	0.000001
8.000000	4.550716	4.369308	FARBOUND	-5.340230	3.227210	3.498360	2.659770	0.000000
8.000000	3.912680	4.078477	NEARBOUND	-7.025690	1.805280	1.570890	-15.025690	0.000000
8.000000	4.208763	4.054129	NEARBOUND	-14.898700	2.618610	2.859910	-22.898700	0.000000
8.000000	4.293514	4.109510	NEARBOUND	-30.601500	2.223500	2.172590	-38.601500	0.000000
8.000000	4.201257	3.869936	NEARBOUND	-12.245600	2.439530	2.847980	-20.245600	0.000003
8.000000	4.594787	4.255392	NEARBOUND	-10.679400	2.721110	3.144760	-18.679400	0.000001
8.000000	4.334661	3.905797	NEARBOUND	-2.724180	3.088180	3.282440	-10.724180	0.000002
8.000000	4.371279	3.502490	FARBOUND	-2.154320	3.215660	3.327150	5.845680	0.000001
8.000000	4.152815	3.886021	FARBOUND	-10.797800	2.673820	2.758160	-2.797800	0.000001
8.000000	4.152815	3.886021	NEARBOUND	-5.808590	2.941900	3.254290	-13.808590	0.000003
8.000000	3.824085	4.111559	FARBOUND	18.369500	1.991400	1.238490	26.369500	0.000001
8.000000	4.546375	4.143711	NEARBOUND	-5.721240	3.105510	3.400160	-13.721240	0.000007
8.000000	4.235363	4.174738	NEARBOUND	-5.977430	2.152240	2.063940	-13.977430	0.000000
8.000000	4.642894	4.142980	FARBOUND	6.308050	2.993730	3.090200	14.308050	0.000000
8.000000	3.946886	3.870937	FARBOUND	13.016700	1.618750	0.908092	21.016700	0.000001
8.000000	4.076475	3.637554	FARBOUND	-1.896030	2.212830	2.277530	6.103970	0.000000
8.000000	4.076475	3.637554	NEARBOUND	-7.863320	2.742640	3.183110	-15.863320	0.000000
8.000000	3.850641	3.594089	FARBOUND	-4.513560	2.720100	2.845500	3.486440	0.000001
8.000000	4.016856	3.785139	NEARBOUND	-13.289300	2.539390	3.269910	-21.289300	0.000002
8.000000	4.535512	4.022986	FARBOUND	-17.717400	2.769390	3.229070	-9.717400	0.000002
8.000000	4.464440	3.950277	FARBOUND	-3.741600	2.799940	2.930620	4.258400	0.000003
8.000000	4.464440	3.950277	NEARBOUND	-0.586365	2.409770	2.430590	-8.586365	0.000001
8.000000	4.303964	4.183256	FARBOUND	-1.406490	1.595540	1.534050	6.593510	0.000000
8.000000	4.346790	4.391998	FARBOUND	17.198300	1.935410	1.133600	25.198300	0.000000
8.000000	4.540396	4.361146	FARBOUND	6.242540	2.038460	2.051670	14.242540	0.000000
8.000000	4.346394	4.265922	NEARBOUND	-8.887910	2.632470	2.690730	-16.887910	0.000000
8.000000	3.895618	4.148926	FARBOUND	-18.388700	2.166050	1.685410	-10.388700	0.000000
8.000000	3.895618	4.148926	NEARBOUND	-9.354860	2.707470	3.109120	-17.354860	0.000002
8.000000	4.651698	4.295049	NEARBOUND	-5.967650	3.069250	3.351070	-13.967650	0.000006
8.000000	4.533492	3.871386	FARBOUND	-14.655100	2.213190	2.372120	-6.655100	0.000004
8.000000	4.533492	3.871386	NEARBOUND	-8.895080	1.925810	2.255860	-16.895080	0.000000
8.000000	4.238479	4.379619	NEARBOUND	2.430570	1.566660	1.349170	-5.569430	0.000001
8.000000	4.509893	3.923601	NEARBOUND	-14.454200	2.261140	2.282450	-22.454200	0.000001
8.000000	4.224693	3.942120	FARBOUND	-0.989963	1.879870	1.857160	7.010037	0.000002
8.000000	4.224693	3.942120	NEARBOUND	-19.823500	2.367060	2.412070	-27.823500	0.000000
8.000000	4.349270	3.994580	FARBOUND	-7.964930	2.520620	2.793490	0.035070	0.000004
8.000000	4.349270	3.994580	NEARBOUND	-6.594510	2.868490	3.199750	-14.594510	0.000004
8.000000	4.332711	4.305382	FARBOUND	8.583080	1.511770	0.977735	16.583080	0.000000
8.000000	4.332711	4.305382	NEARBOUND	2.111500	1.423280	1.297410	-5.888500	0.000000
8.000000	4.366053	3.902448	NEARBOUND	-10.281900	2.763610	3.201430	-18.281900	0.000000
8.000000	4.401878	4.011134	FARBOUND	-7.330690	2.797830	2.955690	0.669310	0.000000
8.000000	4.401878	4.011134	NEARBOUND	-9.702000	3.123250	3.466310	-17.702000	0.000002
8.000000	4.103451	3.963132	NEARBOUND	-23.358500	2.703510	2.625720	-31.358500	0.000006
8.000000	4.738530	4.350121	FARBOUND	-6.547400	3.081590	3.397870	1.452600	0.000001
8.000000	4.378560	3.820118	NEARBOUND	-7.275040	2.128620	2.128310	-15.275040	0.000001
8.000000	4.157737	4.246339	FARBOUND	0.703889	1.611950	1.582850	8.703889	0.000000
8.000000	4.594414	4.053299	FARBOUND	-8.110440	2.503710	2.640170	-0.110440	0.000002
8.000000	4.594414	4.053299	NEARBOUND	-4.902040	2.577740	2.768030	-12.902040	0.000002
8.000000	4.153582	4.095841	FARBOUND	1.357440	1.922620	1.894400	9.357440	0.000000
8.000000	4.153582	4.095841	NEARBOUND	-4.700780	2.625160	2.810500	-12.700780	0.000001
8.000000	4.141747	4.219209	FARBOUND	26.651900	2.161630	1.165990	34.651900	0.000000
8.000000	4.317827	3.798866	FARBOUND	3.347930	2.432650	2.509800	11.347930	0.000002
8.000000	4.126526	4.096418	FARBOUND	-37.196100	2.585790	1.791030	-29.196100	0.000000
8.000000	4.222967	3.540854	FARBOUND	-1.233410	2.902910	2.996170	6.766590	0.000007
8.000000	4.136291	4.139515	FARBOUND	1.000220	0.578651	0.473539	9.000220	0.000001
8.000000	4.136291	4.139515	NEARBOUND	-13.010700	2.135290	1.891930	-21.010700	0.000000
8.000000	4.317317	4.132650	FARBOUND	7.938020	1.994950	1.836580	15.938020	0.000000
8.000000	3.981136	3.819004	FARBOUND	-6.343960	3.415290	3.684030	1.656040	0.000002
8.000000	4.215667	4.282293	NEARBOUND	-15.016700	2.482600	2.716510	-23.016700	0.000001
8.000000	4.178247	4.238649	NEARBOUND	-6.474970	3.003670	3.388280	-14.474970	0.000001
8.000000	4.158937	3.723292	FARBOUND	-2.194240	3.323610	3.478630	5.805760	0.000002
8.000000	4.598480	4.240403	NEARBOUND	-11.972000	2.811150	3.226840	-19.972000	0.000002
8.000000	4.040787	3.885365	FARBOUND	12.223700	1.827280	1.278780	20.223700	0.000000
8.000000	4.392805	4.191432	FARBOUND	-0.331314	2.013340	2.009630	7.668686	0.000000
8.000000	4.595244	4.143386	FARBOUND	-8.356450	2.686510	2.965880	-0.356450	0.000001
8.000000	3.902541	4.279876	NEARBOUND	-8.000000	1.711820	1.352740	-16.000000	0.000000
8.000000	4.334123	4.595315	FARBOUND	1.940440	1.277440	1.038980	9.940440	0.000000
8.000000	3.857640	4.118857	FARBOUND	5.156950	1.395130	1.062390	13.156950	0.000000
8.000000	4.381485	4.068198	FARBOUND	14.849400	1.980300	1.486130	22.849400	0.000000
8.000000	4.464376	4.166504	FARBOUND	-3.978860	2.462500	2.457600	4.021140	0.000000
8.000000	4.683611	4.163935	FARBOUND	-13.647100	2.831650	3.507540	-5.647100	0.000000
8.000000	4.320590	3.872511	FARBOUND	-3.753110	3.082970	3.294820	4.246890	0.000000
8.000000	4.283352	4.273019	NEARBOUND	-20.881500	2.143490	1.773370	-28.881500	0.000000
8.000000	4.585629	4.272949	FARBOUND	-3.862840	2.872160	3.077380	4.137160	0.000004
8.000000	4.769510	4.585111	FARBOUND	8.216140	1.707150	1.149380	16.216140	0.000000
8.000000	4.115947	4.058220	FARBOUND	13.698500	2.086610	1.684810	21.698500	0.000001
8.000000	4.115947	4.058220	NEARBOUND	-22.456200	2.029230	2.048510	-30.456200	0.000000
8.000000	4.271166	3.763280	NEARBOUND	-4.846320	2.440510	2.550380	-12.846320	0.000000
8.000000	4.034871	3.683370	NEARBOUND	-7.829620	2.573610	3.115930	-15.829620	0.000002
8.000000	3.866061	3.935671	FARBOUND	8.847300	1.934660	1.713330	16.847300	0.000000
8.000000	4.145552	4.079845	NEARBOUND	-4.567660	2.298350	2.288810	-12.567660	0.000001
8.000000	4.174961	4.043289	FARBOUND	9.842850	1.835240	1.462800	17.842850	0.000000
8.000000	4.310493	4.329615	FARBOUND	9.090380	1.905230	1.622590	17.090380	0.000000
8.000000	4.191018	3.722319	NEARBOUND	-4.965350	2.930150	3.146540	-12.965350	0.000001
8.000000	4.248354	4.034996	FARBOUND	6.600960	2.340250	2.251100	14.600960	0.000000
8.000000	4.248354	4.034996	NEARBOUND	-6.002130	2.164840	2.068070	-14.002130	0.000000
8.000000	4.353847	4.001609	FARBOUND	-3.249020	3.131230	3.361790	4.750980	0.000002
8.000000	4.353847	4.001609	NEARBOUND	-12.195600	2.087190	1.989960	-20.195600	0.000000
8.000000	4.627582	4.386986	NEARBOUND	-7.812210	3.082240	3.417690	-15.812210	0.000004
8.000000	4.292406	3.846029	FARBOUND	-2.053490	1.530180	1.424550	5.946510	0.000001
8.000000	4.168839	4.292884	NEARBOUND	-0.043616	0.793464	0.789983	-8.043616	0.000001
8.000000	4.233937	4.092707	FARBOUND	-4.731770	2.430290	2.817650	3.268230	0.000001
8.000000	4.233937	4.092707	NEARBOUND	-6.132940	3.187700	3.602520	-14.132940	0.000002
8.000000	3.638833	4.086233	NEARBOUND	-2.226670	1.644730	1.549670	-10.226670	0.000000
8.000000	4.079841	4.046573	FARBOUND	0.764963	2.023150	2.008490	8.764963	0.000000
8.000000	4.094033	4.265060	NEARBOUND	-8.355120	1.864510	1.538540	-16.355120	0.000000
8.000000	4.153283	3.992736	FARBOUND	-9.264740	2.176180	2.220030	-1.264740	0.000000
8.000000	4.660787	4.145742	NEARBOUND	1.170420	2.748090	2.816210	-6.829580	0.000000
8.000000	4.516459	3.916151	FARBOUND	8.114440	1.325950	0.692273	16.114440	0.000003
8.000000	4.088577	4.221506	FARBOUND	9.029770	1.891550	1.562700	17.029770	0.000001
8.000000	4.346914	4.177785	FARBOUND	-9.059600	2.472070	2.635350	-1.059600	0.000000
8.000000	4.346914	4.177785	NEARBOUND	-6.988490	2.850930	3.308350	-14.988490	0.000002
8.000000	4.768686	4.302255	NEARBOUND	5.856270	1.630050	1.306290	-2.143730	0.000001
8.000000	4.255843	4.172013	FARBOUND	3.528640	1.593080	1.432470	11.528640	0.000000
8.000000	3.932905	3.528492	FARBOUND	-4.174020	2.795140	2.997580	3.825980	0.000001
8.000000	4.438270	3.835914	FARBOUND	-6.406220	2.817010	3.267200	1.593780	0.000001
8.000000	4.394680	4.689303	FARBOUND	2.877720	1.028410	0.821794	10.877720	0.000000
8.000000	4.083896	3.987835	FARBOUND	17.398400	2.024290	1.383650	25.398400	0.000000
8.000000	4.123905	4.052153	NEARBOUND	-10.277100	2.371940	2.357730	-18.277100	0.000000
8.000000	4.052650	3.636114	FARBOUND	-9.189460	2.537640	2.760950	-1.189460	0.000000
8.000000	4.373396	4.148365	NEARBOUND	3.571980	2.018380	1.949880	-4.428020	0.000000
8.000000	4.760702	4.418808	NEARBOUND	-7.658670	3.114060	3.419760	-15.658670	0.000003
8.000000	4.400740	4.035358	FARBOUND	-9.429670	2.792660	3.114100	-1.429670	0.000002
8.000000	4.400740	4.035358	NEARBOUND	-11.814900	3.025260	3.518210	-19.814900	0.000000
8.000000	3.977300	3.968339	FARBOUND	-4.865070	2.618270	3.083380	3.134930	0.000004
8.000000	4.489919	4.238212	FARBOUND	-8.153260	2.982840	3.289570	-0.153260	0.000005
8.000000	4.489919	4.238212	NEARBOUND	-6.615170	2.826150	3.180580	-14.615170	0.000007
8.000000	4.446445	4.409719	FARBOUND	-2.087530	2.459750	2.463240	5.912470	0.000000
8.000000	4.568802	4.036726	FARBOUND	-11.555300	2.390950	2.554530	-3.555300	0.000000
8.000000	4.380589	4.033298	FARBOUND	3.810610	2.230320	2.246030	11.810610	0.000000
8.000000	4.380589	4.033298	NEARBOUND	-7.625910	3.007400	3.424920	-15.625910	0.000000
8.000000	4.189481	3.630216	FARBOUND	-10.567200	3.156190	3.639960	-2.567200	0.000004
8.000000	4.069634	4.187646	NEARBOUND	-7.646570	2.026400	1.774620	-15.646570	0.000000
8.000000	4.521482	3.947072	FARBOUND	-5.395440	3.249800	3.533450	2.604560	0.000004
8.000000	4.030574	4.369467	FARBOUND	-3.710000	1.717870	1.578030	4.290000	0.000002
8.000000	4.240803	4.091928	FARBOUND	-5.221870	3.093020	3.292580	2.778130	0.000007
8.000000	4.240803	4.091928	NEARBOUND	-7.627570	2.545090	2.471110	-15.627570	0.000000
8.000000	3.778650	3.945702	NEARBOUND	-3.957760	2.398300	2.446690	-11.957760	0.000001
8.000000	4.385757	3.912621	FARBOUND	-18.246600	2.084500	2.123670	-10.246600	0.000002
8.000000	4.416457	3.830220	FARBOUND	-3.396540	2.273770	2.282190	4.603460	0.000001
8.000000	4.268021	3.803335	FARBOUND	-8.470260	3.055400	3.368890	-0.470260	0.000000
8.000000	4.268021	3.803335	NEARBOUND	-7.199220	2.717930	2.919100	-15.199220	0.000002
8.000000	4.567477	4.446277	FARBOUND	9.738540	1.628580	1.116620	17.738540	0.000000
8.000000	4.046622	4.021368	FARBOUND	10.186200	1.856080	1.478310	18.186200	0.000000
8.000000	4.046622	4.021368	NEARBOUND	-10.148300	2.073750	1.964180	-18.148300	0.000000
8.000000	4.366869	4.223153	NEARBOUND	-6.641180	2.124230	2.009420	-14.641180	0.000000
8.000000	4.592026	4.311364	FARBOUND	-3.930820	2.283720	2.475040	4.069180	0.000003
8.000000	3.722581	3.883498	NEARBOUND	-9.434050	2.037730	1.773630	-17.434050	0.000000
8.000000	4.066065	4.209435	FARBOUND	5.986190	1.658660	1.379310	13.986190	0.000001
8.000000	4.634526	4.388547	NEARBOUND	-6.321680	2.919730	3.297890	-14.321680	0.000002
8.000000	4.459317	4.341177	FARBOUND	2.413360	1.339360	1.190860	10.413360	0.000001
8.000000	3.978146	4.053953	NEARBOUND	-12.571200	2.069900	2.219520	-20.571200	0.000000
8.000000	4.199570	4.182569	NEARBOUND	-14.778800	1.870490	1.625520	-22.778800	0.000000
8.000000	3.631274	4.169439	NEARBOUND	5.476330	1.471490	1.056380	-2.523670	0.000001
8.000000	4.285735	4.504049	NEARBOUND	6.846560	1.323350	0.807526	-1.153440	0.000000
8.000000	4.430985	4.086854	FARBOUND	-6.758640	2.699940	2.882230	1.241360	0.000001
8.000000	4.252323	4.235453	FARBOUND	-16.738200	2.097620	1.919700	-8.738200	0.000000
8.000000	4.252323	4.235453	NEARBOUND	-15.923000	2.142060	2.307050	-23.923000	0.000000
8.000000	4.451174	3.932352	FARBOUND	-21.717600	2.340340	2.122200	-13.717600	0.000001
8.000000	3.936537	4.096847	NEARBOUND	-8.126230	1.984280	1.720030	-16.126230	0.000000
8.000000	4.428546	4.084173	FARBOUND	-0.849237	2.850240	2.896000	7.150763	0.000004
8.000000	4.075053	3.868921	NEARBOUND	-15.707500	2.159170	2.099590	-23.707500	0.000000
8.000000	4.149423	4.067748	NEARBOUND	-14.121900	2.107520	2.132400	-22.121900	0.000000
8.000000	4.358903	4.212879	FARBOUND	20.305700	2.037920	1.078550	28.305700	0.000000
8.000000	4.358903	4.212879	NEARBOUND	-9.378810	2.758480	3.480520	-17.378810	0.000001
8.000000	4.096365	3.662099	FARBOUND	-10.097200	2.629590	2.860090	-2.097200	0.000000
8.000000	4.043475	4.148332	NEARBOUND	-17.161700	2.571640	2.838600	-25.161700	0.000000
8.000000	4.131634	3.842495	FARBOUND	-20.539500	2.159530	2.040810	-12.539500	0.000000
8.000000	4.131634	3.842495	NEARBOUND	-3.018750	1.782530	1.690840	-11.018750	0.000000
8.000000	4.568250	3.940735	NEARBOUND	-14.517100	2.569050	2.859290	-22.517100	0.000000
8.000000	4.207012	3.855114	FARBOUND	-4.906600	2.655100	2.980600	3.093400	0.000000
8.000000	4.617475	4.098944	NEARBOUND	-4.089220	2.203970	2.621980	-12.089220	0.000000
8.000000	4.266679	3.687409	NEARBOUND	-6.291310	2.573740	2.766650	-14.291310	0.000002
8.000000	4.380263	4.066973	FARBOUND	13.552800	2.355530	2.232530	21.552800	0.000000
8.000000	4.380263	4.066973	NEARBOUND	-0.592757	2.261590	2.269980	-8.592757	0.000000
8.000000	4.456679	4.079395	FARBOUND	-1.166280	2.497230	2.503800	6.833720	0.000000
8.000000	4.223931	4.112970	FARBOUND	6.804800	1.750020	1.473020	14.804800	0.000000
8.000000	4.307606	4.382583	FARBOUND	-0.925544	1.893530	1.864720	7.074456	0.000000
8.000000	4.520437	4.017687	NEARBOUND	-3.756760	3.238540	3.428130	-11.756760	0.000003
8.000000	3.919218	4.078746	NEARBOUND	-13.870600	2.050580	1.645920	-21.870600	0.000000
8.000000	4.464155	4.103870	FARBOUND	-5.963660	2.450450	2.906090	2.036340	0.000001
8.000000	4.464155	4.103870	NEARBOUND	-5.565870	3.220820	3.572930	-13.565870	0.000005
8.000000	4.219577	4.243905	FARBOUND	6.485550	1.632560	1.316750	14.485550	0.000000
8.000000	4.219577	4.243905	NEARBOUND	-21.025900	2.213880	1.890580	-29.025900	0.000000
8.000000	4.650622	4.557378	FARBOUND	20.460400	1.944030	1.429530	28.460400	0.000000
8.000000	4.068469	4.078593	FARBOUND	-1.179840	1.905240	1.876330	6.820160	0.000000
8.000000	4.053709	3.876620	FARBOUND	1.617270	1.824490	1.804370	9.617270	0.000000
8.000000	4.053709	3.876620	NEARBOUND	-4.798080	2.947350	3.200880	-12.798080	0.000002
8.000000	4.127813	4.063577	FARBOUND	3.602760	2.192570	2.125000	11.602760	0.000000
8.000000	4.478876	3.821257	FARBOUND	-2.222270	3.194230	3.308990	5.777730	0.000002
8.000000	4.262650	3.712984	FARBOUND	0.075841	3.208100	3.215420	8.075841	0.000001
8.000000	4.189715	4.066187	FARBOUND	-8.601700	1.901840	1.977600	-0.601700	0.000000
8.000000	4.189715	4.066187	NEARBOUND	-11.719300	2.896290	3.280230	-19.719300	0.000002
8.000000	4.437916	4.112612	FARBOUND	2.679380	2.875000	3.046050	10.679380	0.000001
8.000000	4.027554	3.411873	FARBOUND	-4.675700	1.889100	2.051130	3.324300	0.000003
8.000000	4.604812	3.967041	FARBOUND	-17.283800	1.904330	1.771090	-9.283800	0.000004
8.000000	4.292056	3.530941	FARBOUND	-7.339300	2.711090	2.991020	0.660700	0.000000
8.000000	4.388711	4.002328	NEARBOUND	-6.074030	2.113430	2.469350	-14.074030	0.000000
8.000000	4.893400	4.394149	FARBOUND	-8.685060	2.811630	3.084020	-0.685060	0.000003
8.000000	4.028041	3.814162	NEARBOUND	-7.012740	3.122370	3.601630	-15.012740	0.000004
8.000000	4.598864	3.927655	FARBOUND	-15.866200	3.098930	3.632180	-7.866200	0.000001
8.000000	4.190754	4.156847	NEARBOUND	-5.656310	3.197960	3.387540	-13.656310	0.000000
8.000000	4.601053	4.311309	FARBOUND	-7.611620	2.547300	3.042710	0.388380	0.000002
8.000000	4.217140	3.586769	FARBOUND	-2.330960	2.446750	2.871520	5.669040	0.000001
8.000000	3.978000	3.867120	FARBOUND	7.674910	1.971390	1.792290	15.674910	0.000000
8.000000	4.231304	3.784334	NEARBOUND	-2.058170	2.471970	2.555600	-10.058170	0.000001
8.000000	4.375876	4.163633	FARBOUND	14.978100	1.857650	1.065620	22.978100	0.000001
8.000000	4.412917	4.331270	FARBOUND	4.656040	1.184630	0.847858	12.656040	0.000001
8.000000	4.152775	4.023644	FARBOUND	-5.816540	2.532340	2.734260	2.183460	0.000002
8.000000	4.152775	4.023644	NEARBOUND	-23.713800	2.029680	1.913920	-31.713800	0.000000
8.000000	4.375548	3.962875	NEARBOUND	-6.613810	2.863940	3.156330	-14.613810	0.000002
8.000000	4.089115	3.799335	FARBOUND	-6.571690	2.659700	2.842330	1.428310	0.000003
8.000000	4.518627	3.797929	FARBOUND	-0.259562	2.618620	2.636430	7.740438	0.000000
8.000000	3.978445	3.627690	NEARBOUND	-3.638860	2.102100	2.054580	-11.638860	0.000000
8.000000	4.213460	4.048501	NEARBOUND	-11.612600	2.231760	2.208900	-19.612600	0.000000
8.000000	4.209199	3.956591	FARBOUND	6.722690	1.199710	0.786249	14.722690	0.000001
8.000000	4.464064	4.352169	FARBOUND	-3.830600	1.994050	1.978440	4.169400	0.000000
8.000000	4.054323	3.853182	NEARBOUND	-11.966600	2.622570	2.858110	-19.966600	0.000001
8.000000	4.334308	4.100557	NEARBOUND	-8.959210	3.383940	3.791080	-16.959210	0.000004
8.000000	4.029057	4.405781	FARBOUND	3.040550	1.212010	0.882606	11.040550	0.000000
8.000000	4.221012	4.179586	NEARBOUND	1.897930	1.515440	1.419600	-6.102070	0.000000
8.000000	4.306066	4.236925	FARBOUND	-3.014160	2.018570	1.960710	4.985840	0.000000
8.000000	4.421429	4.249234	FARBOUND	10.714600	2.217370	2.047820	18.714600	0.000000
8.000000	4.421429	4.249234	NEARBOUND	-5.474110	3.019810	3.167500	-13.474110	0.000000
8.000000	4.573927	4.185265	FARBOUND	-5.357770	2.868230	3.428510	2.642230	0.000000
8.000000	4.566763	4.322894	FARBOUND	3.690750	2.214140	2.199090	11.690750	0.000000
8.000000	4.566763	4.322894	NEARBOUND	-17.869900	2.342970	2.235160	-25.869900	0.000000
8.000000	4.258583	4.103741	FARBOUND	8.000000	2.338300	2.203950	16.000000	0.000000
8.000000	4.188920	4.064841	FARBOUND	10.837700	2.017690	1.704220	18.837700	0.000002
8.000000	4.188920	4.064841	NEARBOUND	-7.432560	2.199440	2.060290	-15.432560	0.000000
8.000000	4.435568	4.235631	FARBOUND	8.743060	1.525170	1.013440	16.743060	0.000001
8.000000	4.338449	4.159646	FARBOUND	-4.404000	2.389780	2.437960	3.596000	0.000002
8.000000	4.338449	4.159646	NEARBOUND	-8.070960	2.011530	1.881380	-16.070960	0.000000
8.000000	3.764723	3.882262	NEARBOUND	-5.806810	2.636500	3.152630	-13.806810	0.000001
8.000000	4.311562	4.240983	FARBOUND	-8.160200	2.141860	2.033830	-0.160200	0.000000
8.000000	4.577893	4.418976	NEARBOUND	-15.120000	2.367640	2.395750	-23.120000	0.000000
8.000000	4.083770	3.938930	NEARBOUND	4.788900	1.219280	0.890640	-3.211100	0.000001
8.000000	4.166184	4.338979	FARBOUND	7.143440	1.681220	1.314230	15.143440	0.000000
8.000000	3.937862	4.081870	NEARBOUND	5.742000	1.169690	0.689866	-2.258000	0.000001
8.000000	4.292985	4.169872	FARBOUND	0.902348	2.779500	2.810870	8.902348	0.000004
8.000000	3.987224	3.988416	NEARBOUND	-7.735610	1.871620	1.676130	-15.735610	0.000000
8.000000	4.128575	4.291164	NEARBOUND	9.174790	1.883940	1.518640	1.174790	0.000001
8.000000	4.307702	4.052766	FARBOUND	-3.623550	3.080930	3.167140	4.376450	0.000001
8.000000	4.307702	4.052766	NEARBOUND	-4.676430	3.299260	3.539070	-12.676430	0.000001
8.000000	5.014400	4.573574	FARBOUND	-3.986250	3.142210	3.348700	4.013750	0.000001
8.000000	3.846706	4.204240	NEARBOUND	-6.634680	1.689820	1.396660	-14.634680	0.000000
8.000000	4.152252	4.439800	FARBOUND	-2.934440	1.939510	1.853300	5.065560	0.000000
8.000000	4.152252	4.439800	NEARBOUND	-24.649300	2.280260	2.085600	-32.649300	0.000001
8.000000	4.313502	3.997763	FARBOUND	-9.497560	2.388450	2.618720	-1.497560	0.000005
8.000000	4.313502	3.997763	NEARBOUND	-2.084170	2.499440	2.531590	-10.084170	0.000002
8.000000	4.171369	4.204740	NEARBOUND	-10.358300	2.110440	1.841830	-18.358300	0.000000
8.000000	4.863471	4.865401	FARBOUND	9.071300	1.442820	0.858276	17.071300	0.000001
8.000000	4.419529	3.988215	FARBOUND	-0.038348	2.726020	2.726410	7.961652	0.000000
8.000000	4.025437	3.515156	NEARBOUND	-1.143740	1.831860	1.795500	-9.143740	0.000000
8.000000	4.789693	4.454549	NEARBOUND	-5.257680	2.069160	2.084900	-13.257680	0.000000
8.000000	4.097693	4.279512	NEARBOUND	7.466770	1.603250	1.177500	-0.533230	0.000000
8.000000	3.999468	3.581692	NEARBOUND	-7.622620	2.334670	2.458920	-15.622620	0.000000
8.000000	3.969432	3.734588	FARBOUND	38.652100	2.484590	1.074330	46.652100	0.000001
8.000000	3.969432	3.734588	NEARBOUND	-6.402540	1.850550	1.661070	-14.402540	0.000001
8.000000	4.269553	4.149403	FARBOUND	14.318000	1.921660	1.393080	22.318000	0.000000
8.000000	4.269553	4.149403	NEARBOUND	2.968370	1.773330	1.690600	-5.031630	0.000001
8.000000	4.282001	3.991888	FARBOUND	-13.985700	1.896270	1.860750	-5.985700	0.000000
8.000000	4.282001	3.991888	NEARBOUND	-8.805350	2.524160	2.816430	-16.805350	0.000003
8.000000	4.102419	3.969700	NEARBOUND	-27.430900	2.421310	2.277930	-35.430900	0.000001
8.000000	4.102452	3.921793	NEARBOUND	-14.245800	2.102050	2.037220	-22.245800	0.000000
8.000000	4.079469	4.075115	NEARBOUND	2.929390	1.020400	0.835008	-5.070610	0.000000
8.000000	3.792528	3.398524	FARBOUND	-11.917000	2.270590	2.444020	-3.917000	0.000000
8.000000	4.571758	3.947770	FARBOUND	-4.587980	2.624370	2.735480	3.412020	0.000001
8.000000	4.460913	3.841405	FARBOUND	-5.678000	2.779560	3.234710	2.322000	0.000001
8.000000	4.358333	4.156871	FARBOUND	-0.788275	2.325480	2.324300	7.211725	0.000001
8.000000	4.358333	4.156871	NEARBOUND	-10.450800	3.126530	3.649090	-18.450800	0.000001
8.000000	4.346495	3.842139	FARBOUND	-1.904570	2.921900	3.009260	6.095430	0.000002
8.000000	4.446003	4.582917	FARBOUND	12.366900	2.109650	1.750390	20.366900	0.000000
8.000000	3.801369	3.459285	NEARBOUND	-3.815460	2.685270	3.080080	-11.815460	0.000001
8.000000	4.049897	3.664479	FARBOUND	1.217090	2.463610	2.462240	9.217090	0.000000
8.000000	4.049897	3.664479	NEARBOUND	-5.715820	2.571970	2.802900	-13.715820	0.000001
8.000000	3.847036	3.983172	NEARBOUND	-1.727520	2.845370	2.931400	-9.727520	0.000001
8.000000	4.282791	3.985129	FARBOUND	-0.602381	2.051110	2.049800	7.397619	0.000000
8.000000	4.282791	3.985129	NEARBOUND	-10.887300	2.226320	2.398540	-18.887300	0.000000
8.000000	3.868859	3.957433	FARBOUND	1.026630	1.719310	1.685090	9.026630	0.000000
8.000000	4.289206	4.519634	NEARBOUND	0.867894	0.963226	0.909362	-7.132106	0.000000
8.000000	4.625810	4.062500	NEARBOUND	-15.665500	2.890130	3.290590	-23.665500	0.000000
8.000000	4.273522	3.777424	FARBOUND	-9.766600	3.093600	3.346700	-1.766600	0.000000
8.000000	4.508722	4.037227	FARBOUND	-3.711200	2.168000	2.232750	4.288800	0.000002
8.000000	4.508722	4.037227	NEARBOUND	-8.872870	1.877350	1.916370	-16.872870	0.000000
8.000000	4.149776	3.921992	FARBOUND	-2.135940	2.731580	2.821470	5.864060	0.000002
8.000000	4.149776	3.921992	NEARBOUND	-10.886400	3.205090	3.598840	-18.886400	0.000004
8.000000	4.417248	4.211726	FARBOUND	-4.105740	2.825740	3.052360	3.894260	0.000002
8.000000	4.417248	4.211726	NEARBOUND	-15.569500	2.441990	2.306370	-23.569500	0.000000
8.000000	4.214518	3.880941	NEARBOUND	-11.596200	2.229430	2.289430	-19.596200	0.000000
8.000000	3.872373	3.625774	NEARBOUND	-28.565700	2.249200	1.773140	-36.565700	0.000000
8.000000	4.717612	4.357737	NEARBOUND	-3.461200	2.661430	2.820970	-11.461200	0.000000
8.000000	4.430829	4.068991	FARBOUND	-8.302250	3.094200	3.336200	-0.302250	0.000002
8.000000	4.430829	4.068991	NEARBOUND	-11.253800	2.334660	2.493290	-19.253800	0.000000
8.000000	4.671787	4.687120	FARBOUND	19.520800	2.060290	1.518140	27.520800	0.000002
8.000000	4.302910	3.812718	NEARBOUND	-2.518380	2.968920	3.192160	-10.518380	0.000001
8.000000	4.817120	4.301413	FARBOUND	-5.140620	3.249740	3.503950	2.859380	0.000002
8.000000	4.529705	4.517578	FARBOUND	0.937080	1.183940	1.121830	8.937080	0.000000
8.000000	4.379386	3.835354	NEARBOUND	-3.876990	2.710380	3.008020	-11.876990	0.000003
8.000000	3.798806	3.860061	NEARBOUND	-4.013380	2.480950	2.628970	-12.013380	0.000001
8.000000	4.415605	4.231387	FARBOUND	-0.742206	2.037870	2.030180	7.257794	0.000000
8.000000	4.415605	4.231387	NEARBOUND	-12.401400	2.026360	2.110360	-20.401400	0.000000
8.000000	4.313162	4.213696	FARBOUND	10.307000	1.926680	1.574880	18.307000	0.000000
8.000000	4.313162	4.213696	NEARBOUND	-7.718030	2.296440	2.130400	-15.718030	0.000000
8.000000	4.493069	4.219348	FARBOUND	-6.147090	2.668670	2.853070	1.852910	0.000002
8.000000	4.021625	4.291791	NEARBOUND	-8.720700	2.003920	1.744400	-16.720700	0.000000
8.000000	4.095908	3.734890	NEARBOUND	-1.688720	2.908470	3.131800	-9.688720	0.000002
8.000000	3.827021	3.844024	FARBOUND	10.636200	1.877580	1.501370	18.636200	0.000000
8.000000	4.374168	3.736088	FARBOUND	-1.882660	2.554900	2.637020	6.117340	0.000002
8.000000	4.333707	3.802623	FARBOUND	-4.554200	2.714750	3.002290	3.445800	0.000000
8.000000	4.333707	3.802623	NEARBOUND	-3.508330	2.699050	2.898050	-11.508330	0.000006
8.000000	3.976353	3.926799	FARBOUND	18.928000	1.968080	1.045420	26.928000	0.000000
8.000000	3.976353	3.926799	NEARBOUND	-0.367160	2.130730	2.135500	-8.367160	0.000000
8.000000	4.524391	3.956196	NEARBOUND	-26.120600	2.215400	2.029850	-34.120600	0.000004
8.000000	4.611985	4.093850	NEARBOUND	-13.925500	2.262490	2.285180	-21.925500	0.000000
8.000000	3.901130	3.936542	NEARBOUND	-18.751100	2.313880	2.100570	-26.751100	0.000000
8.000000	3.618326	3.916492	NEARBOUND	-29.076900	2.386210	2.015120	-37.076900	0.000004
8.000000	4.327795	3.590914	NEARBOUND	-0.282918	3.116490	3.126740	-8.282918	0.000006
8.000000	4.563907	4.305259	NEARBOUND	-3.486010	3.107280	3.338730	-11.486010	0.000005
8.000000	4.038038	4.109369	FARBOUND	-10.838700	1.991660	1.966030	-2.838700	0.000000
8.000000	4.766112	4.399147	NEARBOUND	-7.530110	2.882110	3.140100	-15.530110	0.000001
8.000000	4.797161	4.247462	NEARBOUND	-3.352690	2.754150	3.018640	-11.352690	0.000001
8.000000	3.986749	3.978143	NEARBOUND	-4.865760	2.512810	2.540440	-12.865760	0.000004
8.000000	4.687116	4.243547	FARBOUND	-6.983570	3.368360	3.606110	1.016430	0.000004
8.000000	4.162033	3.906384	FARBOUND	-0.000674	2.725690	2.725140	7.999326	0.000003
8.000000	4.447727	3.811314	NEARBOUND	-6.495850	2.739060	2.891250	-14.495850	0.000002
8.000000	4.218623	3.906701	NEARBOUND	-12.709600	2.456490	2.366940	-20.709600	0.000000
8.000000	4.501686	4.311605	FARBOUND	8.839600	2.537900	2.399040	16.839600	0.000000
8.000000	4.229633	3.883987	NEARBOUND	-3.176600	3.112170	3.323580	-11.176600	0.000003
8.000000	4.534021	4.407777	NEARBOUND	6.495550	1.584120	1.250280	-1.504450	0.000001
8.000000	4.179454	4.059906	NEARBOUND	-14.709700	3.129290	3.573550	-22.709700	0.000000
8.000000	4.394947	3.780605	FARBOUND	-8.649170	2.712470	3.119830	-0.649170	0.000002
8.000000	4.394947	3.780605	NEARBOUND	-14.767400	2.232970	2.249810	-22.767400	0.000001
8.000000	4.225408	4.289129	FARBOUND	0.311215	1.513750	1.499780	8.311215	0.000000
8.000000	4.225408	4.289129	NEARBOUND	-18.744200	2.348930	2.264160	-26.744200	0.000001
8.000000	4.539324	3.960858	FARBOUND	0.530212	2.610890	2.621440	8.530212	0.000004
8.000000	3.976441	4.138266	FARBOUND	8.813510	1.563650	1.032860	16.813510	0.000001
8.000000	4.221664	3.960570	FARBOUND	-2.737480	2.526140	2.679620	5.262520	0.000001
8.000000	4.538106	4.041117	FARBOUND	-2.460210	2.618020	2.658380	5.539790	0.000002
8.000000	4.233745	4.227537	FARBOUND	-8.194070	2.080730	2.190900	-0.194070	0.000000
8.000000	4.233745	4.227537	NEARBOUND	-16.174900	2.205730	2.371450	-24.174900	0.000001
8.000000	4.263115	4.173250	FARBOUND	-5.302530	3.008350	3.268460	2.697470	0.000000
8.000000	3.900105	3.817744	NEARBOUND	-21.010600	2.480040	2.274420	-29.010600	0.000000
8.000000	4.145100	4.012956	NEARBOUND	5.462710	1.528540	1.189190	-2.537290	0.000000
8.000000	3.834444	3.968217	NEARBOUND	-24.172100	2.166760	1.691770	-32.172100	0.000000
8.000000	4.038801	4.188811	FARBOUND	7.905210	1.692970	1.079020	15.905210	0.000000
8.000000	4.368589	4.665365	NEARBOUND	-3.767070	1.323170	1.131970	-11.767070	0.000000
8.000000	4.085220	4.190586	FARBOUND	5.352460	2.109690	2.089280	13.352460	0.000001
8.000000	4.127661	4.194137	FARBOUND	12.496400	1.698240	0.989251	20.496400	0.000000
8.000000	3.964808	4.243141	FARBOUND	8.137680	1.749450	1.394300	16.137680	0.000000
8.000000	3.877024	3.710075	NEARBOUND	-11.518600	2.273690	2.314280	-19.518600	0.000001
8.000000	4.602499	4.319875	NEARBOUND	-21.133800	2.245580	2.103860	-29.133800	0.000000
8.000000	3.705102	4.184028	NEARBOUND	-20.831900	2.326270	2.290410	-28.831900	0.000000
8.000000	4.178682	3.824431	FARBOUND	-4.668770	2.751170	2.998730	3.331230	0.000003
8.000000	4.283962	4.467380	FARBOUND	4.263680	1.517710	1.299530	12.263680	0.000000
8.000000	4.578571	4.354749	FARBOUND	22.265900	2.133510	1.351000	30.265900	0.000000
8.000000	4.664313	4.203350	FARBOUND	-10.572600	2.277780	2.438380	-2.572600	0.000001
8.000000	4.413845	4.511575	FARBOUND	14.370700	2.140430	1.628800	22.370700	0.000000
8.000000	4.410632	4.389881	FARBOUND	4.327400	0.963844	0.669135	12.327400	0.000001
