#********mc_data: L-16.0, k_b-3000000000.0, dt-1e-12, N-300.0********


#init L		 init nma	 init fma	 state		 final L	 final nma	 final fma	 step length	 t
16.000000	4.189419	4.213742	NEARBOUND	-7.103970	1.982630	1.817510	-23.103970	0.000000
16.000000	3.772376	3.699160	NEARBOUND	-7.103970	1.982630	1.817510	-23.103970	0.000000
16.000000	4.303570	4.126557	NEARBOUND	-3.336470	2.982690	3.197190	-19.336470	0.000001
16.000000	4.418446	3.988480	NEARBOUND	-1.257980	2.983460	3.036370	-17.257980	0.000003
16.000000	4.682437	3.310657	NEARBOUND	-6.271590	2.958270	3.136880	-22.271590	0.000002
16.000000	4.024786	4.326905	FARBOUND	7.706970	1.575390	1.197730	23.706970	0.000000
16.000000	4.997245	4.098251	NEARBOUND	7.706970	1.575390	1.197730	23.706970	0.000000
16.000000	4.183389	3.857880	FARBOUND	6.924650	1.434040	0.954367	22.924650	0.000001
16.000000	4.577663	4.117191	FARBOUND	7.732550	2.250050	2.099580	23.732550	0.000000
16.000000	4.357445	4.030669	FARBOUND	-0.216216	2.379670	2.378920	15.783784	0.000000
16.000000	4.485779	3.628795	NEARBOUND	-0.216216	2.379670	2.378920	15.783784	0.000000
16.000000	4.132845	3.964493	FARBOUND	6.027350	2.249940	2.244180	22.027350	0.000000
16.000000	4.374657	3.853387	NEARBOUND	6.027350	2.249940	2.244180	22.027350	0.000000
16.000000	4.491724	3.757005	NEARBOUND	-21.774800	2.485150	2.833250	-37.774800	0.000004
16.000000	4.241640	3.872462	NEARBOUND	-7.002010	3.058310	3.333850	-23.002010	0.000002
16.000000	4.190025	3.792223	NEARBOUND	-2.572490	2.763690	2.906520	-18.572490	0.000002
16.000000	4.335713	3.770345	NEARBOUND	-11.514200	1.924430	1.748440	-27.514200	0.000000
16.000000	4.291771	3.775866	FARBOUND	-8.165000	2.405460	2.489760	7.835000	0.000000
16.000000	4.291771	3.775866	NEARBOUND	-8.165000	2.405460	2.489760	7.835000	0.000000
16.000000	4.312235	4.346146	FARBOUND	17.561000	2.092960	1.477580	33.561000	0.000000
16.000000	4.137349	3.948314	FARBOUND	6.907320	1.750820	1.474890	22.907320	0.000000
16.000000	4.498788	4.272299	NEARBOUND	6.907320	1.750820	1.474890	22.907320	0.000000
16.000000	4.009935	4.129859	NEARBOUND	-16.274900	2.264000	2.262080	-32.274900	0.000000
16.000000	3.794128	3.809081	NEARBOUND	-25.954400	2.276310	1.842050	-41.954400	0.000000
16.000000	4.395209	4.375877	NEARBOUND	-8.373790	2.258120	2.426490	-24.373790	0.000001
16.000000	4.743163	4.006939	FARBOUND	1.992470	2.594490	2.652020	17.992470	0.000000
16.000000	4.743163	4.006939	NEARBOUND	1.992470	2.594490	2.652020	17.992470	0.000000
16.000000	4.798711	4.110713	NEARBOUND	-8.564630	2.314270	2.371240	-24.564630	0.000000
16.000000	4.304699	4.052053	FARBOUND	16.117500	2.338500	1.943080	32.117500	0.000000
16.000000	4.088384	4.034108	NEARBOUND	16.117500	2.338500	1.943080	32.117500	0.000000
16.000000	4.210753	4.007189	FARBOUND	-4.378950	2.992190	3.102470	11.621050	0.000004
16.000000	4.288678	4.258789	NEARBOUND	-4.378950	2.992190	3.102470	11.621050	0.000004
16.000000	4.141333	4.044414	NEARBOUND	-1.167170	2.233340	2.213290	-17.167170	0.000000
16.000000	4.073767	4.025983	NEARBOUND	-24.174500	1.796510	1.759090	-40.174500	0.000000
16.000000	4.406092	3.902456	FARBOUND	-6.737250	2.061630	2.027420	9.262750	0.000000
16.000000	4.370910	3.976551	FARBOUND	18.823000	2.164820	1.672260	34.823000	0.000000
16.000000	4.762708	3.940597	NEARBOUND	18.823000	2.164820	1.672260	34.823000	0.000000
16.000000	4.235907	4.358320	NEARBOUND	-7.823170	2.367720	2.589570	-23.823170	0.000000
16.000000	4.551926	3.866449	FARBOUND	19.083100	2.059680	1.440730	35.083100	0.000000
16.000000	4.381494	3.741686	NEARBOUND	19.083100	2.059680	1.440730	35.083100	0.000000
16.000000	4.295673	4.021018	NEARBOUND	-19.497300	2.445660	2.665370	-35.497300	0.000000
16.000000	4.200134	4.305558	NEARBOUND	-22.017900	2.272190	2.455940	-38.017900	0.000003
16.000000	4.363145	4.232928	NEARBOUND	-26.233800	2.279920	1.970760	-42.233800	0.000000
16.000000	4.107796	4.207704	FARBOUND	19.134600	1.929030	0.961316	35.134600	0.000001
16.000000	4.107796	4.207704	NEARBOUND	19.134600	1.929030	0.961316	35.134600	0.000001
16.000000	4.549924	4.047448	FARBOUND	-2.409810	2.167330	2.180460	13.590190	0.000000
16.000000	4.549924	4.047448	NEARBOUND	-2.409810	2.167330	2.180460	13.590190	0.000000
16.000000	3.876782	4.144899	FARBOUND	13.453100	1.969020	1.444420	29.453100	0.000000
16.000000	4.158556	3.667758	NEARBOUND	13.453100	1.969020	1.444420	29.453100	0.000000
16.000000	3.877457	3.793085	NEARBOUND	-10.218500	2.237350	2.568200	-26.218500	0.000001
16.000000	4.083983	4.142226	NEARBOUND	-6.874810	2.434340	2.507820	-22.874810	0.000001
16.000000	4.791853	4.700189	NEARBOUND	-7.536200	2.565410	2.659670	-23.536200	0.000000
16.000000	4.142669	3.700991	NEARBOUND	-7.316760	2.325860	2.391970	-23.316760	0.000001
16.000000	4.230254	3.763872	NEARBOUND	-2.569620	3.213690	3.390910	-18.569620	0.000001
16.000000	4.359805	4.178282	NEARBOUND	-22.821300	2.116850	1.943760	-38.821300	0.000000
16.000000	4.735241	4.015050	NEARBOUND	-1.926830	3.144880	3.228740	-17.926830	0.000001
16.000000	4.521870	3.609798	FARBOUND	-3.012310	3.177700	3.323000	12.987690	0.000002
16.000000	4.211312	3.729255	NEARBOUND	-3.012310	3.177700	3.323000	12.987690	0.000002
16.000000	4.332880	4.265308	NEARBOUND	-2.461890	2.410900	2.702880	-18.461890	0.000001
16.000000	4.334383	3.710658	FARBOUND	-12.188000	2.524630	2.587010	3.812000	0.000003
16.000000	4.471624	4.710572	NEARBOUND	-12.188000	2.524630	2.587010	3.812000	0.000003
16.000000	4.602164	4.330112	FARBOUND	11.762400	2.554280	2.336550	27.762400	0.000000
16.000000	4.235010	3.572425	NEARBOUND	11.762400	2.554280	2.336550	27.762400	0.000000
16.000000	4.423931	4.119726	FARBOUND	0.569577	1.534000	1.508250	16.569577	0.000000
16.000000	4.035126	4.101408	FARBOUND	12.973100	2.025660	1.671490	28.973100	0.000000
16.000000	4.171854	3.809196	FARBOUND	6.184510	1.761870	1.529800	22.184510	0.000000
16.000000	4.171854	3.809196	NEARBOUND	6.184510	1.761870	1.529800	22.184510	0.000000
16.000000	3.546660	3.937279	FARBOUND	-1.757440	1.582710	1.504370	14.242560	0.000001
16.000000	4.384050	4.177013	FARBOUND	-3.766080	2.854460	3.074350	12.233920	0.000008
16.000000	4.500045	4.001183	FARBOUND	-18.180600	2.292540	2.322160	-2.180600	0.000004
16.000000	4.528161	3.931586	NEARBOUND	-18.180600	2.292540	2.322160	-2.180600	0.000004
16.000000	4.307222	4.009973	NEARBOUND	-3.596890	3.044220	3.300210	-19.596890	0.000001
16.000000	4.897555	4.080550	NEARBOUND	-3.447640	3.218400	3.425410	-19.447640	0.000001
16.000000	4.729403	4.008435	FARBOUND	-22.938100	2.393120	2.201610	-6.938100	0.000001
16.000000	3.768508	3.885516	NEARBOUND	-22.938100	2.393120	2.201610	-6.938100	0.000001
16.000000	4.638544	3.918199	FARBOUND	13.927700	2.411590	2.322820	29.927700	0.000000
16.000000	4.908924	3.749312	FARBOUND	-6.521790	3.019510	3.367840	9.478210	0.000003
16.000000	3.957823	4.190257	NEARBOUND	-6.521790	3.019510	3.367840	9.478210	0.000003
16.000000	4.880605	3.644672	FARBOUND	-20.767500	2.114540	2.100860	-4.767500	0.000004
16.000000	4.591435	3.979503	FARBOUND	-5.930500	2.369220	2.395760	10.069500	0.000000
16.000000	4.741919	4.133645	NEARBOUND	-5.930500	2.369220	2.395760	10.069500	0.000000
16.000000	4.327259	3.996123	NEARBOUND	8.592720	1.835200	1.495660	-7.407280	0.000000
16.000000	4.594517	4.174908	NEARBOUND	-16.775700	2.402710	2.142600	-32.775700	0.000000
16.000000	4.128115	4.288996	FARBOUND	9.279680	1.684270	1.137850	25.279680	0.000000
16.000000	4.528543	4.193350	NEARBOUND	9.279680	1.684270	1.137850	25.279680	0.000000
16.000000	4.380105	3.696118	FARBOUND	15.798500	2.363500	2.296720	31.798500	0.000000
16.000000	4.931558	3.975671	FARBOUND	3.354290	1.708750	1.713890	19.354290	0.000002
16.000000	4.091755	3.804847	FARBOUND	21.795800	2.095750	1.219820	37.795800	0.000000
16.000000	3.957865	3.995207	NEARBOUND	21.795800	2.095750	1.219820	37.795800	0.000000
16.000000	4.248140	4.173057	NEARBOUND	-15.785900	2.160690	1.933720	-31.785900	0.000000
16.000000	4.063036	3.670085	FARBOUND	15.264300	1.982430	1.337540	31.264300	0.000001
16.000000	4.255180	3.881676	FARBOUND	17.475500	2.085360	1.496260	33.475500	0.000000
16.000000	4.453765	4.199081	FARBOUND	18.403600	1.990140	1.226740	34.403600	0.000000
16.000000	4.506060	4.059721	FARBOUND	-6.943330	2.162330	2.050930	9.056670	0.000001
16.000000	4.482883	3.805320	NEARBOUND	-6.943330	2.162330	2.050930	9.056670	0.000001
16.000000	4.028072	4.475186	FARBOUND	-1.843240	1.797530	1.733650	14.156760	0.000000
16.000000	4.638997	4.142519	NEARBOUND	-1.843240	1.797530	1.733650	14.156760	0.000000
16.000000	4.315306	4.435705	NEARBOUND	-23.216000	2.255770	2.186820	-39.216000	0.000000
16.000000	4.189392	4.147591	FARBOUND	25.401700	2.218720	1.406080	41.401700	0.000000
16.000000	4.761575	3.926664	NEARBOUND	25.401700	2.218720	1.406080	41.401700	0.000000
16.000000	4.101420	4.245527	FARBOUND	2.234970	1.823210	1.744770	18.234970	0.000000
16.000000	4.561209	3.857225	NEARBOUND	2.234970	1.823210	1.744770	18.234970	0.000000
16.000000	5.005371	3.902596	FARBOUND	-8.760960	2.893320	3.246210	7.239040	0.000001
16.000000	4.848249	3.962938	FARBOUND	3.498230	2.511380	2.545170	19.498230	0.000000
16.000000	4.585778	4.527951	FARBOUND	12.903200	1.890570	1.448110	28.903200	0.000000
16.000000	4.512162	4.136595	FARBOUND	10.716300	2.524590	2.417460	26.716300	0.000000
16.000000	4.505589	3.874537	FARBOUND	-10.847600	2.486930	2.772330	5.152400	0.000000
16.000000	4.803466	4.594725	FARBOUND	-2.856250	1.682210	1.564130	13.143750	0.000002
16.000000	4.343731	3.838711	FARBOUND	-14.949600	2.338740	2.291970	1.050400	0.000001
16.000000	4.343731	3.838711	NEARBOUND	-14.949600	2.338740	2.291970	1.050400	0.000001
16.000000	4.214761	4.057847	FARBOUND	-27.118000	2.424240	2.486330	-11.118000	0.000002
16.000000	3.852981	4.164589	FARBOUND	-24.628400	2.171470	1.792190	-8.628400	0.000001
16.000000	4.315580	4.191629	FARBOUND	4.391760	0.967238	0.623821	20.391760	0.000002
16.000000	4.269408	4.055733	NEARBOUND	4.391760	0.967238	0.623821	20.391760	0.000002
16.000000	4.196503	4.113648	NEARBOUND	-4.629260	2.976860	3.345080	-20.629260	0.000002
16.000000	4.220506	4.220624	NEARBOUND	-12.470900	2.279030	2.456360	-28.470900	0.000001
16.000000	4.564816	3.984583	FARBOUND	-2.649700	3.225920	3.403020	13.350300	0.000001
16.000000	3.447944	3.925984	FARBOUND	16.786000	2.143470	1.618790	32.786000	0.000000
16.000000	4.815965	4.513150	NEARBOUND	16.786000	2.143470	1.618790	32.786000	0.000000
16.000000	3.950425	4.451443	NEARBOUND	-9.468290	2.550960	2.889240	-25.468290	0.000003
16.000000	4.396654	3.899735	FARBOUND	-1.080860	2.849740	2.954350	14.919140	0.000002
16.000000	4.118014	4.340788	FARBOUND	7.772940	1.573550	1.023480	23.772940	0.000000
16.000000	4.436193	3.999262	NEARBOUND	7.772940	1.573550	1.023480	23.772940	0.000000
16.000000	4.483556	4.014542	NEARBOUND	-6.934720	2.433050	2.576950	-22.934720	0.000000
16.000000	4.171093	3.772918	FARBOUND	5.839450	1.838940	1.666220	21.839450	0.000000
16.000000	4.739685	3.969905	NEARBOUND	5.839450	1.838940	1.666220	21.839450	0.000000
16.000000	4.121823	3.872303	FARBOUND	16.667300	2.203540	1.815490	32.667300	0.000000
16.000000	4.045172	3.892085	FARBOUND	16.116400	1.941470	1.508870	32.116400	0.000000
16.000000	4.023001	3.923103	FARBOUND	6.331590	1.634020	1.291360	22.331590	0.000002
16.000000	4.023001	3.923103	NEARBOUND	6.331590	1.634020	1.291360	22.331590	0.000002
16.000000	4.107157	3.741151	FARBOUND	10.341100	2.165510	2.070430	26.341100	0.000000
16.000000	4.197955	3.855852	FARBOUND	-8.546400	2.078840	1.868310	7.453600	0.000001
16.000000	4.202659	4.125647	NEARBOUND	-8.546400	2.078840	1.868310	7.453600	0.000001
16.000000	4.400729	4.161290	FARBOUND	2.663760	1.578280	1.451730	18.663760	0.000000
16.000000	4.400729	4.161290	NEARBOUND	2.663760	1.578280	1.451730	18.663760	0.000000
16.000000	3.772082	3.622218	FARBOUND	7.152360	1.336990	0.939315	23.152360	0.000001
16.000000	4.568449	4.115415	FARBOUND	14.121300	1.927470	1.701920	30.121300	0.000000
16.000000	4.198622	3.639536	NEARBOUND	14.121300	1.927470	1.701920	30.121300	0.000000
16.000000	4.484032	4.173525	NEARBOUND	-13.868500	2.360170	2.337530	-29.868500	0.000000
16.000000	4.238605	4.249098	NEARBOUND	-20.269700	2.250070	1.824510	-36.269700	0.000000
16.000000	3.837203	4.251255	NEARBOUND	-34.263300	2.430830	1.875720	-50.263300	0.000000
16.000000	4.171400	4.027208	NEARBOUND	-23.622100	2.192130	1.505420	-39.622100	0.000000
16.000000	4.488921	3.956262	NEARBOUND	-24.922200	2.191350	1.953230	-40.922200	0.000000
16.000000	4.315877	4.098084	FARBOUND	9.059180	1.990580	1.734340	25.059180	0.000000
16.000000	4.315877	4.098084	NEARBOUND	9.059180	1.990580	1.734340	25.059180	0.000000
16.000000	4.430988	4.002729	FARBOUND	23.524300	2.343930	1.712090	39.524300	0.000000
16.000000	4.080001	3.870207	FARBOUND	18.792000	1.983050	1.123450	34.792000	0.000000
16.000000	4.252052	4.285995	NEARBOUND	18.792000	1.983050	1.123450	34.792000	0.000000
16.000000	4.353887	4.416990	FARBOUND	3.324480	1.515530	1.279570	19.324480	0.000001
16.000000	4.232523	4.128373	FARBOUND	3.530990	1.186460	0.902431	19.530990	0.000001
16.000000	4.111958	3.793394	FARBOUND	13.765300	2.169840	1.972860	29.765300	0.000000
16.000000	4.604001	4.190189	FARBOUND	-0.026148	2.417110	2.416700	15.973852	0.000000
16.000000	4.232883	4.005965	FARBOUND	4.225680	1.923960	1.801050	20.225680	0.000000
16.000000	4.351869	4.470617	NEARBOUND	4.225680	1.923960	1.801050	20.225680	0.000000
16.000000	4.244136	3.840705	NEARBOUND	-16.322500	2.404920	1.835530	-32.322500	0.000000
16.000000	3.598775	3.783734	NEARBOUND	-16.154400	2.084950	1.925170	-32.154400	0.000000
16.000000	4.000008	3.910703	NEARBOUND	-1.929120	3.184240	3.278590	-17.929120	0.000001
16.000000	4.760817	4.302182	FARBOUND	5.202050	1.094390	0.743368	21.202050	0.000001
16.000000	4.628234	4.239902	FARBOUND	-4.988260	3.158370	3.466590	11.011740	0.000002
16.000000	3.705702	3.904251	NEARBOUND	-4.988260	3.158370	3.466590	11.011740	0.000002
16.000000	4.214002	3.598467	FARBOUND	11.931100	2.127980	1.909920	27.931100	0.000000
16.000000	4.172514	3.812897	NEARBOUND	11.931100	2.127980	1.909920	27.931100	0.000000
16.000000	4.364650	4.039656	NEARBOUND	-15.209600	2.407400	2.409850	-31.209600	0.000000
16.000000	4.059718	3.809727	FARBOUND	16.839500	1.946510	1.286400	32.839500	0.000000
16.000000	4.537067	4.013503	FARBOUND	-29.314300	2.256000	1.939260	-13.314300	0.000001
16.000000	4.537067	4.013503	NEARBOUND	-29.314300	2.256000	1.939260	-13.314300	0.000001
16.000000	4.555791	4.188061	NEARBOUND	-14.547700	2.403320	2.530980	-30.547700	0.000003
16.000000	4.825368	4.457386	FARBOUND	21.497500	2.084510	1.267900	37.497500	0.000000
16.000000	4.792487	4.470533	FARBOUND	8.763810	1.662700	1.167170	24.763810	0.000001
16.000000	4.495719	4.109170	FARBOUND	3.451560	1.582710	1.389420	19.451560	0.000000
16.000000	4.492766	4.736942	FARBOUND	15.220600	1.970370	1.337950	31.220600	0.000000
16.000000	4.091986	4.213044	FARBOUND	12.904100	1.846290	1.256240	28.904100	0.000000
16.000000	4.091986	4.213044	NEARBOUND	12.904100	1.846290	1.256240	28.904100	0.000000
16.000000	4.158974	4.038658	NEARBOUND	-27.204400	2.251030	2.050370	-43.204400	0.000000
16.000000	4.404947	3.852827	FARBOUND	-1.609410	2.499670	2.562250	14.390590	0.000002
16.000000	4.230522	3.990808	FARBOUND	13.227600	1.951460	1.496650	29.227600	0.000000
16.000000	4.675752	4.181416	FARBOUND	-8.453080	2.120610	2.139240	7.546920	0.000000
16.000000	4.675752	4.181416	NEARBOUND	-8.453080	2.120610	2.139240	7.546920	0.000000
16.000000	4.522010	4.293206	NEARBOUND	-8.584600	2.253630	2.350120	-24.584600	0.000000
16.000000	4.561719	4.284732	FARBOUND	4.848940	2.135620	2.057550	20.848940	0.000000
16.000000	5.019828	4.104823	FARBOUND	-6.301740	3.378950	3.642210	9.698260	0.000001
16.000000	4.297671	4.255204	FARBOUND	-12.609400	2.463110	2.552860	3.390600	0.000001
16.000000	4.408425	3.973721	FARBOUND	-11.897200	3.293590	3.751270	4.102800	0.000004
16.000000	3.837850	4.137353	FARBOUND	19.960400	2.186460	1.637670	35.960400	0.000000
16.000000	3.810491	3.640921	FARBOUND	-8.155520	3.005540	3.414970	7.844480	0.000001
16.000000	4.707943	4.159868	NEARBOUND	-8.155520	3.005540	3.414970	7.844480	0.000001
16.000000	4.385693	3.995484	NEARBOUND	-5.599570	2.492160	2.953040	-21.599570	0.000001
16.000000	4.591772	3.697154	FARBOUND	-1.905790	2.022130	2.043830	14.094210	0.000001
16.000000	4.210777	3.571850	FARBOUND	-18.244400	2.032120	1.857470	-2.244400	0.000000
16.000000	4.421443	3.673210	FARBOUND	-2.286320	3.381550	3.510000	13.713680	0.000002
16.000000	4.381257	4.322188	NEARBOUND	-2.286320	3.381550	3.510000	13.713680	0.000002
16.000000	4.824610	4.172186	FARBOUND	-2.297290	3.173490	3.430340	13.702710	0.000004
16.000000	4.719140	4.318835	FARBOUND	15.659700	2.707440	2.412120	31.659700	0.000000
16.000000	4.251059	3.997320	FARBOUND	7.786420	1.344630	0.888047	23.786420	0.000001
16.000000	4.140415	3.529641	NEARBOUND	7.786420	1.344630	0.888047	23.786420	0.000001
16.000000	4.160450	3.883642	FARBOUND	-16.911900	2.288380	2.191230	-0.911900	0.000000
16.000000	4.522019	4.264851	FARBOUND	18.035400	2.405490	2.043940	34.035400	0.000000
16.000000	4.450967	3.946731	FARBOUND	2.745220	1.742310	1.643610	18.745220	0.000002
16.000000	4.218727	4.350061	NEARBOUND	2.745220	1.742310	1.643610	18.745220	0.000002
16.000000	4.091608	4.015322	FARBOUND	4.954690	1.513170	1.226420	20.954690	0.000001
16.000000	4.460054	3.883497	NEARBOUND	4.954690	1.513170	1.226420	20.954690	0.000001
16.000000	4.481556	3.686134	FARBOUND	-2.144840	3.334550	3.489490	13.855160	0.000003
16.000000	4.491086	4.298072	FARBOUND	11.277500	1.769970	1.257730	27.277500	0.000001
16.000000	4.374462	3.944633	FARBOUND	8.984300	1.286060	0.634444	24.984300	0.000000
16.000000	4.572956	4.159971	FARBOUND	13.013000	2.385960	2.307450	29.013000	0.000000
16.000000	4.314200	4.450434	FARBOUND	8.652190	1.752210	1.370240	24.652190	0.000000
16.000000	4.261645	4.327821	NEARBOUND	8.652190	1.752210	1.370240	24.652190	0.000000
16.000000	4.540381	3.912472	FARBOUND	-13.685200	2.434370	2.453660	2.314800	0.000005
16.000000	4.540381	3.912472	NEARBOUND	-13.685200	2.434370	2.453660	2.314800	0.000005
16.000000	3.758461	4.389799	FARBOUND	-1.977540	2.361610	2.487130	14.022460	0.000004
16.000000	4.257064	4.148313	NEARBOUND	-1.977540	2.361610	2.487130	14.022460	0.000004
16.000000	4.304617	4.431212	FARBOUND	-15.621900	2.166440	2.052160	0.378100	0.000001
16.000000	4.018819	3.902334	FARBOUND	13.429600	2.047270	1.630090	29.429600	0.000000
16.000000	4.631632	4.428843	FARBOUND	2.010290	2.210100	2.205320	18.010290	0.000000
16.000000	4.329102	4.174477	NEARBOUND	2.010290	2.210100	2.205320	18.010290	0.000000
16.000000	4.311453	3.827455	NEARBOUND	-18.046600	2.289910	2.298760	-34.046600	0.000000
16.000000	4.054692	3.820432	NEARBOUND	-7.191860	2.075430	2.316380	-23.191860	0.000000
16.000000	4.622061	3.966621	FARBOUND	6.565350	1.983090	1.907630	22.565350	0.000000
16.000000	4.824540	3.889713	FARBOUND	-3.441570	3.081810	3.248930	12.558430	0.000000
16.000000	4.719783	4.294884	FARBOUND	8.486250	1.803200	1.455930	24.486250	0.000000
16.000000	4.280910	3.903687	FARBOUND	1.503110	1.035380	0.880172	17.503110	0.000000
16.000000	4.173671	3.675174	FARBOUND	-4.597830	2.875620	3.135040	11.402170	0.000002
16.000000	4.069555	3.962063	FARBOUND	13.271600	1.984610	1.630770	29.271600	0.000000
16.000000	4.069555	3.962063	NEARBOUND	13.271600	1.984610	1.630770	29.271600	0.000000
16.000000	4.412828	4.183260	FARBOUND	30.725000	2.271230	1.184420	46.725000	0.000000
16.000000	4.412828	4.183260	NEARBOUND	30.725000	2.271230	1.184420	46.725000	0.000000
16.000000	4.220719	3.881295	FARBOUND	20.605600	2.063300	1.246910	36.605600	0.000001
16.000000	3.785509	3.478976	FARBOUND	5.129360	2.332710	2.229890	21.129360	0.000000
16.000000	4.418188	4.391761	FARBOUND	2.408790	1.142890	0.956515	18.408790	0.000000
16.000000	4.290964	4.104046	FARBOUND	-6.929630	2.865180	3.067720	9.070370	0.000004
16.000000	4.794739	4.164565	NEARBOUND	-6.929630	2.865180	3.067720	9.070370	0.000004
16.000000	3.945589	3.654230	NEARBOUND	-19.795700	2.606350	2.773450	-35.795700	0.000003
16.000000	4.186301	3.934625	FARBOUND	-9.287910	2.113040	1.990620	6.712090	0.000000
16.000000	4.186301	3.934625	NEARBOUND	-9.287910	2.113040	1.990620	6.712090	0.000000
16.000000	4.085533	3.875198	FARBOUND	12.247100	1.737120	0.834348	28.247100	0.000001
16.000000	4.411172	4.271641	FARBOUND	1.578800	0.728583	0.405350	17.578800	0.000001
16.000000	4.352382	4.168499	NEARBOUND	1.578800	0.728583	0.405350	17.578800	0.000001
16.000000	4.120555	4.023718	FARBOUND	10.448700	1.735060	1.237200	26.448700	0.000000
16.000000	4.463836	4.101034	FARBOUND	12.099600	2.226790	2.154680	28.099600	0.000000
16.000000	4.256740	4.133314	FARBOUND	11.749500	2.058850	1.818450	27.749500	0.000000
16.000000	4.028349	4.066042	FARBOUND	16.647100	1.873480	0.998265	32.647100	0.000000
16.000000	4.529123	3.960894	FARBOUND	8.248120	1.838620	1.691540	24.248120	0.000000
16.000000	4.141279	4.177163	NEARBOUND	8.248120	1.838620	1.691540	24.248120	0.000000
16.000000	4.219316	4.154802	FARBOUND	0.312897	3.002520	3.012030	16.312897	0.000001
16.000000	4.494786	3.591308	FARBOUND	-5.629070	3.056110	3.502630	10.370930	0.000001
16.000000	4.484208	4.114264	FARBOUND	16.002400	1.656250	0.823075	32.002400	0.000001
16.000000	4.484208	4.114264	NEARBOUND	16.002400	1.656250	0.823075	32.002400	0.000001
16.000000	4.795427	3.995106	FARBOUND	0.979093	2.368480	2.411190	16.979093	0.000003
16.000000	4.296418	3.870936	FARBOUND	1.145490	1.173610	1.100200	17.145490	0.000001
16.000000	4.296418	3.870936	NEARBOUND	1.145490	1.173610	1.100200	17.145490	0.000001
16.000000	4.540870	3.934934	NEARBOUND	-37.167300	2.047250	1.503770	-53.167300	0.000000
16.000000	4.212240	4.242467	FARBOUND	9.783590	1.503700	1.000450	25.783590	0.000000
16.000000	4.222524	4.527753	NEARBOUND	9.783590	1.503700	1.000450	25.783590	0.000000
16.000000	3.839888	3.808169	NEARBOUND	-14.788800	2.235680	1.794250	-30.788800	0.000000
16.000000	4.456212	3.999351	NEARBOUND	1.020860	1.747530	1.711600	-14.979140	0.000000
16.000000	4.244162	4.122171	FARBOUND	3.188430	0.835264	0.493273	19.188430	0.000001
16.000000	4.283519	4.222468	FARBOUND	13.670100	2.312330	1.978760	29.670100	0.000000
16.000000	4.476551	4.366694	NEARBOUND	13.670100	2.312330	1.978760	29.670100	0.000000
16.000000	4.394080	4.051996	NEARBOUND	-15.502800	2.147650	2.383700	-31.502800	0.000001
16.000000	4.289521	4.060075	NEARBOUND	-16.096700	2.544120	2.608140	-32.096700	0.000000
16.000000	4.176366	3.854945	NEARBOUND	-14.458300	2.537730	2.785050	-30.458300	0.000000
16.000000	4.664303	3.982211	NEARBOUND	3.401360	1.062620	0.809350	-12.598640	0.000001
16.000000	3.969065	4.076172	FARBOUND	16.888100	1.993460	1.578810	32.888100	0.000000
16.000000	4.586294	4.172193	NEARBOUND	16.888100	1.993460	1.578810	32.888100	0.000000
16.000000	4.323708	3.585175	FARBOUND	18.618900	2.450120	2.380650	34.618900	0.000000
16.000000	4.182710	3.940044	FARBOUND	15.068600	2.024180	1.599540	31.068600	0.000000
16.000000	4.182710	3.940044	NEARBOUND	15.068600	2.024180	1.599540	31.068600	0.000000
16.000000	4.574157	3.846666	FARBOUND	-4.173500	2.292090	2.641580	11.826500	0.000001
16.000000	4.581852	4.253787	FARBOUND	2.243770	1.541700	1.423350	18.243770	0.000000
16.000000	4.723280	3.684785	NEARBOUND	2.243770	1.541700	1.423350	18.243770	0.000000
16.000000	4.222916	4.003483	FARBOUND	2.602770	1.190580	1.045630	18.602770	0.000001
16.000000	4.269205	3.857694	FARBOUND	-5.651070	1.875960	1.719210	10.348930	0.000000
16.000000	4.321054	3.938098	NEARBOUND	-5.651070	1.875960	1.719210	10.348930	0.000000
16.000000	4.208337	4.054755	FARBOUND	8.464970	1.900020	1.582570	24.464970	0.000000
16.000000	4.759280	4.491028	NEARBOUND	8.464970	1.900020	1.582570	24.464970	0.000000
16.000000	4.388503	4.029048	FARBOUND	0.272101	2.281530	2.281500	16.272101	0.000000
16.000000	4.609530	4.014019	FARBOUND	-23.928900	2.234760	2.007940	-7.928900	0.000002
16.000000	4.286207	4.293585	NEARBOUND	-23.928900	2.234760	2.007940	-7.928900	0.000002
16.000000	4.112670	3.785773	NEARBOUND	-1.505480	3.053380	3.280540	-17.505480	0.000003
16.000000	4.575056	4.190721	FARBOUND	-4.036490	2.165820	2.464420	11.963510	0.000001
16.000000	4.563904	4.132485	FARBOUND	5.473130	2.055720	2.066050	21.473130	0.000000
16.000000	4.508259	4.193757	FARBOUND	2.814580	1.408860	1.249310	18.814580	0.000000
16.000000	4.341445	3.740779	FARBOUND	-2.127290	2.339870	2.365820	13.872710	0.000000
16.000000	4.815136	4.172301	FARBOUND	-8.641870	2.555510	2.917660	7.358130	0.000000
16.000000	4.550716	4.369308	FARBOUND	17.128900	2.030830	1.419940	33.128900	0.000001
16.000000	3.912680	4.078477	NEARBOUND	17.128900	2.030830	1.419940	33.128900	0.000001
16.000000	4.208763	4.054129	NEARBOUND	-3.200400	2.850460	2.982180	-19.200400	0.000003
16.000000	4.293514	4.109510	NEARBOUND	-19.958200	2.079120	1.920830	-35.958200	0.000000
16.000000	4.594787	4.255392	NEARBOUND	-1.636420	3.255770	3.340820	-17.636420	0.000007
16.000000	4.334661	3.905797	NEARBOUND	-5.608580	2.916220	3.176240	-21.608580	0.000001
16.000000	4.371279	3.502490	FARBOUND	-19.049700	2.092950	1.949620	-3.049700	0.000000
16.000000	4.546375	4.143711	NEARBOUND	-19.049700	2.092950	1.949620	-3.049700	0.000000
16.000000	4.801567	4.033848	NEARBOUND	-5.032390	2.784780	2.940970	-21.032390	0.000002
16.000000	5.279229	4.469159	FARBOUND	-7.040200	3.200160	3.582460	8.959800	0.000000
16.000000	4.642894	4.142980	FARBOUND	18.347500	2.029540	1.270750	34.347500	0.000000
16.000000	3.946886	3.870937	FARBOUND	14.059400	1.970890	1.494440	30.059400	0.000000
16.000000	4.076475	3.637554	FARBOUND	18.222300	2.130000	1.968680	34.222300	0.000000
16.000000	4.076475	3.637554	NEARBOUND	18.222300	2.130000	1.968680	34.222300	0.000000
16.000000	4.346790	4.391998	FARBOUND	16.844300	2.292500	1.790760	32.844300	0.000000
16.000000	4.540396	4.361146	FARBOUND	11.295400	1.851100	1.369920	27.295400	0.000000
16.000000	3.895618	4.148926	FARBOUND	-1.719230	1.771750	1.713880	14.280770	0.000000
16.000000	3.895618	4.148926	NEARBOUND	-1.719230	1.771750	1.713880	14.280770	0.000000
16.000000	4.533492	3.871386	FARBOUND	15.569900	2.387960	2.359870	31.569900	0.000000
16.000000	4.533492	3.871386	NEARBOUND	15.569900	2.387960	2.359870	31.569900	0.000000
16.000000	4.579694	4.115821	FARBOUND	16.056100	2.296550	2.075200	32.056100	0.000000
16.000000	4.224693	3.942120	FARBOUND	12.397600	1.942380	1.534880	28.397600	0.000000
16.000000	4.349270	3.994580	NEARBOUND	12.397600	1.942380	1.534880	28.397600	0.000000
16.000000	4.332711	4.305382	FARBOUND	5.041400	1.579060	1.320250	21.041400	0.000000
16.000000	4.332711	4.305382	NEARBOUND	5.041400	1.579060	1.320250	21.041400	0.000000
16.000000	4.401878	4.011134	FARBOUND	20.207200	2.094540	1.480140	36.207200	0.000000
16.000000	4.103451	3.963132	NEARBOUND	20.207200	2.094540	1.480140	36.207200	0.000000
16.000000	4.738530	4.350121	FARBOUND	-25.169700	1.995140	1.827570	-9.169700	0.000001
16.000000	4.494072	3.866859	FARBOUND	14.050100	2.549150	2.493780	30.050100	0.000000
16.000000	4.971224	4.343401	FARBOUND	-10.446300	2.747690	2.934030	5.553700	0.000000
16.000000	4.378560	3.820118	NEARBOUND	-10.446300	2.747690	2.934030	5.553700	0.000000
16.000000	4.157737	4.246339	FARBOUND	4.704340	1.419850	0.990257	20.704340	0.000001
16.000000	4.594414	4.053299	FARBOUND	11.188900	2.238270	2.166560	27.188900	0.000000
16.000000	4.594414	4.053299	NEARBOUND	11.188900	2.238270	2.166560	27.188900	0.000000
16.000000	4.826930	4.032698	NEARBOUND	-1.985770	2.626320	2.665820	-17.985770	0.000001
16.000000	4.136291	4.139515	FARBOUND	-4.046490	2.925570	3.096670	11.953510	0.000001
16.000000	4.136291	4.139515	NEARBOUND	-4.046490	2.925570	3.096670	11.953510	0.000001
16.000000	4.317317	4.132650	FARBOUND	14.160100	2.265700	1.965940	30.160100	0.000000
16.000000	3.981136	3.819004	FARBOUND	6.799810	1.575610	1.109060	22.799810	0.000001
16.000000	4.178247	4.238649	NEARBOUND	6.799810	1.575610	1.109060	22.799810	0.000001
16.000000	4.595244	4.143386	FARBOUND	-0.739965	2.507910	2.536900	15.260035	0.000002
16.000000	4.447715	3.497653	NEARBOUND	-0.739965	2.507910	2.536900	15.260035	0.000002
16.000000	3.902541	4.279876	NEARBOUND	-4.401350	3.507340	3.674730	-20.401350	0.000002
16.000000	3.857640	4.118857	FARBOUND	15.877800	1.927210	1.288810	31.877800	0.000000
16.000000	4.596724	3.937677	FARBOUND	11.347800	2.304590	2.326420	27.347800	0.000000
16.000000	4.598293	3.773063	FARBOUND	2.976330	2.303790	2.337380	18.976330	0.000001
16.000000	4.683611	4.163935	FARBOUND	-3.064300	3.148350	3.324590	12.935700	0.000004
16.000000	4.550524	3.554879	FARBOUND	-8.383040	3.325520	3.701680	7.616960	0.000003
16.000000	4.320590	3.872511	FARBOUND	4.007450	0.907402	0.549354	20.007450	0.000001
16.000000	4.115947	4.058220	NEARBOUND	4.007450	0.907402	0.549354	20.007450	0.000001
16.000000	4.034871	3.683370	NEARBOUND	24.594500	2.189890	1.193520	8.594500	0.000000
16.000000	3.866061	3.935671	FARBOUND	0.883778	1.146780	1.079010	16.883778	0.000000
16.000000	4.174961	4.043289	FARBOUND	8.474850	1.699780	1.289030	24.474850	0.000000
16.000000	4.310493	4.329615	FARBOUND	16.649600	2.102650	1.690030	32.649600	0.000000
16.000000	4.473471	3.684003	FARBOUND	-13.496400	2.750040	2.987600	2.503600	0.000000
16.000000	4.191018	3.722319	NEARBOUND	-13.496400	2.750040	2.987600	2.503600	0.000000
16.000000	4.248354	4.034996	NEARBOUND	-24.170000	2.026990	2.181530	-40.170000	0.000000
16.000000	4.627582	4.386986	NEARBOUND	-5.637600	3.198230	3.572000	-21.637600	0.000001
16.000000	4.168839	4.292884	NEARBOUND	-14.124400	1.762990	1.530030	-30.124400	0.000000
16.000000	3.638833	4.086233	NEARBOUND	-29.542000	2.565250	2.227140	-45.542000	0.000000
16.000000	4.079841	4.046573	FARBOUND	18.622600	2.010510	1.214210	34.622600	0.000000
16.000000	4.094033	4.265060	NEARBOUND	18.622600	2.010510	1.214210	34.622600	0.000000
16.000000	4.153283	3.992736	FARBOUND	16.088700	1.983300	1.692250	32.088700	0.000000
16.000000	4.660787	4.145742	NEARBOUND	16.088700	1.983300	1.692250	32.088700	0.000000
16.000000	4.847358	3.796361	FARBOUND	-3.633100	3.247140	3.516250	12.366900	0.000000
16.000000	4.378673	4.312664	NEARBOUND	-3.633100	3.247140	3.516250	12.366900	0.000000
16.000000	4.088577	4.221506	FARBOUND	7.520430	1.675120	1.229080	23.520430	0.000000
16.000000	4.768686	4.302255	NEARBOUND	7.520430	1.675120	1.229080	23.520430	0.000000
16.000000	4.402436	4.130282	NEARBOUND	-24.913300	2.217020	1.872970	-40.913300	0.000000
16.000000	3.932905	3.528492	FARBOUND	8.176280	1.355910	0.901235	24.176280	0.000000
16.000000	4.394680	4.689303	FARBOUND	6.108020	1.245910	0.836815	22.108020	0.000000
16.000000	4.712122	3.719188	FARBOUND	-5.201930	3.271740	3.521610	10.798070	0.000000
16.000000	4.325182	4.059682	FARBOUND	11.915900	1.836210	1.318090	27.915900	0.000000
16.000000	4.325182	4.059682	NEARBOUND	11.915900	1.836210	1.318090	27.915900	0.000000
16.000000	4.760702	4.418808	NEARBOUND	-2.668930	3.113690	3.285580	-18.668930	0.000001
16.000000	4.489919	4.238212	FARBOUND	0.472290	1.748560	1.436280	16.472290	0.000000
16.000000	4.572224	3.863600	FARBOUND	13.322300	2.425760	2.465030	29.322300	0.000000
16.000000	4.446445	4.409719	FARBOUND	2.079230	1.746620	1.729930	18.079230	0.000000
16.000000	4.380589	4.033298	FARBOUND	5.434170	1.469600	1.103250	21.434170	0.000000
16.000000	4.189481	3.630216	FARBOUND	17.521100	2.002900	1.402940	33.521100	0.000000
16.000000	4.069634	4.187646	NEARBOUND	17.521100	2.002900	1.402940	33.521100	0.000000
16.000000	4.521482	3.947072	FARBOUND	15.106900	1.933290	1.422000	31.106900	0.000000
16.000000	4.857899	4.298116	NEARBOUND	15.106900	1.933290	1.422000	31.106900	0.000000
16.000000	4.385757	3.912621	FARBOUND	-20.269000	2.223350	1.943930	-4.269000	0.000000
16.000000	4.268021	3.803335	FARBOUND	-10.276300	2.177300	2.176240	5.723700	0.000001
16.000000	4.268021	3.803335	NEARBOUND	-10.276300	2.177300	2.176240	5.723700	0.000001
16.000000	4.046622	4.021368	FARBOUND	-8.096090	3.164320	3.486400	7.903910	0.000000
16.000000	4.046622	4.021368	NEARBOUND	-8.096090	3.164320	3.486400	7.903910	0.000000
16.000000	3.722581	3.883498	NEARBOUND	-15.381000	1.982750	1.938020	-31.381000	0.000000
16.000000	4.199570	4.182569	NEARBOUND	-17.128200	2.111520	2.130940	-33.128200	0.000003
16.000000	3.631274	4.169439	NEARBOUND	9.861230	1.655420	1.066090	-6.138770	0.000001
16.000000	4.204941	4.057263	FARBOUND	3.480080	1.496620	1.323360	19.480080	0.000002
16.000000	4.687854	3.682282	FARBOUND	-3.871220	2.909690	3.024330	12.128780	0.000001
16.000000	4.252323	4.235453	NEARBOUND	-3.871220	2.909690	3.024330	12.128780	0.000001
16.000000	4.451174	3.932352	FARBOUND	27.028900	2.199050	1.347170	43.028900	0.000000
16.000000	4.428546	4.084173	FARBOUND	-8.346470	2.370150	2.742530	7.653530	0.000000
16.000000	4.075053	3.868921	NEARBOUND	-8.346470	2.370150	2.742530	7.653530	0.000000
16.000000	4.149423	4.067748	NEARBOUND	-11.864400	2.159930	1.977870	-27.864400	0.000000
16.000000	4.358903	4.212879	FARBOUND	-2.880290	3.107620	3.234600	13.119710	0.000003
16.000000	4.568250	3.940735	NEARBOUND	-2.880290	3.107620	3.234600	13.119710	0.000003
16.000000	4.380263	4.066973	NEARBOUND	-9.987600	3.177930	3.510640	-25.987600	0.000000
16.000000	4.456679	4.079395	FARBOUND	15.158600	2.207220	2.024580	31.158600	0.000000
16.000000	4.223931	4.112970	FARBOUND	19.739700	2.113670	1.446760	35.739700	0.000000
16.000000	3.919218	4.078746	NEARBOUND	19.739700	2.113670	1.446760	35.739700	0.000000
16.000000	4.219577	4.243905	FARBOUND	14.172700	1.819740	1.099300	30.172700	0.000000
16.000000	4.650622	4.557378	FARBOUND	-4.253120	1.944620	1.830790	11.746880	0.000000
16.000000	4.262650	3.712984	FARBOUND	-7.974310	2.062290	1.831700	8.025690	0.000000
16.000000	4.189715	4.066187	NEARBOUND	-7.974310	2.062290	1.831700	8.025690	0.000000
16.000000	4.591009	3.806533	FARBOUND	-6.326230	2.549840	2.760930	9.673770	0.000003
16.000000	4.027554	3.411873	FARBOUND	3.275910	2.176790	2.162200	19.275910	0.000000
16.000000	4.604812	3.967041	FARBOUND	-0.277537	3.158930	3.172400	15.722463	0.000002
16.000000	4.292056	3.530941	FARBOUND	1.900240	2.241920	2.313820	17.900240	0.000000
16.000000	4.893400	4.394149	FARBOUND	22.390800	2.240950	1.914380	38.390800	0.000000
16.000000	4.598864	3.927655	FARBOUND	-6.446250	2.030330	2.219890	9.553750	0.000003
16.000000	4.190754	4.156847	NEARBOUND	-6.446250	2.030330	2.219890	9.553750	0.000003
16.000000	4.601053	4.311309	FARBOUND	9.592870	1.808190	1.399160	25.592870	0.000002
16.000000	4.217140	3.586769	FARBOUND	20.814500	2.248860	1.937610	36.814500	0.000000
16.000000	4.412917	4.331270	FARBOUND	12.424500	1.818180	1.238980	28.424500	0.000000
16.000000	4.152775	4.023644	FARBOUND	5.932670	1.216060	0.783303	21.932670	0.000001
16.000000	4.375548	3.962875	NEARBOUND	5.932670	1.216060	0.783303	21.932670	0.000001
16.000000	4.089115	3.799335	FARBOUND	12.726700	2.232840	2.021180	28.726700	0.000000
16.000000	4.518627	3.797929	FARBOUND	-9.283630	2.970010	3.359570	6.716370	0.000002
16.000000	4.209199	3.956591	FARBOUND	-2.229060	3.004580	3.046950	13.770940	0.000003
16.000000	4.306066	4.236925	FARBOUND	9.823710	1.755130	1.214980	25.823710	0.000000
16.000000	4.421429	4.249234	FARBOUND	4.524380	1.287000	0.921106	20.524380	0.000000
16.000000	4.258583	4.103741	FARBOUND	1.254010	0.791527	0.674481	17.254010	0.000001
16.000000	4.802913	4.415880	FARBOUND	23.136800	2.066160	0.974644	39.136800	0.000000
16.000000	4.188920	4.064841	FARBOUND	14.310100	1.813130	1.000990	30.310100	0.000000
16.000000	4.188920	4.064841	NEARBOUND	14.310100	1.813130	1.000990	30.310100	0.000000
16.000000	4.435568	4.235631	FARBOUND	15.975900	1.919550	1.192700	31.975900	0.000000
16.000000	4.338449	4.159646	FARBOUND	-5.027660	1.980570	1.798130	10.972340	0.000000
16.000000	4.338449	4.159646	NEARBOUND	-5.027660	1.980570	1.798130	10.972340	0.000000
16.000000	4.277550	4.238170	FARBOUND	1.578240	1.118980	0.958283	17.578240	0.000000
16.000000	4.083770	3.938930	NEARBOUND	1.578240	1.118980	0.958283	17.578240	0.000000
16.000000	4.166184	4.338979	FARBOUND	4.327560	1.291850	1.037660	20.327560	0.000000
16.000000	3.937862	4.081870	NEARBOUND	4.327560	1.291850	1.037660	20.327560	0.000000
16.000000	3.987224	3.988416	NEARBOUND	-3.848830	2.685390	2.803960	-19.848830	0.000004
16.000000	4.128575	4.291164	NEARBOUND	2.211590	2.292450	2.303690	-13.788410	0.000002
16.000000	4.307702	4.052766	FARBOUND	-8.204820	2.739460	2.943400	7.795180	0.000000
16.000000	5.127519	4.596531	FARBOUND	-6.060840	3.208400	3.462780	9.939160	0.000007
16.000000	5.014400	4.573574	FARBOUND	7.961370	2.057830	1.899670	23.961370	0.000000
16.000000	3.846706	4.204240	NEARBOUND	7.961370	2.057830	1.899670	23.961370	0.000000
16.000000	4.152252	4.439800	FARBOUND	13.854300	1.734720	1.053670	29.854300	0.000000
16.000000	4.152252	4.439800	NEARBOUND	13.854300	1.734720	1.053670	29.854300	0.000000
16.000000	4.313502	3.997763	FARBOUND	17.528500	2.471540	2.129960	33.528500	0.000000
16.000000	4.313502	3.997763	NEARBOUND	17.528500	2.471540	2.129960	33.528500	0.000000
16.000000	4.171369	4.204740	NEARBOUND	-2.632580	2.916100	2.992990	-18.632580	0.000001
16.000000	4.863471	4.865401	FARBOUND	7.045470	1.397220	0.906226	23.045470	0.000000
16.000000	4.789693	4.454549	NEARBOUND	7.045470	1.397220	0.906226	23.045470	0.000000
16.000000	3.969432	3.734588	FARBOUND	9.040400	1.573900	1.102560	25.040400	0.000000
16.000000	3.969432	3.734588	NEARBOUND	9.040400	1.573900	1.102560	25.040400	0.000000
16.000000	4.269553	4.149403	NEARBOUND	-3.129520	2.942330	3.154600	-19.129520	0.000001
16.000000	4.102452	3.921793	NEARBOUND	-6.298610	2.723130	3.000020	-22.298610	0.000001
16.000000	4.079469	4.075115	NEARBOUND	1.899450	1.444380	1.327020	-14.100550	0.000000
16.000000	3.792528	3.398524	FARBOUND	6.461560	1.602460	1.273960	22.461560	0.000001
16.000000	4.460913	3.841405	FARBOUND	-0.407946	3.137900	3.190140	15.592054	0.000007
16.000000	4.684018	3.730836	NEARBOUND	-0.407946	3.137900	3.190140	15.592054	0.000007
16.000000	4.049897	3.664479	FARBOUND	-14.155500	2.000250	2.148300	1.844500	0.000001
16.000000	4.049897	3.664479	NEARBOUND	-14.155500	2.000250	2.148300	1.844500	0.000001
16.000000	3.847036	3.983172	NEARBOUND	-3.783870	3.346080	3.568800	-19.783870	0.000004
16.000000	3.868859	3.957433	FARBOUND	13.622600	1.694650	0.920088	29.622600	0.000001
16.000000	4.819524	3.962558	FARBOUND	-2.039810	2.944960	3.005830	13.960190	0.000001
16.000000	4.273522	3.777424	FARBOUND	-1.209360	0.898020	1.143180	14.790640	0.000000
16.000000	4.508722	4.037227	NEARBOUND	-1.209360	0.898020	1.143180	14.790640	0.000000
16.000000	4.214518	3.880941	NEARBOUND	5.158720	2.486080	2.586520	-10.841280	0.000001
16.000000	3.872373	3.625774	NEARBOUND	7.022760	2.406320	2.328360	-8.977240	0.000000
16.000000	4.430829	4.068991	FARBOUND	-0.434026	3.057570	3.071180	15.565974	0.000003
16.000000	4.671787	4.687120	FARBOUND	5.750760	1.871960	1.697140	21.750760	0.000000
16.000000	4.302910	3.812718	NEARBOUND	5.750760	1.871960	1.697140	21.750760	0.000000
16.000000	4.529705	4.517578	FARBOUND	14.976300	2.473450	2.039450	30.976300	0.000000
16.000000	4.776901	4.160963	NEARBOUND	14.976300	2.473450	2.039450	30.976300	0.000000
16.000000	3.798806	3.860061	NEARBOUND	-13.680000	2.616980	2.691320	-29.680000	0.000000
16.000000	4.716923	3.974634	FARBOUND	-11.230000	2.755140	2.992710	4.770000	0.000003
16.000000	4.021625	4.291791	NEARBOUND	-11.230000	2.755140	2.992710	4.770000	0.000003
16.000000	4.095908	3.734890	NEARBOUND	-19.746600	1.980060	1.745420	-35.746600	0.000000
16.000000	3.827021	3.844024	FARBOUND	9.606770	1.525570	0.953382	25.606770	0.000001
16.000000	4.374168	3.736088	FARBOUND	-1.301410	3.158110	3.200970	14.698590	0.000001
16.000000	4.524391	3.956196	NEARBOUND	-1.301410	3.158110	3.200970	14.698590	0.000001
16.000000	4.611985	4.093850	NEARBOUND	-27.944200	2.270080	2.063800	-43.944200	0.000000
16.000000	4.327795	3.590914	NEARBOUND	-34.423000	2.543610	2.232720	-50.423000	0.000000
16.000000	4.563907	4.305259	NEARBOUND	-7.647850	2.379150	2.750210	-23.647850	0.000001
16.000000	4.766112	4.399147	NEARBOUND	-14.047300	2.528730	2.643670	-30.047300	0.000001
16.000000	3.986749	3.978143	NEARBOUND	-21.324400	2.101360	2.127360	-37.324400	0.000000
16.000000	4.162033	3.906384	FARBOUND	2.840560	1.135840	0.950469	18.840560	0.000001
16.000000	4.447727	3.811314	NEARBOUND	2.840560	1.135840	0.950469	18.840560	0.000001
16.000000	4.179454	4.059906	NEARBOUND	2.672560	3.072060	3.129710	-13.327440	0.000001
16.000000	4.394947	3.780605	FARBOUND	-15.553800	2.422960	2.428130	0.446200	0.000002
16.000000	4.740357	3.957768	FARBOUND	-8.218080	2.633870	2.687160	7.781920	0.000003
16.000000	4.538106	4.041117	FARBOUND	22.269900	2.060520	1.352770	38.269900	0.000000
16.000000	4.145100	4.012956	NEARBOUND	22.269900	2.060520	1.352770	38.269900	0.000000
16.000000	3.834444	3.968217	NEARBOUND	-9.376430	3.029600	3.382070	-25.376430	0.000001
16.000000	4.368589	4.665365	NEARBOUND	-22.366400	2.361290	1.961490	-38.366400	0.000000
16.000000	4.085220	4.190586	FARBOUND	5.115020	1.468910	1.160910	21.115020	0.000000
16.000000	4.593448	3.892192	FARBOUND	3.863490	1.095120	0.820744	19.863490	0.000000
16.000000	4.127661	4.194137	FARBOUND	11.135500	1.744570	1.162250	27.135500	0.000001
16.000000	4.945880	4.012917	FARBOUND	-8.988780	2.704610	3.015400	7.011220	0.000002
16.000000	4.675155	3.889538	FARBOUND	4.444140	2.783310	2.836630	20.444140	0.000000
16.000000	4.675155	3.889538	NEARBOUND	4.444140	2.783310	2.836630	20.444140	0.000000
16.000000	3.705102	4.184028	NEARBOUND	-13.347800	2.691930	2.838650	-29.347800	0.000002
16.000000	4.178682	3.824431	FARBOUND	7.209190	2.009730	1.872700	23.209190	0.000000
16.000000	4.413845	4.511575	FARBOUND	14.020300	1.885110	1.269350	30.020300	0.000000
16.000000	4.851988	4.044633	FARBOUND	3.199820	2.487370	2.534850	19.199820	0.000001
16.000000	4.303936	4.111868	FARBOUND	12.865600	1.890740	1.382440	28.865600	0.000000
16.000000	4.303936	4.111868	NEARBOUND	12.865600	1.890740	1.382440	28.865600	0.000000
16.000000	4.076851	3.841867	FARBOUND	24.020400	2.106720	1.365280	40.020400	0.000000
16.000000	4.152221	3.705634	FARBOUND	18.636600	2.021180	1.239960	34.636600	0.000000
16.000000	4.159722	3.628501	FARBOUND	-0.891530	1.667590	1.631480	15.108470	0.000001
16.000000	4.067341	3.414682	NEARBOUND	-0.891530	1.667590	1.631480	15.108470	0.000001
16.000000	3.962078	3.367391	NEARBOUND	-4.729100	2.389240	2.668070	-20.729100	0.000001
16.000000	4.187232	4.168866	FARBOUND	-7.071880	1.749800	1.827070	8.928120	0.000001
16.000000	4.187232	4.168866	NEARBOUND	-7.071880	1.749800	1.827070	8.928120	0.000001
16.000000	4.320675	4.281088	FARBOUND	6.080190	2.111250	1.957040	22.080190	0.000000
16.000000	3.991024	3.694062	NEARBOUND	6.080190	2.111250	1.957040	22.080190	0.000000
16.000000	3.801997	3.706019	FARBOUND	-4.186840	2.469940	2.574280	11.813160	0.000001
16.000000	3.801997	3.706019	NEARBOUND	-4.186840	2.469940	2.574280	11.813160	0.000001
16.000000	4.115533	3.856846	NEARBOUND	-19.077900	2.057550	1.724340	-35.077900	0.000000
16.000000	3.941364	4.511681	FARBOUND	31.596900	2.258230	1.361150	47.596900	0.000000
16.000000	4.423687	3.864636	FARBOUND	-9.341750	2.547340	2.686030	6.658250	0.000000
16.000000	4.547333	3.897219	NEARBOUND	-9.341750	2.547340	2.686030	6.658250	0.000000
16.000000	3.901882	3.577490	NEARBOUND	-9.318060	2.329210	2.500320	-25.318060	0.000002
16.000000	4.546629	4.058442	FARBOUND	-5.599880	3.137600	3.356720	10.400120	0.000002
16.000000	4.417583	4.033432	FARBOUND	4.318460	1.875060	1.818620	20.318460	0.000000
16.000000	4.230629	4.444649	FARBOUND	13.832900	1.914980	1.404040	29.832900	0.000000
16.000000	4.419578	4.138921	FARBOUND	18.281600	2.480290	2.099830	34.281600	0.000000
16.000000	4.419578	4.138921	NEARBOUND	18.281600	2.480290	2.099830	34.281600	0.000000
16.000000	4.655513	4.353711	NEARBOUND	-13.314000	2.472440	2.583990	-29.314000	0.000003
16.000000	4.451638	4.017971	NEARBOUND	-15.577700	2.614080	2.311110	-31.577700	0.000000
16.000000	4.360442	3.897316	FARBOUND	9.457630	1.681100	1.212690	25.457630	0.000001
16.000000	4.360442	3.897316	NEARBOUND	9.457630	1.681100	1.212690	25.457630	0.000001
16.000000	4.745902	3.756086	NEARBOUND	-17.176300	2.313940	2.150300	-33.176300	0.000000
16.000000	5.015877	4.101478	NEARBOUND	-6.999450	2.723350	3.144730	-22.999450	0.000000
16.000000	4.042367	3.836989	FARBOUND	-1.010570	1.356060	1.299270	14.989430	0.000000
16.000000	4.143101	3.700644	FARBOUND	17.047600	2.204240	1.972740	33.047600	0.000000
16.000000	4.231539	4.223467	FARBOUND	7.606260	1.206610	0.761105	23.606260	0.000001
16.000000	3.901029	3.953062	NEARBOUND	7.606260	1.206610	0.761105	23.606260	0.000001
16.000000	4.520833	4.006567	FARBOUND	-1.275080	3.071940	3.144350	14.724920	0.000001
16.000000	4.520833	4.006567	NEARBOUND	-1.275080	3.071940	3.144350	14.724920	0.000001
16.000000	4.990372	4.075545	FARBOUND	-15.438400	2.408160	2.565830	0.561600	0.000002
16.000000	4.382509	3.765474	FARBOUND	-4.390000	2.595880	2.709350	11.610000	0.000001
16.000000	3.762518	3.620505	NEARBOUND	-4.390000	2.595880	2.709350	11.610000	0.000001
16.000000	3.899796	4.319302	FARBOUND	16.668400	1.996950	1.393850	32.668400	0.000000
16.000000	4.374084	3.549999	NEARBOUND	16.668400	1.996950	1.393850	32.668400	0.000000
16.000000	4.353262	4.009782	FARBOUND	14.389900	2.328570	2.133890	30.389900	0.000000
16.000000	4.353262	4.009782	NEARBOUND	14.389900	2.328570	2.133890	30.389900	0.000000
16.000000	4.560563	3.720580	NEARBOUND	-3.050230	2.999150	3.177910	-19.050230	0.000001
16.000000	4.269572	4.087805	FARBOUND	6.604430	1.461650	1.078140	22.604430	0.000000
16.000000	4.269572	4.087805	NEARBOUND	6.604430	1.461650	1.078140	22.604430	0.000000
16.000000	4.477620	4.214417	FARBOUND	19.239500	2.025400	1.197160	35.239500	0.000001
16.000000	4.558606	3.763196	NEARBOUND	19.239500	2.025400	1.197160	35.239500	0.000001
16.000000	4.374792	4.076891	FARBOUND	18.164900	2.305230	1.857410	34.164900	0.000000
16.000000	4.374792	4.076891	NEARBOUND	18.164900	2.305230	1.857410	34.164900	0.000000
16.000000	4.038423	3.669488	FARBOUND	19.890100	1.974250	1.198950	35.890100	0.000000
16.000000	4.367164	4.047872	FARBOUND	10.587300	1.902850	1.509170	26.587300	0.000000
16.000000	4.487603	4.401950	FARBOUND	5.623440	1.330440	1.021610	21.623440	0.000001
16.000000	4.117194	3.814869	NEARBOUND	5.623440	1.330440	1.021610	21.623440	0.000001
16.000000	4.074833	4.078210	FARBOUND	0.975853	1.623730	1.583210	16.975853	0.000000
16.000000	4.074833	4.078210	NEARBOUND	0.975853	1.623730	1.583210	16.975853	0.000000
16.000000	4.231721	3.993490	FARBOUND	34.214800	2.437030	1.280020	50.214800	0.000000
16.000000	4.548637	4.336788	NEARBOUND	34.214800	2.437030	1.280020	50.214800	0.000000
16.000000	4.230061	4.314066	NEARBOUND	-3.203990	3.122740	3.269580	-19.203990	0.000003
16.000000	4.005520	3.983122	FARBOUND	16.228200	1.869050	1.045950	32.228200	0.000000
16.000000	4.273071	4.267330	FARBOUND	-12.662700	2.422120	2.423560	3.337300	0.000000
16.000000	4.166608	4.413884	FARBOUND	10.836100	1.731820	1.178070	26.836100	0.000000
16.000000	4.248302	4.251049	NEARBOUND	10.836100	1.731820	1.178070	26.836100	0.000000
16.000000	4.418668	4.007057	NEARBOUND	-5.328850	2.349920	2.498700	-21.328850	0.000001
16.000000	4.210007	4.115959	NEARBOUND	-25.168900	2.020830	1.934100	-41.168900	0.000000
16.000000	4.440380	4.125731	FARBOUND	-16.550500	2.131580	2.047150	-0.550500	0.000000
16.000000	4.260184	4.150126	NEARBOUND	-16.550500	2.131580	2.047150	-0.550500	0.000000
16.000000	4.873152	3.826904	FARBOUND	-3.972510	2.560550	2.877960	12.027490	0.000000
16.000000	4.493880	4.072582	FARBOUND	23.987600	2.086700	0.924779	39.987600	0.000000
16.000000	4.579947	3.857831	FARBOUND	-3.418180	2.328430	2.362800	12.581820	0.000001
16.000000	4.529532	3.618038	NEARBOUND	-3.418180	2.328430	2.362800	12.581820	0.000001
16.000000	4.830553	4.262150	FARBOUND	-8.644380	2.663850	2.927220	7.355620	0.000000
16.000000	4.280922	3.869117	FARBOUND	4.252820	1.077050	0.668999	20.252820	0.000001
16.000000	4.280922	3.869117	NEARBOUND	4.252820	1.077050	0.668999	20.252820	0.000001
16.000000	4.002332	3.999020	FARBOUND	2.199690	1.810680	1.751480	18.199690	0.000001
16.000000	4.548966	3.892821	FARBOUND	-1.563890	3.108220	3.303950	14.436110	0.000001
16.000000	4.548966	3.892821	NEARBOUND	-1.563890	3.108220	3.303950	14.436110	0.000001
16.000000	4.449623	4.005913	FARBOUND	1.739470	1.602510	1.526570	17.739470	0.000001
16.000000	4.449623	4.005913	NEARBOUND	1.739470	1.602510	1.526570	17.739470	0.000001
16.000000	4.208325	4.567931	NEARBOUND	-6.212340	2.668950	2.927580	-22.212340	0.000003
16.000000	4.307682	4.365470	FARBOUND	14.309000	2.065830	1.571680	30.309000	0.000000
16.000000	4.307682	4.365470	NEARBOUND	14.309000	2.065830	1.571680	30.309000	0.000000
16.000000	4.499062	4.268103	FARBOUND	-11.044600	1.941240	2.048840	4.955400	0.000000
16.000000	4.586519	3.912758	FARBOUND	28.665000	2.130480	1.295680	44.665000	0.000000
16.000000	4.114401	3.997955	FARBOUND	6.054470	1.126520	0.688955	22.054470	0.000001
16.000000	4.170624	4.352459	NEARBOUND	6.054470	1.126520	0.688955	22.054470	0.000001
16.000000	4.320745	4.481186	NEARBOUND	10.844900	1.762940	1.111000	-5.155100	0.000000
16.000000	4.605265	3.871761	FARBOUND	13.554100	2.661860	2.657540	29.554100	0.000000
16.000000	4.784326	3.870634	FARBOUND	-5.739440	3.206560	3.414470	10.260560	0.000001
16.000000	4.945550	4.596360	NEARBOUND	-5.739440	3.206560	3.414470	10.260560	0.000001
16.000000	4.501679	4.088460	NEARBOUND	-33.106500	2.384850	2.070630	-49.106500	0.000000
16.000000	3.991960	4.186465	FARBOUND	-1.123010	1.795850	1.764940	14.876990	0.000000
16.000000	4.226852	4.097397	FARBOUND	3.385350	2.028770	1.976150	19.385350	0.000000
16.000000	4.361277	4.295487	NEARBOUND	3.385350	2.028770	1.976150	19.385350	0.000000
16.000000	4.137884	4.240272	NEARBOUND	-5.184410	2.645080	2.809020	-21.184410	0.000001
16.000000	4.234216	4.013413	FARBOUND	-6.055330	2.885280	3.233020	9.944670	0.000004
16.000000	4.068507	4.121345	FARBOUND	27.637500	2.088490	1.326310	43.637500	0.000000
16.000000	4.436679	4.202495	FARBOUND	31.853400	2.288670	1.034060	47.853400	0.000000
16.000000	4.436679	4.202495	NEARBOUND	31.853400	2.288670	1.034060	47.853400	0.000000
16.000000	4.322377	4.159324	FARBOUND	19.601700	2.210720	1.706580	35.601700	0.000000
16.000000	4.322377	4.159324	NEARBOUND	19.601700	2.210720	1.706580	35.601700	0.000000
16.000000	4.389941	4.654583	FARBOUND	5.903580	1.160250	0.688067	21.903580	0.000002
16.000000	4.331488	4.151697	FARBOUND	4.132780	1.868800	1.761560	20.132780	0.000001
16.000000	4.331488	4.151697	NEARBOUND	4.132780	1.868800	1.761560	20.132780	0.000001
16.000000	3.909766	4.120491	FARBOUND	15.820600	1.961920	1.304690	31.820600	0.000000
16.000000	3.931035	3.814093	FARBOUND	6.330200	1.627990	1.024510	22.330200	0.000000
16.000000	4.784897	4.253752	NEARBOUND	6.330200	1.627990	1.024510	22.330200	0.000000
16.000000	4.310378	4.529872	FARBOUND	24.633200	2.104140	1.175040	40.633200	0.000000
16.000000	4.277331	3.767356	NEARBOUND	24.633200	2.104140	1.175040	40.633200	0.000000
16.000000	4.413146	3.902179	NEARBOUND	-35.274400	2.144620	1.776260	-51.274400	0.000000
16.000000	4.693949	3.972615	NEARBOUND	-14.917800	2.053080	2.084620	-30.917800	0.000000
16.000000	4.601399	4.046667	FARBOUND	-10.173900	2.432960	2.688000	5.826100	0.000001
16.000000	4.459233	3.815274	NEARBOUND	-10.173900	2.432960	2.688000	5.826100	0.000001
16.000000	4.322543	3.650869	NEARBOUND	-6.735540	2.985190	3.372260	-22.735540	0.000003
16.000000	4.021493	3.712488	NEARBOUND	-6.443890	2.637550	2.788050	-22.443890	0.000001
16.000000	4.882038	4.053415	NEARBOUND	-14.535000	2.408750	2.305860	-30.535000	0.000000
16.000000	4.517352	4.038221	NEARBOUND	-9.425280	2.651480	2.877750	-25.425280	0.000002
16.000000	4.094385	4.135169	FARBOUND	8.646460	1.825400	1.501340	24.646460	0.000001
16.000000	4.312661	4.033107	FARBOUND	-5.388750	2.368700	2.504360	10.611250	0.000000
16.000000	4.312661	4.033107	NEARBOUND	-5.388750	2.368700	2.504360	10.611250	0.000000
16.000000	4.313410	4.057968	FARBOUND	-10.843300	2.322950	2.680600	5.156700	0.000004
16.000000	4.313410	4.057968	NEARBOUND	-10.843300	2.322950	2.680600	5.156700	0.000004
16.000000	4.438143	4.075241	FARBOUND	4.005330	1.839630	1.696160	20.005330	0.000000
16.000000	4.438143	4.075241	NEARBOUND	4.005330	1.839630	1.696160	20.005330	0.000000
16.000000	4.513450	4.051378	NEARBOUND	-13.259100	2.148690	2.152440	-29.259100	0.000000
16.000000	3.774966	4.074321	FARBOUND	8.901740	1.910800	1.592780	24.901740	0.000000
16.000000	4.049607	3.976687	NEARBOUND	8.901740	1.910800	1.592780	24.901740	0.000000
16.000000	4.360840	4.088286	NEARBOUND	-29.800300	1.959730	1.607210	-45.800300	0.000000
16.000000	4.103603	3.852264	FARBOUND	1.936620	2.770410	2.819730	17.936620	0.000000
16.000000	3.931936	4.387963	NEARBOUND	1.936620	2.770410	2.819730	17.936620	0.000000
16.000000	4.492614	3.584353	NEARBOUND	-24.302900	2.319820	1.793720	-40.302900	0.000000
16.000000	4.607838	4.310756	FARBOUND	10.601000	1.721180	1.086500	26.601000	0.000000
16.000000	3.952294	4.191057	NEARBOUND	10.601000	1.721180	1.086500	26.601000	0.000000
16.000000	4.163861	4.167123	FARBOUND	14.791300	1.862160	1.031640	30.791300	0.000000
16.000000	4.242631	4.004520	FARBOUND	4.082500	1.406470	1.191820	20.082500	0.000001
16.000000	4.242631	4.004520	NEARBOUND	4.082500	1.406470	1.191820	20.082500	0.000001
16.000000	4.478931	4.108042	FARBOUND	-4.621370	1.152590	0.889360	11.378630	0.000001
16.000000	4.478931	4.108042	NEARBOUND	-4.621370	1.152590	0.889360	11.378630	0.000001
16.000000	3.986336	4.144193	FARBOUND	13.605300	1.906800	1.370430	29.605300	0.000000
16.000000	3.719243	3.927134	NEARBOUND	13.605300	1.906800	1.370430	29.605300	0.000000
16.000000	4.669402	3.999920	FARBOUND	16.997000	2.552710	2.494140	32.997000	0.000000
16.000000	4.062705	4.277824	FARBOUND	13.870500	1.848540	1.196700	29.870500	0.000001
16.000000	4.185559	3.806494	FARBOUND	-4.603710	3.001830	3.113530	11.396290	0.000001
16.000000	4.185559	3.806494	NEARBOUND	-4.603710	3.001830	3.113530	11.396290	0.000001
16.000000	4.523536	3.746690	FARBOUND	-5.842000	2.913350	3.275300	10.158000	0.000000
16.000000	4.741615	3.909890	FARBOUND	-0.500930	2.871790	2.903660	15.499070	0.000004
16.000000	4.169735	4.042294	NEARBOUND	-0.500930	2.871790	2.903660	15.499070	0.000004
16.000000	4.511268	3.923620	NEARBOUND	-2.096640	2.507110	2.747460	-18.096640	0.000001
16.000000	4.292977	3.982638	FARBOUND	-25.647700	2.419940	2.311920	-9.647700	0.000001
16.000000	4.256682	4.049536	NEARBOUND	-25.647700	2.419940	2.311920	-9.647700	0.000001
16.000000	4.615181	3.309333	FARBOUND	2.751380	2.785410	2.835860	18.751380	0.000002
16.000000	4.653016	3.867313	NEARBOUND	2.751380	2.785410	2.835860	18.751380	0.000002
16.000000	4.033161	3.944558	NEARBOUND	11.405300	1.994820	1.595230	-4.594700	0.000001
16.000000	4.176482	4.265083	NEARBOUND	-32.428900	2.640260	2.144860	-48.428900	0.000000
16.000000	4.677674	3.535833	FARBOUND	-11.862800	2.158500	2.128170	4.137200	0.000001
16.000000	4.285275	3.853934	NEARBOUND	-11.862800	2.158500	2.128170	4.137200	0.000001
16.000000	4.148927	3.547204	FARBOUND	-3.777140	2.329990	2.617600	12.222860	0.000000
16.000000	4.165385	4.170140	FARBOUND	22.328900	2.077800	1.123360	38.328900	0.000000
16.000000	4.170211	3.866270	FARBOUND	-0.108531	2.088870	2.087220	15.891469	0.000000
16.000000	4.527446	4.168075	NEARBOUND	-0.108531	2.088870	2.087220	15.891469	0.000000
16.000000	3.867216	3.317803	FARBOUND	31.670200	2.424870	1.642250	47.670200	0.000000
16.000000	3.784177	4.179363	NEARBOUND	31.670200	2.424870	1.642250	47.670200	0.000000
16.000000	4.485491	3.941023	NEARBOUND	-15.156300	2.081430	1.562390	-31.156300	0.000000
16.000000	4.900233	4.007505	NEARBOUND	-22.024300	2.150300	2.035920	-38.024300	0.000000
16.000000	4.213429	3.972599	NEARBOUND	-6.569750	2.556640	2.583390	-22.569750	0.000000
16.000000	4.247651	4.139718	FARBOUND	15.441800	2.143730	1.763980	31.441800	0.000000
16.000000	4.558434	3.967857	FARBOUND	-28.333900	2.584400	2.708280	-12.333900	0.000003
16.000000	4.079324	4.050114	NEARBOUND	-28.333900	2.584400	2.708280	-12.333900	0.000003
16.000000	4.802380	4.222888	NEARBOUND	-29.643300	2.116790	1.947950	-45.643300	0.000000
16.000000	4.174449	4.071143	NEARBOUND	-8.690900	3.224200	3.744030	-24.690900	0.000003
16.000000	4.343590	4.218938	FARBOUND	4.998520	1.244890	0.828150	20.998520	0.000001
16.000000	4.627079	4.324736	FARBOUND	3.298620	1.368040	1.190380	19.298620	0.000000
16.000000	4.479853	4.401183	FARBOUND	4.151200	1.189860	0.701066	20.151200	0.000001
16.000000	4.479853	4.401183	NEARBOUND	4.151200	1.189860	0.701066	20.151200	0.000001
16.000000	3.735142	4.207268	NEARBOUND	-13.521000	2.047350	1.738740	-29.521000	0.000000
16.000000	3.812713	4.153113	NEARBOUND	-12.633000	2.466230	2.683040	-28.633000	0.000002
16.000000	3.506908	3.670748	NEARBOUND	-16.310200	2.010230	1.390680	-32.310200	0.000000
16.000000	4.406401	4.228043	NEARBOUND	-6.740080	2.588770	2.918000	-22.740080	0.000001
16.000000	4.475978	3.654393	NEARBOUND	-29.758500	2.173580	1.988030	-45.758500	0.000000
16.000000	4.923521	3.883272	FARBOUND	-3.795110	2.409620	2.563570	12.204890	0.000001
16.000000	4.568667	3.567478	FARBOUND	-6.467870	2.647240	2.965040	9.532130	0.000001
16.000000	4.557459	3.827166	FARBOUND	10.224200	2.467690	2.475090	26.224200	0.000000
16.000000	4.403134	3.706342	NEARBOUND	10.224200	2.467690	2.475090	26.224200	0.000000
16.000000	4.180968	3.712883	NEARBOUND	-11.637700	2.454540	2.347980	-27.637700	0.000000
16.000000	4.640307	4.264604	NEARBOUND	-20.462200	2.128890	2.043800	-36.462200	0.000000
16.000000	4.274517	3.968838	NEARBOUND	-5.983270	2.825160	3.187420	-21.983270	0.000001
16.000000	4.081366	4.095818	NEARBOUND	-3.340530	1.480720	1.274560	-19.340530	0.000000
16.000000	4.035976	4.458163	FARBOUND	9.323850	1.732420	1.290670	25.323850	0.000000
16.000000	3.934947	3.988630	NEARBOUND	9.323850	1.732420	1.290670	25.323850	0.000000
16.000000	4.281234	3.985307	NEARBOUND	3.174660	1.178140	0.955550	-12.825340	0.000006
16.000000	4.227707	4.115080	FARBOUND	16.000000	2.315390	1.945710	32.000000	0.000000
16.000000	4.227707	4.115080	NEARBOUND	16.000000	2.315390	1.945710	32.000000	0.000000
16.000000	4.378362	3.911275	FARBOUND	3.545390	1.543830	1.374820	19.545390	0.000003
16.000000	4.378362	3.911275	NEARBOUND	3.545390	1.543830	1.374820	19.545390	0.000003
16.000000	4.599833	3.959327	NEARBOUND	-8.394270	1.878120	1.640790	-24.394270	0.000000
16.000000	4.888483	3.782011	NEARBOUND	-2.110940	2.746460	2.919840	-18.110940	0.000002
16.000000	4.119551	3.938491	NEARBOUND	-5.572570	2.386470	2.611050	-21.572570	0.000000
16.000000	4.087209	4.344566	NEARBOUND	-4.739090	2.488010	2.596770	-20.739090	0.000001
16.000000	4.074950	4.208257	NEARBOUND	-15.898700	2.157940	1.615070	-31.898700	0.000000
16.000000	4.408421	4.263533	FARBOUND	21.274500	2.168560	1.502280	37.274500	0.000001
16.000000	3.827947	3.937390	NEARBOUND	21.274500	2.168560	1.502280	37.274500	0.000001
16.000000	4.634805	4.020789	NEARBOUND	-20.317600	2.115690	1.711520	-36.317600	0.000000
16.000000	4.215133	4.476043	NEARBOUND	-1.224230	2.972060	3.075930	-17.224230	0.000002
16.000000	4.235101	4.276868	FARBOUND	-5.216150	3.074070	3.361800	10.783850	0.000002
16.000000	4.235101	4.276868	NEARBOUND	-5.216150	3.074070	3.361800	10.783850	0.000002
16.000000	4.292754	4.020494	FARBOUND	0.947414	1.391410	1.340910	16.947414	0.000001
16.000000	4.677403	4.180304	FARBOUND	24.590800	2.210050	1.313370	40.590800	0.000000
16.000000	3.928846	3.909158	FARBOUND	18.397500	2.028200	1.613270	34.397500	0.000000
16.000000	4.510553	3.763942	FARBOUND	-1.678990	3.151150	3.237090	14.321010	0.000003
16.000000	4.510553	3.763942	NEARBOUND	-1.678990	3.151150	3.237090	14.321010	0.000003
16.000000	4.168852	3.986849	NEARBOUND	-14.183000	2.209830	2.092190	-30.183000	0.000000
16.000000	3.884605	4.176206	FARBOUND	8.352760	1.378190	0.903882	24.352760	0.000001
16.000000	4.250827	4.422052	FARBOUND	7.273540	1.787660	1.493600	23.273540	0.000000
16.000000	4.335786	4.146494	FARBOUND	4.435180	1.546340	1.327780	20.435180	0.000000
16.000000	4.363495	3.869332	FARBOUND	30.515000	2.272740	1.303590	46.515000	0.000000
16.000000	4.775556	3.669443	NEARBOUND	30.515000	2.272740	1.303590	46.515000	0.000000
16.000000	4.203318	4.001573	FARBOUND	3.075600	1.181250	0.966589	19.075600	0.000001
16.000000	4.203318	4.001573	NEARBOUND	3.075600	1.181250	0.966589	19.075600	0.000001
16.000000	4.281018	3.631110	NEARBOUND	-3.707730	3.250930	3.503620	-19.707730	0.000002
16.000000	4.194798	3.643861	FARBOUND	5.523090	2.524790	2.547430	21.523090	0.000000
16.000000	4.274477	4.249253	NEARBOUND	5.523090	2.524790	2.547430	21.523090	0.000000
16.000000	4.465230	3.963970	NEARBOUND	-9.757060	1.996330	1.680180	-25.757060	0.000000
16.000000	4.351158	4.107216	FARBOUND	12.882500	1.981660	1.683240	28.882500	0.000000
16.000000	3.902052	3.985740	NEARBOUND	12.882500	1.981660	1.683240	28.882500	0.000000
16.000000	4.460478	3.856499	FARBOUND	-5.875100	2.666600	3.083340	10.124900	0.000001
16.000000	4.323235	4.273234	FARBOUND	13.925300	1.931390	1.408250	29.925300	0.000000
16.000000	4.521619	3.885386	FARBOUND	-4.807640	2.894200	3.132230	11.192360	0.000002
16.000000	4.366904	4.311207	FARBOUND	9.022420	1.681190	1.117040	25.022420	0.000000
16.000000	4.428585	3.846187	FARBOUND	0.295143	2.067150	2.072950	16.295143	0.000000
16.000000	4.419616	3.777204	NEARBOUND	0.295143	2.067150	2.072950	16.295143	0.000000
16.000000	4.406696	4.226815	NEARBOUND	-9.594300	2.690580	3.312320	-25.594300	0.000000
16.000000	4.323311	4.057353	FARBOUND	-2.732410	2.932810	3.149170	13.267590	0.000000
16.000000	3.976698	4.205600	NEARBOUND	-2.732410	2.932810	3.149170	13.267590	0.000000
16.000000	4.270915	3.951432	FARBOUND	-4.183610	1.668090	1.488410	11.816390	0.000000
16.000000	4.217044	4.249808	FARBOUND	-6.109640	2.306970	2.545680	9.890360	0.000002
16.000000	4.945543	4.278047	FARBOUND	-8.173210	3.053340	3.521120	7.826790	0.000008
16.000000	4.129734	3.946248	FARBOUND	11.666900	2.092500	1.840820	27.666900	0.000000
16.000000	4.653771	4.243362	FARBOUND	5.458960	1.512380	1.248310	21.458960	0.000001
16.000000	4.349921	4.072667	NEARBOUND	5.458960	1.512380	1.248310	21.458960	0.000001
16.000000	4.417234	4.262560	FARBOUND	17.716300	1.887310	0.954804	33.716300	0.000000
16.000000	4.845478	4.175984	FARBOUND	-9.965230	2.383190	2.823130	6.034770	0.000004
16.000000	4.174022	4.027407	FARBOUND	-7.583300	2.985840	3.252580	8.416700	0.000004
16.000000	4.760424	4.223646	NEARBOUND	-7.583300	2.985840	3.252580	8.416700	0.000004
16.000000	4.152852	3.849346	FARBOUND	-10.432400	1.974280	2.110370	5.567600	0.000000
16.000000	4.216703	3.894555	NEARBOUND	-10.432400	1.974280	2.110370	5.567600	0.000000
16.000000	4.374382	4.400274	NEARBOUND	-23.262500	2.258010	2.211590	-39.262500	0.000000
16.000000	4.453156	3.927064	FARBOUND	-2.982140	2.297440	2.543410	13.017860	0.000006
16.000000	4.453156	3.927064	NEARBOUND	-2.982140	2.297440	2.543410	13.017860	0.000006
16.000000	4.865381	4.167190	FARBOUND	-3.163110	2.785160	2.852190	12.836890	0.000000
16.000000	3.930304	4.042485	FARBOUND	7.805470	1.719360	1.366930	23.805470	0.000000
16.000000	4.803732	4.270704	FARBOUND	18.753400	2.109570	1.490690	34.753400	0.000002
16.000000	3.942802	4.020926	NEARBOUND	18.753400	2.109570	1.490690	34.753400	0.000002
16.000000	4.900829	4.246242	FARBOUND	-2.311170	2.184310	2.261430	13.688830	0.000002
16.000000	4.623780	4.431198	FARBOUND	12.543000	2.276700	2.074550	28.543000	0.000000
16.000000	4.050281	4.023920	NEARBOUND	12.543000	2.276700	2.074550	28.543000	0.000000
16.000000	4.252003	3.916536	FARBOUND	-3.183360	2.802030	3.104350	12.816640	0.000004
16.000000	4.146981	3.734305	FARBOUND	-9.082020	2.847820	3.250790	6.917980	0.000002
16.000000	4.146981	3.734305	NEARBOUND	-9.082020	2.847820	3.250790	6.917980	0.000002
16.000000	4.031712	4.352289	FARBOUND	-4.655130	2.599540	2.584250	11.344870	0.000000
16.000000	4.324437	3.770089	NEARBOUND	-4.655130	2.599540	2.584250	11.344870	0.000000
16.000000	3.834919	4.278999	FARBOUND	15.862700	2.008760	1.378250	31.862700	0.000000
16.000000	4.425388	4.235247	FARBOUND	17.246400	1.963420	1.210180	33.246400	0.000000
16.000000	4.425388	4.235247	NEARBOUND	17.246400	1.963420	1.210180	33.246400	0.000000
16.000000	4.237357	4.080062	FARBOUND	-0.203396	3.534140	3.544510	15.796604	0.000002
16.000000	4.660504	4.075579	NEARBOUND	-0.203396	3.534140	3.544510	15.796604	0.000002
16.000000	4.687369	3.947743	FARBOUND	5.350820	2.222170	2.204680	21.350820	0.000000
16.000000	4.606937	4.281168	NEARBOUND	5.350820	2.222170	2.204680	21.350820	0.000000
16.000000	4.246196	3.900410	FARBOUND	6.304220	1.349990	0.956406	22.304220	0.000000
16.000000	4.152548	4.007879	FARBOUND	8.097440	1.522230	1.095070	24.097440	0.000000
16.000000	4.195973	4.012058	NEARBOUND	8.097440	1.522230	1.095070	24.097440	0.000000
16.000000	3.988238	4.077121	FARBOUND	19.638200	2.047630	1.293000	35.638200	0.000001
16.000000	4.488598	4.141264	FARBOUND	4.719850	1.917650	1.811090	20.719850	0.000000
16.000000	4.465880	4.429912	FARBOUND	5.628110	1.667420	1.417730	21.628110	0.000000
16.000000	4.020967	3.986497	FARBOUND	20.735600	2.200860	1.745640	36.735600	0.000000
16.000000	4.343296	3.915890	FARBOUND	-3.907200	2.102670	2.089680	12.092800	0.000000
16.000000	4.343296	3.915890	NEARBOUND	-3.907200	2.102670	2.089680	12.092800	0.000000
16.000000	4.348664	3.965478	FARBOUND	13.216900	2.188360	1.901930	29.216900	0.000000
16.000000	4.348664	3.965478	NEARBOUND	13.216900	2.188360	1.901930	29.216900	0.000000
16.000000	4.402786	3.957308	NEARBOUND	-6.769530	2.564540	2.557240	-22.769530	0.000001
16.000000	4.040092	4.182315	NEARBOUND	-5.929020	2.997860	3.355800	-21.929020	0.000001
16.000000	4.202057	3.845012	NEARBOUND	-2.626410	3.166150	3.298670	-18.626410	0.000001
16.000000	4.128489	4.013030	FARBOUND	-21.031200	2.310880	2.311620	-5.031200	0.000003
16.000000	4.612979	4.045745	NEARBOUND	-21.031200	2.310880	2.311620	-5.031200	0.000003
16.000000	4.219406	4.234757	NEARBOUND	-9.973370	2.383930	2.488260	-25.973370	0.000001
16.000000	4.323108	4.629840	NEARBOUND	-11.415700	2.777460	3.285920	-27.415700	0.000001
16.000000	4.357817	4.056355	FARBOUND	-16.449600	2.241620	2.380870	-0.449600	0.000000
16.000000	3.899342	4.326031	FARBOUND	1.418600	0.736762	0.594012	17.418600	0.000001
16.000000	4.643425	3.948014	NEARBOUND	1.418600	0.736762	0.594012	17.418600	0.000001
16.000000	4.067731	4.150844	FARBOUND	-6.382950	2.861100	3.054290	9.617050	0.000003
16.000000	3.850152	4.120524	NEARBOUND	-6.382950	2.861100	3.054290	9.617050	0.000003
16.000000	3.980010	4.311797	NEARBOUND	-1.677360	3.645390	3.710070	-17.677360	0.000001
16.000000	4.302449	4.392744	FARBOUND	4.859990	1.627310	1.404380	20.859990	0.000000
16.000000	3.930841	3.883805	FARBOUND	8.064660	1.256980	0.618292	24.064660	0.000000
16.000000	4.787819	3.852173	FARBOUND	-2.930600	3.031850	3.192160	13.069400	0.000000
16.000000	3.966639	3.437270	FARBOUND	9.757690	1.788670	1.410290	25.757690	0.000000
16.000000	4.623444	4.280112	FARBOUND	-9.196780	2.312490	2.678300	6.803220	0.000001
16.000000	4.454183	4.202300	FARBOUND	17.961300	2.096170	1.713530	33.961300	0.000000
16.000000	4.199884	3.767370	FARBOUND	27.247800	2.238250	1.477550	43.247800	0.000000
16.000000	4.248290	4.065871	FARBOUND	17.600400	2.189190	1.813140	33.600400	0.000000
16.000000	4.248290	4.065871	NEARBOUND	17.600400	2.189190	1.813140	33.600400	0.000000
16.000000	4.574009	3.887475	FARBOUND	16.906700	2.110670	1.915080	32.906700	0.000000
16.000000	3.963718	4.058164	NEARBOUND	16.906700	2.110670	1.915080	32.906700	0.000000
16.000000	4.166409	4.031602	FARBOUND	22.757100	2.265290	1.728630	38.757100	0.000000
16.000000	4.156672	3.519641	FARBOUND	-1.551650	2.282220	2.264890	14.448350	0.000004
16.000000	4.191963	4.277104	FARBOUND	13.715500	1.619530	0.721647	29.715500	0.000000
16.000000	4.330602	3.947393	FARBOUND	9.886250	1.753290	1.240530	25.886250	0.000000
16.000000	4.155032	3.714108	FARBOUND	19.920200	2.046730	1.409610	35.920200	0.000000
16.000000	4.332979	4.208772	NEARBOUND	19.920200	2.046730	1.409610	35.920200	0.000000
16.000000	4.362946	4.247749	FARBOUND	7.633350	1.950870	1.793770	23.633350	0.000001
16.000000	4.560520	4.088849	FARBOUND	12.150300	2.705560	2.620200	28.150300	0.000000
16.000000	4.383673	3.806858	FARBOUND	18.191500	2.290220	2.105090	34.191500	0.000000
16.000000	4.630145	4.285309	NEARBOUND	18.191500	2.290220	2.105090	34.191500	0.000000
16.000000	4.533542	4.079394	FARBOUND	-8.280440	1.919720	1.915710	7.719560	0.000003
16.000000	4.404927	3.963183	FARBOUND	11.519900	2.502050	2.384530	27.519900	0.000000
16.000000	4.197368	3.650663	NEARBOUND	11.519900	2.502050	2.384530	27.519900	0.000000
16.000000	4.312787	4.253882	FARBOUND	-4.923460	2.197900	2.230090	11.076540	0.000001
16.000000	4.495997	4.324075	FARBOUND	15.878700	2.326660	1.958050	31.878700	0.000000
16.000000	4.474403	3.917363	FARBOUND	14.370000	2.396970	2.285350	30.370000	0.000000
16.000000	4.474403	3.917363	NEARBOUND	14.370000	2.396970	2.285350	30.370000	0.000000
16.000000	4.412419	4.219453	NEARBOUND	-17.565000	2.444810	2.279570	-33.565000	0.000000
16.000000	4.790558	4.294858	NEARBOUND	-6.619680	2.331610	2.816060	-22.619680	0.000002
16.000000	4.484929	3.930516	FARBOUND	-4.446030	3.185760	3.525110	11.553970	0.000002
16.000000	4.118770	4.450690	NEARBOUND	-4.446030	3.185760	3.525110	11.553970	0.000002
16.000000	4.340991	3.921011	FARBOUND	3.147740	0.828270	0.535539	19.147740	0.000000
16.000000	4.340991	3.921011	NEARBOUND	3.147740	0.828270	0.535539	19.147740	0.000000
16.000000	3.990094	4.079433	NEARBOUND	-11.361800	3.048880	3.356400	-27.361800	0.000001
16.000000	4.572181	4.440479	NEARBOUND	14.806900	1.977360	1.444510	-1.193100	0.000001
16.000000	4.424738	4.043027	FARBOUND	14.880200	1.738440	0.791768	30.880200	0.000001
16.000000	4.424738	4.043027	NEARBOUND	14.880200	1.738440	0.791768	30.880200	0.000001
16.000000	4.041788	4.088213	FARBOUND	4.633710	1.542380	1.306800	20.633710	0.000000
16.000000	4.346373	4.328763	NEARBOUND	4.633710	1.542380	1.306800	20.633710	0.000000
16.000000	4.173732	4.051019	FARBOUND	5.582620	1.729580	1.493550	21.582620	0.000001
16.000000	4.297454	4.115093	FARBOUND	-5.812220	2.560930	2.826510	10.187780	0.000001
16.000000	3.833836	3.873181	FARBOUND	3.101830	2.028950	1.965610	19.101830	0.000000
16.000000	4.535327	3.869453	FARBOUND	-1.657190	3.048610	3.135750	14.342810	0.000006
16.000000	4.535989	3.963609	NEARBOUND	-1.657190	3.048610	3.135750	14.342810	0.000006
16.000000	4.705149	4.470846	FARBOUND	3.824930	2.053140	1.998120	19.824930	0.000000
16.000000	4.292520	4.046869	FARBOUND	0.580452	1.603730	1.578990	16.580452	0.000000
16.000000	4.292520	4.046869	NEARBOUND	0.580452	1.603730	1.578990	16.580452	0.000000
16.000000	3.882315	4.001849	NEARBOUND	8.837880	1.774940	1.412010	-7.162120	0.000001
16.000000	3.812079	3.437168	FARBOUND	6.665270	1.964980	1.810090	22.665270	0.000000
16.000000	4.356319	4.156528	FARBOUND	-2.750060	2.058640	2.002680	13.249940	0.000001
16.000000	4.170796	4.132064	NEARBOUND	-2.750060	2.058640	2.002680	13.249940	0.000001
16.000000	4.863967	3.960491	FARBOUND	-3.317880	3.021600	3.204960	12.682120	0.000001
16.000000	4.445183	4.033178	NEARBOUND	-3.317880	3.021600	3.204960	12.682120	0.000001
16.000000	4.706701	4.288923	NEARBOUND	-13.749300	2.309240	2.325280	-29.749300	0.000000
16.000000	4.393289	3.996454	FARBOUND	6.162510	1.775330	1.561390	22.162510	0.000000
16.000000	3.751810	3.612317	FARBOUND	1.941930	1.079830	0.802091	17.941930	0.000000
16.000000	4.496375	3.945103	NEARBOUND	1.941930	1.079830	0.802091	17.941930	0.000000
16.000000	3.950182	3.922619	NEARBOUND	-22.777400	2.068030	2.212770	-38.777400	0.000000
16.000000	4.295865	4.168620	FARBOUND	4.285140	2.050540	2.007990	20.285140	0.000000
16.000000	4.416262	4.110301	NEARBOUND	4.285140	2.050540	2.007990	20.285140	0.000000
16.000000	3.983791	4.078425	FARBOUND	7.052220	1.687290	1.303570	23.052220	0.000000
16.000000	4.660339	3.963991	NEARBOUND	7.052220	1.687290	1.303570	23.052220	0.000000
16.000000	4.202994	3.894034	NEARBOUND	-4.847100	2.576310	2.604540	-20.847100	0.000001


 Average Final Displacement: -0.863190
Average Step Length: -0.418838
Average time: 0.000000