#********mc_data: L-24.0, k_b-3000000000.0, dt-1e-12, N-300.0********


#init L		 init nma	 init fma	 state		 final L	 final nma	 final fma	 step length	 t
24.000000	4.418446	3.988480	NEARBOUND	2.233190	1.561140	1.450170	-21.766810	0.000000
24.000000	4.682437	3.310657	NEARBOUND	2.233190	1.561140	1.450170	-21.766810	0.000000
24.000000	4.620713	4.636245	FARBOUND	10.164000	1.793330	1.456890	34.164000	0.000000
24.000000	4.577663	4.117191	FARBOUND	-7.751910	2.189910	2.024680	16.248090	0.000000
24.000000	4.357445	4.030669	FARBOUND	20.875700	1.995110	1.439740	44.875700	0.000000
24.000000	4.485779	3.628795	NEARBOUND	20.875700	1.995110	1.439740	44.875700	0.000000
24.000000	4.132845	3.964493	FARBOUND	20.244600	2.128930	1.722730	44.244600	0.000000
24.000000	4.491724	3.757005	NEARBOUND	20.244600	2.128930	1.722730	44.244600	0.000000
24.000000	4.190025	3.792223	NEARBOUND	-10.088600	2.412070	2.784590	-34.088600	0.000004
24.000000	4.291771	3.775866	FARBOUND	25.650800	2.375630	2.039360	49.650800	0.000000
24.000000	4.312235	4.346146	FARBOUND	-17.725100	2.525810	2.555330	6.274900	0.000002
24.000000	4.003556	3.967386	FARBOUND	13.756900	1.856980	1.173280	37.756900	0.000000
24.000000	4.498788	4.272299	NEARBOUND	13.756900	1.856980	1.173280	37.756900	0.000000
24.000000	4.009935	4.129859	NEARBOUND	-14.580000	2.125220	2.226740	-38.580000	0.000000
24.000000	3.794128	3.809081	NEARBOUND	-24.009000	2.669750	2.626140	-48.009000	0.000000
24.000000	4.743163	4.006939	FARBOUND	-7.191030	2.535370	2.703720	16.808970	0.000001
24.000000	4.088384	4.034108	NEARBOUND	-7.191030	2.535370	2.703720	16.808970	0.000001
24.000000	4.141333	4.044414	NEARBOUND	-24.161100	2.588790	2.395340	-48.161100	0.000000
24.000000	4.073767	4.025983	NEARBOUND	-16.084200	2.469570	2.234070	-40.084200	0.000000
24.000000	4.406092	3.902456	FARBOUND	23.934100	2.442750	2.073940	47.934100	0.000000
24.000000	4.370910	3.976551	FARBOUND	21.694400	2.050520	1.037070	45.694400	0.000000
24.000000	4.551926	3.866449	FARBOUND	4.507360	1.446130	1.177140	28.507360	0.000001
24.000000	4.381494	3.741686	NEARBOUND	4.507360	1.446130	1.177140	28.507360	0.000001
24.000000	4.107796	4.207704	NEARBOUND	-5.844560	3.249950	3.629260	-29.844560	0.000001
24.000000	4.230254	3.763872	NEARBOUND	-2.641040	1.817620	1.739550	-26.641040	0.000000
24.000000	4.735241	4.015050	NEARBOUND	5.533820	1.500170	1.218300	-18.466180	0.000001
24.000000	4.521870	3.609798	FARBOUND	18.869000	2.155240	1.812020	42.869000	0.000000
24.000000	4.211312	3.729255	NEARBOUND	18.869000	2.155240	1.812020	42.869000	0.000000
24.000000	3.546660	3.937279	FARBOUND	-0.122817	1.792880	1.788310	23.877183	0.000000
24.000000	4.528161	3.931586	NEARBOUND	-0.122817	1.792880	1.788310	23.877183	0.000000
24.000000	4.638544	3.918199	FARBOUND	16.549500	2.219600	2.140890	40.549500	0.000000
24.000000	4.908924	3.749312	FARBOUND	29.648500	2.259850	1.151050	53.648500	0.000000
24.000000	4.880605	3.644672	FARBOUND	-2.073950	2.453840	2.654020	21.926050	0.000002
24.000000	4.591435	3.979503	FARBOUND	-0.107268	2.676410	2.682790	23.892732	0.000004
24.000000	4.380105	3.696118	FARBOUND	-6.584720	2.942020	3.196350	17.415280	0.000004
24.000000	4.931558	3.975671	FARBOUND	18.701700	2.013650	1.575470	42.701700	0.000000
24.000000	4.091755	3.804847	FARBOUND	5.463580	2.140430	2.097830	29.463580	0.000000
24.000000	4.248140	4.173057	NEARBOUND	5.463580	2.140430	2.097830	29.463580	0.000000
24.000000	4.761575	3.926664	NEARBOUND	-13.138700	2.576100	2.735040	-37.138700	0.000001
24.000000	4.101420	4.245527	FARBOUND	-15.212000	2.415700	2.353750	8.788000	0.000000
24.000000	4.561209	3.857225	NEARBOUND	-15.212000	2.415700	2.353750	8.788000	0.000000
24.000000	4.848249	3.962938	FARBOUND	9.941880	1.630020	1.074510	33.941880	0.000000
24.000000	4.214761	4.057847	FARBOUND	18.376200	2.028610	1.281070	42.376200	0.000000
24.000000	4.315580	4.191629	FARBOUND	2.678840	0.844007	0.569145	26.678840	0.000001
24.000000	4.196503	4.113648	NEARBOUND	2.678840	0.844007	0.569145	26.678840	0.000001
24.000000	4.815965	4.513150	NEARBOUND	-10.458200	3.305390	3.595450	-34.458200	0.000004
24.000000	4.171093	3.772918	FARBOUND	22.016400	1.964970	1.402710	46.016400	0.000000
24.000000	4.739685	3.969905	NEARBOUND	22.016400	1.964970	1.402710	46.016400	0.000000
24.000000	4.045172	3.892085	FARBOUND	27.236100	2.359960	1.485500	51.236100	0.000000
24.000000	4.023001	3.923103	FARBOUND	7.799420	1.865230	1.578470	31.799420	0.000000
24.000000	4.107157	3.741151	FARBOUND	3.333320	1.532650	1.372610	27.333320	0.000001
24.000000	4.197955	3.855852	FARBOUND	3.149600	2.128540	2.164900	27.149600	0.000000
24.000000	4.400729	4.161290	FARBOUND	10.837400	1.587860	0.926943	34.837400	0.000000
24.000000	4.400729	4.161290	NEARBOUND	10.837400	1.587860	0.926943	34.837400	0.000000
24.000000	4.171400	4.027208	NEARBOUND	-7.564220	2.488360	2.709660	-31.564220	0.000003
24.000000	4.315877	4.098084	FARBOUND	1.559780	1.608940	1.541840	25.559780	0.000000
24.000000	4.315877	4.098084	NEARBOUND	1.559780	1.608940	1.541840	25.559780	0.000000
24.000000	4.604001	4.190189	FARBOUND	24.623600	2.524600	1.959100	48.623600	0.000000
24.000000	4.232883	4.005965	FARBOUND	2.897430	2.031250	1.980030	26.897430	0.000001
24.000000	4.351869	4.470617	NEARBOUND	2.897430	2.031250	1.980030	26.897430	0.000001
24.000000	4.214002	3.598467	FARBOUND	10.256200	1.934470	1.627070	34.256200	0.000000
24.000000	4.364650	4.039656	NEARBOUND	10.256200	1.934470	1.627070	34.256200	0.000000
24.000000	4.059718	3.809727	FARBOUND	-3.839950	1.198620	0.961765	20.160050	0.000000
24.000000	4.537067	4.013503	FARBOUND	-42.356300	2.324280	1.461260	-18.356300	0.000002
24.000000	4.470195	3.772937	FARBOUND	-13.630200	2.444650	2.411690	10.369800	0.000002
24.000000	4.091986	4.213044	FARBOUND	0.609787	1.202260	1.119910	24.609787	0.000001
24.000000	4.404947	3.852827	FARBOUND	3.084340	0.970928	0.654101	27.084340	0.000001
24.000000	4.561719	4.284732	FARBOUND	11.247000	1.533990	0.923560	35.247000	0.000001
24.000000	5.019828	4.104823	FARBOUND	-7.770430	2.679390	2.780720	16.229570	0.000003
24.000000	4.297671	4.255204	FARBOUND	10.937700	1.606130	1.045750	34.937700	0.000000
24.000000	4.707943	4.159868	NEARBOUND	10.937700	1.606130	1.045750	34.937700	0.000000
24.000000	4.385693	3.995484	NEARBOUND	-4.550890	2.835050	3.117150	-28.550890	0.000002
24.000000	4.591772	3.697154	FARBOUND	12.222100	1.811510	1.132480	36.222100	0.000000
24.000000	4.210777	3.571850	FARBOUND	23.256600	2.289050	2.028660	47.256600	0.000000
24.000000	4.421443	3.673210	FARBOUND	7.132700	1.820660	1.556250	31.132700	0.000000
24.000000	4.824610	4.172186	FARBOUND	23.129300	2.014380	1.736390	47.129300	0.000000
24.000000	4.140415	3.529641	NEARBOUND	23.129300	2.014380	1.736390	47.129300	0.000000
24.000000	4.160450	3.883642	FARBOUND	6.687600	1.647150	1.238690	30.687600	0.000000
24.000000	4.218727	4.350061	NEARBOUND	6.687600	1.647150	1.238690	30.687600	0.000000
24.000000	4.091608	4.015322	FARBOUND	-4.488420	2.131670	2.111390	19.511580	0.000000
24.000000	4.481556	3.686134	FARBOUND	25.109400	2.187080	1.254780	49.109400	0.000000
24.000000	4.261645	4.327821	NEARBOUND	25.109400	2.187080	1.254780	49.109400	0.000000
24.000000	4.257064	4.148313	NEARBOUND	-16.704500	2.648610	2.512280	-40.704500	0.000000
24.000000	4.304617	4.431212	FARBOUND	19.581500	1.988350	1.263860	43.581500	0.000000
24.000000	4.631632	4.428843	FARBOUND	8.296660	1.879590	1.602710	32.296660	0.000000
24.000000	4.311453	3.827455	NEARBOUND	8.296660	1.879590	1.602710	32.296660	0.000000
24.000000	4.054692	3.820432	NEARBOUND	-1.131740	1.882780	1.850670	-25.131740	0.000001
24.000000	4.824540	3.889713	FARBOUND	-2.382800	2.841280	3.210790	21.617200	0.000001
24.000000	4.173671	3.675174	FARBOUND	17.319100	1.936840	1.088800	41.319100	0.000000
24.000000	4.290964	4.104046	FARBOUND	2.213850	1.194710	1.047280	26.213850	0.000000
24.000000	4.381399	4.421111	FARBOUND	27.090300	2.262420	1.267040	51.090300	0.000000
24.000000	4.085533	3.875198	FARBOUND	16.403000	1.964240	1.279400	40.403000	0.000000
24.000000	4.352382	4.168499	NEARBOUND	16.403000	1.964240	1.279400	40.403000	0.000000
24.000000	4.120555	4.023718	FARBOUND	3.084830	1.758820	1.637230	27.084830	0.000001
24.000000	4.106390	4.374203	NEARBOUND	3.084830	1.758820	1.637230	27.084830	0.000001
24.000000	4.141279	4.177163	NEARBOUND	-8.575450	2.246880	2.405220	-32.575450	0.000002
24.000000	4.219316	4.154802	FARBOUND	-0.998606	1.512060	1.466850	23.001394	0.000001
24.000000	4.484208	4.114264	NEARBOUND	-0.998606	1.512060	1.466850	23.001394	0.000001
24.000000	4.795427	3.995106	FARBOUND	19.068000	1.974480	1.300190	43.068000	0.000000
24.000000	4.296418	3.870936	FARBOUND	19.307600	2.025670	1.385400	43.307600	0.000000
24.000000	4.648923	3.847950	FARBOUND	25.727200	2.391460	1.707020	49.727200	0.000000
24.000000	4.540870	3.934934	NEARBOUND	25.727200	2.391460	1.707020	49.727200	0.000000
24.000000	4.456212	3.999351	NEARBOUND	-5.868380	2.542340	2.829020	-29.868380	0.000001
24.000000	4.244162	4.122171	FARBOUND	15.078800	1.743600	0.873913	39.078800	0.000000
24.000000	4.323708	3.585175	FARBOUND	25.163500	2.142840	1.320420	49.163500	0.000000
24.000000	4.182710	3.940044	FARBOUND	7.106490	1.364200	0.806060	31.106490	0.000001
24.000000	4.182710	3.940044	NEARBOUND	7.106490	1.364200	0.806060	31.106490	0.000001
24.000000	4.723280	3.684785	NEARBOUND	-6.245260	2.535110	2.635650	-30.245260	0.000001
24.000000	4.222916	4.003483	FARBOUND	4.902810	1.436540	1.162790	28.902810	0.000000
24.000000	4.388503	4.029048	FARBOUND	2.987940	0.879468	0.625420	26.987940	0.000002
24.000000	4.575056	4.190721	FARBOUND	14.475600	1.867250	1.112490	38.475600	0.000000
24.000000	4.508259	4.193757	FARBOUND	17.902400	1.983840	1.292800	41.902400	0.000000
24.000000	4.341445	3.740779	FARBOUND	27.866100	2.254220	1.675120	51.866100	0.000000
24.000000	4.550716	4.369308	FARBOUND	23.801200	2.192350	1.351340	47.801200	0.000000
24.000000	4.293514	4.109510	NEARBOUND	23.801200	2.192350	1.351340	47.801200	0.000000
24.000000	4.371279	3.502490	FARBOUND	24.064300	2.363900	2.163500	48.064300	0.000000
24.000000	4.801567	4.033848	NEARBOUND	24.064300	2.363900	2.163500	48.064300	0.000000
24.000000	4.642894	4.142980	FARBOUND	8.748130	1.638780	1.095500	32.748130	0.000000
24.000000	4.076475	3.637554	NEARBOUND	8.748130	1.638780	1.095500	32.748130	0.000000
24.000000	3.828208	4.110010	FARBOUND	9.364990	1.857560	1.468800	33.364990	0.000001
24.000000	3.895618	4.148926	FARBOUND	19.843000	2.071470	1.432940	43.843000	0.000000
24.000000	4.533492	3.871386	FARBOUND	2.171110	0.819956	0.647678	26.171110	0.000000
24.000000	4.533492	3.871386	NEARBOUND	2.171110	0.819956	0.647678	26.171110	0.000000
24.000000	4.349270	3.994580	NEARBOUND	-8.205620	2.690770	3.013150	-32.205620	0.000001
24.000000	4.332711	4.305382	FARBOUND	12.147600	1.733940	1.168960	36.147600	0.000000
24.000000	4.401878	4.011134	FARBOUND	29.642600	2.291740	1.553970	53.642600	0.000000
24.000000	4.494072	3.866859	FARBOUND	21.791000	1.989950	1.368490	45.791000	0.000000
24.000000	4.378560	3.820118	NEARBOUND	21.791000	1.989950	1.368490	45.791000	0.000000
24.000000	4.317827	3.798866	FARBOUND	14.951100	2.114400	1.643300	38.951100	0.000000
24.000000	4.317317	4.132650	FARBOUND	22.734100	2.189880	1.364570	46.734100	0.000000
24.000000	3.981136	3.819004	FARBOUND	10.644500	1.982550	1.625950	34.644500	0.000000
24.000000	4.550524	3.554879	FARBOUND	26.546300	2.214040	1.526670	50.546300	0.000000
24.000000	4.034871	3.683370	NEARBOUND	26.546300	2.214040	1.526670	50.546300	0.000000
24.000000	4.191018	3.722319	NEARBOUND	-23.819900	2.197930	1.780010	-47.819900	0.000000
24.000000	4.079841	4.046573	FARBOUND	15.354900	1.933950	1.588590	39.354900	0.000000
24.000000	4.847358	3.796361	FARBOUND	25.238900	2.662540	2.374010	49.238900	0.000000
24.000000	4.378673	4.312664	NEARBOUND	25.238900	2.662540	2.374010	49.238900	0.000000
24.000000	4.255843	4.172013	FARBOUND	7.131890	1.652330	1.321400	31.131890	0.000000
24.000000	3.932905	3.528492	FARBOUND	-14.418300	2.229510	2.472420	9.581700	0.000001
24.000000	4.712122	3.719188	FARBOUND	23.008500	2.528570	2.433080	47.008500	0.000000
24.000000	4.489919	4.238212	FARBOUND	5.472860	1.762340	1.572470	29.472860	0.000000
24.000000	4.380589	4.033298	FARBOUND	22.092700	2.227400	1.934920	46.092700	0.000000
24.000000	4.268021	3.803335	FARBOUND	13.735900	1.868080	1.259330	37.735900	0.000000
24.000000	4.046622	4.021368	FARBOUND	4.310770	1.683400	1.505200	28.310770	0.000001
24.000000	4.046622	4.021368	NEARBOUND	4.310770	1.683400	1.505200	28.310770	0.000001
24.000000	4.199570	4.182569	NEARBOUND	3.427770	1.939010	1.843490	-20.572230	0.000001
24.000000	4.204941	4.057263	FARBOUND	23.171900	2.255650	1.603920	47.171900	0.000000
24.000000	5.168276	3.901932	FARBOUND	-5.817650	3.084130	3.587330	18.182350	0.000001
24.000000	4.687854	3.682282	FARBOUND	-10.282800	2.145310	2.395890	13.717200	0.000000
24.000000	4.451174	3.932352	FARBOUND	18.946100	2.065180	1.521870	42.946100	0.000000
24.000000	4.075053	3.868921	NEARBOUND	18.946100	2.065180	1.521870	42.946100	0.000000
24.000000	4.149423	4.067748	NEARBOUND	-2.358870	2.316820	2.684670	-26.358870	0.000001
24.000000	4.223931	4.112970	FARBOUND	8.509380	1.693540	1.247220	32.509380	0.000001
24.000000	4.604812	3.967041	FARBOUND	-1.860810	2.747720	2.791270	22.139190	0.000002
24.000000	4.292056	3.530941	FARBOUND	23.930700	2.164680	1.400140	47.930700	0.000000
24.000000	4.893400	4.394149	FARBOUND	21.981700	2.313380	1.804220	45.981700	0.000000
24.000000	4.598864	3.927655	FARBOUND	-1.945590	2.550500	2.804820	22.054410	0.000001
24.000000	4.190754	4.156847	NEARBOUND	-1.945590	2.550500	2.804820	22.054410	0.000001
24.000000	4.217140	3.586769	FARBOUND	24.171300	2.350490	2.048060	48.171300	0.000000
24.000000	4.152775	4.023644	FARBOUND	12.610500	1.863200	1.466820	36.610500	0.000000
24.000000	4.089115	3.799335	FARBOUND	3.221900	0.946562	0.669576	27.221900	0.000001
24.000000	4.054323	3.853182	NEARBOUND	3.221900	0.946562	0.669576	27.221900	0.000001
24.000000	4.338449	4.159646	NEARBOUND	-8.851030	2.247720	2.277760	-32.851030	0.000000
24.000000	3.937862	4.081870	NEARBOUND	-37.514700	2.115690	1.604620	-61.514700	0.000000
24.000000	4.885399	4.244978	FARBOUND	15.443600	1.916040	1.252520	39.443600	0.000000
24.000000	4.128575	4.291164	NEARBOUND	15.443600	1.916040	1.252520	39.443600	0.000000
24.000000	5.127519	4.596531	FARBOUND	23.394300	2.535130	2.116370	47.394300	0.000000
24.000000	5.014400	4.573574	FARBOUND	11.273900	1.820950	1.335530	35.273900	0.000000
24.000000	4.152252	4.439800	FARBOUND	3.328950	0.959894	0.638824	27.328950	0.000001
24.000000	4.313502	3.997763	FARBOUND	20.167300	2.195070	1.795820	44.167300	0.000000
24.000000	4.313502	3.997763	NEARBOUND	20.167300	2.195070	1.795820	44.167300	0.000000
24.000000	3.792528	3.398524	FARBOUND	27.823700	2.223230	1.078060	51.823700	0.000000
24.000000	4.838995	3.695807	NEARBOUND	27.823700	2.223230	1.078060	51.823700	0.000000
24.000000	4.049897	3.664479	FARBOUND	13.272300	1.478220	0.702791	37.272300	0.000001
24.000000	3.868859	3.957433	FARBOUND	9.099510	1.731990	1.290810	33.099510	0.000000
24.000000	4.819524	3.962558	FARBOUND	22.576700	2.030030	1.466370	46.576700	0.000000
24.000000	4.273522	3.777424	FARBOUND	-15.261900	2.503780	2.807560	8.738100	0.000001
24.000000	4.508722	4.037227	NEARBOUND	-15.261900	2.503780	2.807560	8.738100	0.000001
24.000000	3.872373	3.625774	NEARBOUND	-0.682403	2.978900	2.992230	-24.682403	0.000000
24.000000	4.671787	4.687120	FARBOUND	0.563340	1.855670	1.841290	24.563340	0.000000
24.000000	4.302910	3.812718	NEARBOUND	0.563340	1.855670	1.841290	24.563340	0.000000
24.000000	4.415605	4.231387	NEARBOUND	-30.544800	2.317020	2.074910	-54.544800	0.000000
24.000000	4.716923	3.974634	FARBOUND	20.592100	2.363160	2.155890	44.592100	0.000000
24.000000	4.021625	4.291791	NEARBOUND	20.592100	2.363160	2.155890	44.592100	0.000000
24.000000	4.095908	3.734890	NEARBOUND	-33.077900	2.210370	1.677310	-57.077900	0.000000
24.000000	4.374168	3.736088	FARBOUND	28.365700	2.147940	1.536610	52.365700	0.000000
24.000000	4.524391	3.956196	NEARBOUND	28.365700	2.147940	1.536610	52.365700	0.000000
24.000000	4.687116	4.243547	FARBOUND	20.138300	2.213370	1.581870	44.138300	0.000000
24.000000	4.394947	3.780605	FARBOUND	-1.404380	2.982660	3.014050	22.595620	0.000000
24.000000	4.539324	3.960858	FARBOUND	9.533540	1.661420	1.110290	33.533540	0.000000
24.000000	4.740357	3.957768	FARBOUND	-6.092410	2.409660	2.495640	17.907590	0.000002
24.000000	4.675155	3.889538	FARBOUND	-3.592740	2.692940	2.771130	20.407260	0.000002
24.000000	4.675155	3.889538	NEARBOUND	-3.592740	2.692940	2.771130	20.407260	0.000002
24.000000	3.705102	4.184028	NEARBOUND	-26.312700	2.187150	2.082550	-50.312700	0.000000
24.000000	4.413845	4.511575	FARBOUND	11.450600	1.846140	1.388410	35.450600	0.000000
24.000000	4.225137	3.654282	NEARBOUND	11.450600	1.846140	1.388410	35.450600	0.000000
24.000000	4.851988	4.044633	FARBOUND	6.778330	1.348070	0.828460	30.778330	0.000002
24.000000	4.303936	4.111868	FARBOUND	11.890200	1.952260	1.563390	35.890200	0.000000
24.000000	4.152221	3.705634	FARBOUND	-3.452460	3.175220	3.365510	20.547540	0.000001
24.000000	4.187232	4.168866	NEARBOUND	-3.452460	3.175220	3.365510	20.547540	0.000001
24.000000	4.115533	3.856846	NEARBOUND	-17.507100	2.214110	2.187380	-41.507100	0.000000
24.000000	4.547333	3.897219	NEARBOUND	-21.586300	2.260690	1.813860	-45.586300	0.000002
24.000000	4.546629	4.058442	FARBOUND	7.748190	1.518220	1.005850	31.748190	0.000000
24.000000	4.417583	4.033432	FARBOUND	6.188570	1.146280	0.724540	30.188570	0.000001
24.000000	4.360442	3.897316	FARBOUND	26.840400	2.338730	1.737210	50.840400	0.000000
24.000000	4.745902	3.756086	NEARBOUND	26.840400	2.338730	1.737210	50.840400	0.000000
24.000000	5.015877	4.101478	NEARBOUND	-2.872280	3.368920	3.547480	-26.872280	0.000003
24.000000	4.143101	3.700644	FARBOUND	-0.982828	0.860306	0.788530	23.017172	0.000001
24.000000	4.520833	4.006567	NEARBOUND	-0.982828	0.860306	0.788530	23.017172	0.000001
24.000000	4.990372	4.075545	FARBOUND	49.162400	2.508060	1.106140	73.162400	0.000000
24.000000	4.382509	3.765474	FARBOUND	26.165700	2.084030	1.458790	50.165700	0.000000
24.000000	3.899796	4.319302	FARBOUND	14.236400	1.995800	1.633900	38.236400	0.000000
24.000000	4.353262	4.009782	NEARBOUND	14.236400	1.995800	1.633900	38.236400	0.000000
24.000000	4.374792	4.076891	FARBOUND	16.505500	1.851590	1.059500	40.505500	0.000000
24.000000	4.539330	4.653313	FARBOUND	12.355100	1.925000	1.507340	36.355100	0.000001
24.000000	4.487603	4.401950	FARBOUND	-14.365200	2.147770	2.022030	9.634800	0.000000
24.000000	4.102847	3.800892	FARBOUND	16.102700	2.022950	1.485560	40.102700	0.000001
24.000000	4.074833	4.078210	NEARBOUND	16.102700	2.022950	1.485560	40.102700	0.000001
24.000000	4.231721	3.993490	FARBOUND	14.752600	2.250100	1.971170	38.752600	0.000000
24.000000	4.418668	4.007057	NEARBOUND	14.752600	2.250100	1.971170	38.752600	0.000000
24.000000	4.210007	4.115959	NEARBOUND	-37.758200	2.353550	1.835190	-61.758200	0.000000
24.000000	4.873152	3.826904	FARBOUND	12.062100	2.215040	2.015560	36.062100	0.000001
24.000000	4.493880	4.072582	FARBOUND	9.301600	1.788910	1.403030	33.301600	0.000000
24.000000	4.579947	3.857831	FARBOUND	-6.229670	2.619220	2.956470	17.770330	0.000003
24.000000	4.529532	3.618038	NEARBOUND	-6.229670	2.619220	2.956470	17.770330	0.000003
24.000000	4.830553	4.262150	FARBOUND	1.575860	0.717063	0.525069	25.575860	0.000000
24.000000	4.002332	3.999020	FARBOUND	-2.852090	3.331220	3.519390	21.147910	0.000004
24.000000	4.548966	3.892821	FARBOUND	-12.444500	2.467170	2.569280	11.555500	0.000001
24.000000	4.548966	3.892821	NEARBOUND	-12.444500	2.467170	2.569280	11.555500	0.000001
24.000000	4.586519	3.912758	FARBOUND	30.601700	2.356050	1.426610	54.601700	0.000000
24.000000	4.170624	4.352459	NEARBOUND	30.601700	2.356050	1.426610	54.601700	0.000000
24.000000	4.226852	4.097397	FARBOUND	13.902400	2.124840	1.937690	37.902400	0.000000
24.000000	4.361277	4.295487	NEARBOUND	13.902400	2.124840	1.937690	37.902400	0.000000
24.000000	4.068507	4.121345	FARBOUND	16.767400	1.937310	1.407220	40.767400	0.000000
24.000000	4.322377	4.159324	NEARBOUND	16.767400	1.937310	1.407220	40.767400	0.000000
24.000000	4.331488	4.151697	FARBOUND	22.023400	2.080080	1.273390	46.023400	0.000000
24.000000	3.931035	3.814093	FARBOUND	19.261700	1.988070	1.334970	43.261700	0.000001
24.000000	4.310378	4.529872	FARBOUND	6.675180	1.377980	0.940893	30.675180	0.000000
24.000000	4.413146	3.902179	NEARBOUND	6.675180	1.377980	0.940893	30.675180	0.000000
24.000000	3.932767	3.667135	NEARBOUND	-7.985790	2.379860	2.438560	-31.985790	0.000001
24.000000	4.094385	4.135169	FARBOUND	8.078460	1.814130	1.515050	32.078460	0.000000
24.000000	4.312661	4.033107	NEARBOUND	8.078460	1.814130	1.515050	32.078460	0.000000
24.000000	4.313410	4.057968	FARBOUND	7.232070	1.507730	1.072580	31.232070	0.000002
24.000000	4.438143	4.075241	FARBOUND	17.283400	1.950890	1.336310	41.283400	0.000001
24.000000	4.438143	4.075241	NEARBOUND	17.283400	1.950890	1.336310	41.283400	0.000001
24.000000	4.242631	4.004520	NEARBOUND	-30.156700	2.534070	2.269910	-54.156700	0.000000
24.000000	3.986336	4.144193	FARBOUND	-9.703680	2.865810	3.435870	14.296320	0.000006
24.000000	3.719243	3.927134	NEARBOUND	-9.703680	2.865810	3.435870	14.296320	0.000006
24.000000	4.062705	4.277824	FARBOUND	7.841400	1.611170	1.171120	31.841400	0.000000
24.000000	4.523536	3.746690	FARBOUND	9.248190	1.876000	1.602170	33.248190	0.000000
24.000000	4.201682	3.853136	NEARBOUND	9.248190	1.876000	1.602170	33.248190	0.000000
24.000000	4.615181	3.309333	FARBOUND	1.151360	0.772156	0.658451	25.151360	0.000000
24.000000	4.653016	3.867313	NEARBOUND	1.151360	0.772156	0.658451	25.151360	0.000000
24.000000	4.677674	3.535833	FARBOUND	10.082600	1.739390	1.275910	34.082600	0.000001
24.000000	4.285275	3.853934	NEARBOUND	10.082600	1.739390	1.275910	34.082600	0.000001
24.000000	4.148927	3.547204	FARBOUND	6.399890	1.622490	1.295590	30.399890	0.000002
24.000000	4.165385	4.170140	FARBOUND	-2.705110	0.945949	0.763982	21.294890	0.000001
24.000000	4.180598	4.028477	FARBOUND	3.394090	1.455140	1.295330	27.394090	0.000000
24.000000	3.867216	3.317803	FARBOUND	5.761980	1.704230	1.472470	29.761980	0.000000
24.000000	3.784177	4.179363	NEARBOUND	5.761980	1.704230	1.472470	29.761980	0.000000
24.000000	4.802380	4.222888	NEARBOUND	-4.084920	2.727570	2.995840	-28.084920	0.000000
24.000000	4.343590	4.218938	FARBOUND	24.000000	2.467760	1.863130	48.000000	0.000000
24.000000	4.479853	4.401183	NEARBOUND	24.000000	2.467760	1.863130	48.000000	0.000000
24.000000	3.812713	4.153113	NEARBOUND	-13.736700	2.260920	1.997990	-37.736700	0.000000
24.000000	3.506908	3.670748	NEARBOUND	-3.822080	3.034930	3.151730	-27.822080	0.000005
24.000000	4.923521	3.883272	FARBOUND	4.598900	1.082720	0.608975	28.598900	0.000002
24.000000	4.557459	3.827166	FARBOUND	0.485664	1.608060	1.587840	24.485664	0.000000
24.000000	4.403134	3.706342	NEARBOUND	0.485664	1.608060	1.587840	24.485664	0.000000
24.000000	4.180968	3.712883	NEARBOUND	-10.123300	2.231430	2.156690	-34.123300	0.000000
24.000000	4.274517	3.968838	NEARBOUND	-6.127140	2.412510	2.784630	-30.127140	0.000002
24.000000	4.281234	3.985307	NEARBOUND	-21.651700	2.663910	2.415140	-45.651700	0.000000
24.000000	4.227707	4.115080	FARBOUND	17.528700	1.966590	1.213140	41.528700	0.000000
24.000000	4.227707	4.115080	NEARBOUND	17.528700	1.966590	1.213140	41.528700	0.000000
24.000000	4.378362	3.911275	FARBOUND	20.115000	2.456020	2.133100	44.115000	0.000000
24.000000	4.378362	3.911275	NEARBOUND	20.115000	2.456020	2.133100	44.115000	0.000000
24.000000	4.888483	3.782011	NEARBOUND	-19.719200	2.245740	2.041930	-43.719200	0.000000
24.000000	3.827947	3.937390	NEARBOUND	-1.928490	3.057470	3.125350	-25.928490	0.000001
24.000000	4.677403	4.180304	FARBOUND	6.701350	1.394820	1.015580	30.701350	0.000001
24.000000	3.928846	3.909158	FARBOUND	24.000000	2.241140	1.648700	48.000000	0.000000
24.000000	4.510553	3.763942	NEARBOUND	24.000000	2.241140	1.648700	48.000000	0.000000
24.000000	3.884605	4.176206	FARBOUND	4.476490	1.408200	1.027120	28.476490	0.000001
24.000000	4.163778	3.948633	FARBOUND	7.620900	1.594060	1.065120	31.620900	0.000000
24.000000	4.363495	3.869332	FARBOUND	5.564570	1.867230	1.713230	29.564570	0.000000
24.000000	4.775556	3.669443	NEARBOUND	5.564570	1.867230	1.713230	29.564570	0.000000
24.000000	4.203318	4.001573	FARBOUND	12.023000	1.766730	1.149230	36.023000	0.000001
24.000000	4.194798	3.643861	FARBOUND	8.048660	1.721120	1.363840	32.048660	0.000000
24.000000	4.465230	3.963970	NEARBOUND	8.048660	1.721120	1.363840	32.048660	0.000000
24.000000	4.460478	3.856499	FARBOUND	1.106750	1.127800	1.057850	25.106750	0.000001
24.000000	4.366904	4.311207	FARBOUND	3.775690	1.520220	1.346870	27.775690	0.000000
24.000000	4.406696	4.226815	NEARBOUND	3.775690	1.520220	1.346870	27.775690	0.000000
24.000000	4.323311	4.057353	FARBOUND	-3.909710	2.536970	2.562560	20.090290	0.000000
24.000000	4.217044	4.249808	FARBOUND	22.353300	2.061490	1.114660	46.353300	0.000000
24.000000	3.852199	3.937689	FARBOUND	-1.857220	2.265970	2.682480	22.142780	0.000001
24.000000	4.349921	4.072667	NEARBOUND	-1.857220	2.265970	2.682480	22.142780	0.000001
24.000000	4.417234	4.262560	FARBOUND	-8.575400	3.073730	3.265740	15.424600	0.000001
24.000000	4.152852	3.849346	FARBOUND	12.355500	1.502020	0.710231	36.355500	0.000001
24.000000	4.865381	4.167190	FARBOUND	10.162600	2.244320	2.149310	34.162600	0.000000
24.000000	3.942802	4.020926	NEARBOUND	10.162600	2.244320	2.149310	34.162600	0.000000
24.000000	4.900829	4.246242	FARBOUND	-3.880880	2.178270	2.335660	20.119120	0.000000
24.000000	4.237357	4.080062	FARBOUND	7.457290	2.064870	1.941100	31.457290	0.000000
24.000000	4.488598	4.141264	FARBOUND	16.623600	1.927780	1.171280	40.623600	0.000000
24.000000	4.348664	3.965478	NEARBOUND	16.623600	1.927780	1.171280	40.623600	0.000000
24.000000	4.402786	3.957308	NEARBOUND	-5.019880	2.855130	3.039700	-29.019880	0.000002
24.000000	4.040092	4.182315	NEARBOUND	-3.883320	2.896310	3.363050	-27.883320	0.000002
24.000000	4.202057	3.845012	NEARBOUND	-3.931700	2.990540	3.208940	-27.931700	0.000001
24.000000	4.493171	4.255796	FARBOUND	9.696900	1.856310	1.547220	33.696900	0.000000
24.000000	3.899342	4.326031	FARBOUND	14.717800	1.924140	1.345520	38.717800	0.000000
24.000000	4.643425	3.948014	NEARBOUND	14.717800	1.924140	1.345520	38.717800	0.000000
24.000000	4.787819	3.852173	FARBOUND	16.088200	2.216050	1.883280	40.088200	0.000000
24.000000	4.454183	4.202300	FARBOUND	15.923000	1.913350	1.195050	39.923000	0.000000
24.000000	4.199884	3.767370	FARBOUND	9.618950	1.730630	1.158060	33.618950	0.000000
24.000000	4.574009	3.887475	FARBOUND	10.908900	1.849700	1.436950	34.908900	0.000003
24.000000	4.166409	4.031602	FARBOUND	4.449230	1.483590	1.254670	28.449230	0.000001
24.000000	4.156672	3.519641	FARBOUND	12.502000	1.645390	0.901366	36.502000	0.000000
24.000000	4.330602	3.947393	FARBOUND	0.235184	1.024800	1.008070	24.235184	0.000001
24.000000	4.332979	4.208772	NEARBOUND	0.235184	1.024800	1.008070	24.235184	0.000001
24.000000	4.560520	4.088849	FARBOUND	9.750630	1.714850	1.204810	33.750630	0.000000
24.000000	4.383673	3.806858	FARBOUND	10.319000	1.800940	1.394490	34.319000	0.000001
24.000000	4.533542	4.079394	FARBOUND	2.990990	1.456930	1.297920	26.990990	0.000001
24.000000	4.404927	3.963183	FARBOUND	28.271000	2.187650	1.179510	52.271000	0.000000
24.000000	4.197368	3.650663	NEARBOUND	28.271000	2.187650	1.179510	52.271000	0.000000
24.000000	4.474403	3.917363	FARBOUND	13.233100	1.973150	1.775250	37.233100	0.000000
24.000000	4.474403	3.917363	NEARBOUND	13.233100	1.973150	1.775250	37.233100	0.000000
24.000000	4.484929	3.930516	FARBOUND	19.686100	2.021830	1.552580	43.686100	0.000000
24.000000	4.118770	4.450690	NEARBOUND	19.686100	2.021830	1.552580	43.686100	0.000000
24.000000	4.340991	3.921011	FARBOUND	20.306700	1.952620	1.260660	44.306700	0.000000
24.000000	4.399978	3.812364	NEARBOUND	20.306700	1.952620	1.260660	44.306700	0.000000
24.000000	3.990094	4.079433	NEARBOUND	-27.897800	2.188240	2.017760	-51.897800	0.000001
24.000000	4.152124	4.309938	NEARBOUND	-21.683000	2.174750	1.956680	-45.683000	0.000000
24.000000	4.346373	4.328763	NEARBOUND	-30.400800	2.544630	1.812220	-54.400800	0.000000
24.000000	4.090191	3.892682	FARBOUND	4.697270	1.397340	1.058670	28.697270	0.000001
24.000000	4.292520	4.046869	FARBOUND	26.190400	2.280960	1.433870	50.190400	0.000000
24.000000	4.863967	3.960491	FARBOUND	21.864600	2.654440	2.443360	45.864600	0.000000
24.000000	4.393289	3.996454	FARBOUND	39.183000	2.432480	0.990885	63.183000	0.000000
24.000000	3.983791	4.078425	FARBOUND	14.714500	1.872560	1.156900	38.714500	0.000000
24.000000	4.202994	3.894034	NEARBOUND	14.714500	1.872560	1.156900	38.714500	0.000000
24.000000	4.303380	3.881959	NEARBOUND	-4.653530	3.004120	3.342810	-28.653530	0.000000
24.000000	4.638969	4.019864	NEARBOUND	-8.221990	3.005760	3.315500	-32.221990	0.000003
24.000000	4.768719	3.632981	FARBOUND	20.864100	1.990950	1.414800	44.864100	0.000000
24.000000	4.393427	4.245273	FARBOUND	23.955200	2.490180	1.880660	47.955200	0.000000
24.000000	4.462099	3.834217	NEARBOUND	23.955200	2.490180	1.880660	47.955200	0.000000
24.000000	3.937944	4.215856	FARBOUND	-9.642260	2.129280	1.836680	14.357740	0.000000
24.000000	4.613519	4.040848	FARBOUND	-4.092720	2.831000	2.945980	19.907280	0.000001
24.000000	4.466226	4.270685	FARBOUND	15.455600	1.890370	1.171340	39.455600	0.000001
24.000000	4.089285	4.111384	NEARBOUND	15.455600	1.890370	1.171340	39.455600	0.000001
24.000000	4.419578	4.252566	FARBOUND	-2.863670	2.273650	2.292590	21.136330	0.000000
24.000000	4.166888	4.057753	FARBOUND	31.908300	2.403840	1.283400	55.908300	0.000000
24.000000	4.265202	4.243380	FARBOUND	13.540800	1.998520	1.518080	37.540800	0.000000
24.000000	4.317519	3.731984	FARBOUND	28.843700	2.271270	1.306890	52.843700	0.000000
24.000000	4.799825	3.857059	FARBOUND	26.800800	2.257010	1.639010	50.800800	0.000000
24.000000	4.459906	4.166402	FARBOUND	-25.227900	2.182290	2.148600	-1.227900	0.000000
24.000000	4.540354	4.012594	FARBOUND	18.944600	2.023090	1.234210	42.944600	0.000002
24.000000	4.353700	3.734773	NEARBOUND	18.944600	2.023090	1.234210	42.944600	0.000002
24.000000	4.492604	3.653572	FARBOUND	1.877990	1.334040	1.219570	25.877990	0.000002
24.000000	4.643292	3.903547	FARBOUND	17.104000	2.003650	1.346610	41.104000	0.000000
24.000000	4.446569	4.141631	FARBOUND	11.628800	1.661540	0.940987	35.628800	0.000000
24.000000	4.752015	4.034465	NEARBOUND	11.628800	1.661540	0.940987	35.628800	0.000000
24.000000	4.350528	4.202666	FARBOUND	-4.260180	2.553580	2.900120	19.739820	0.000001
24.000000	4.262272	4.211202	FARBOUND	9.775850	1.730950	1.124720	33.775850	0.000001
24.000000	4.450829	4.050298	FARBOUND	21.040900	2.073030	1.599980	45.040900	0.000000
24.000000	4.318623	4.189659	NEARBOUND	21.040900	2.073030	1.599980	45.040900	0.000000
24.000000	4.203108	4.269296	NEARBOUND	-10.562600	2.499290	2.560040	-34.562600	0.000000
24.000000	4.872717	4.504033	FARBOUND	-6.722440	2.577620	2.855700	17.277560	0.000001
24.000000	4.313712	3.727623	FARBOUND	18.220900	1.986420	1.229590	42.220900	0.000000
24.000000	4.313712	3.727623	NEARBOUND	18.220900	1.986420	1.229590	42.220900	0.000000
24.000000	4.397349	3.905245	NEARBOUND	-20.602900	2.387730	2.413770	-44.602900	0.000000
24.000000	4.365111	4.230773	FARBOUND	11.060000	1.681250	1.106020	35.060000	0.000001
24.000000	4.365111	4.230773	NEARBOUND	11.060000	1.681250	1.106020	35.060000	0.000001
24.000000	3.939717	4.051949	NEARBOUND	-18.642100	2.180520	1.743170	-42.642100	0.000001
24.000000	4.509368	3.942123	NEARBOUND	-37.511300	2.155450	1.768210	-61.511300	0.000000
24.000000	4.356762	4.106303	FARBOUND	9.255600	1.440830	0.804785	33.255600	0.000000
24.000000	4.215071	3.757568	FARBOUND	32.726300	2.352700	1.102880	56.726300	0.000001
24.000000	4.014492	4.077693	FARBOUND	-1.246420	1.209860	1.138150	22.753580	0.000001
24.000000	4.076856	3.735877	FARBOUND	-4.808540	2.637510	2.715760	19.191460	0.000002
24.000000	4.348804	3.920168	FARBOUND	-7.067040	2.049690	2.118380	16.932960	0.000000
24.000000	3.986626	4.120347	NEARBOUND	-7.067040	2.049690	2.118380	16.932960	0.000000
24.000000	4.001535	3.885625	FARBOUND	15.799500	2.005530	1.445670	39.799500	0.000001
24.000000	4.450154	3.898913	FARBOUND	9.929290	1.761050	1.280480	33.929290	0.000000
24.000000	4.266945	4.335190	FARBOUND	15.335600	2.278570	1.957790	39.335600	0.000000
24.000000	3.823244	3.588665	NEARBOUND	15.335600	2.278570	1.957790	39.335600	0.000000
24.000000	4.861895	4.110829	NEARBOUND	-18.333100	2.219960	1.790420	-42.333100	0.000000
24.000000	4.346296	4.038791	NEARBOUND	-23.468600	2.387540	2.335810	-47.468600	0.000000
24.000000	3.902467	4.175065	NEARBOUND	-1.658310	2.013580	2.058920	-25.658310	0.000002
24.000000	4.288486	3.808005	NEARBOUND	-37.514200	2.457600	1.642440	-61.514200	0.000000
24.000000	4.490238	3.532002	FARBOUND	23.183500	2.234240	2.138750	47.183500	0.000000
24.000000	4.305198	3.811489	FARBOUND	5.106110	1.533940	1.284580	29.106110	0.000001
24.000000	4.252627	4.007354	NEARBOUND	5.106110	1.533940	1.284580	29.106110	0.000001
24.000000	3.709276	3.623690	FARBOUND	14.576800	1.689740	1.384800	38.576800	0.000000
24.000000	4.276717	3.880171	FARBOUND	25.274300	2.360530	1.836580	49.274300	0.000000
24.000000	4.531892	3.979317	FARBOUND	17.637300	2.304260	2.068340	41.637300	0.000000
24.000000	4.531892	3.979317	NEARBOUND	17.637300	2.304260	2.068340	41.637300	0.000000
24.000000	4.225696	3.993424	FARBOUND	9.505780	1.690460	1.113900	33.505780	0.000001
24.000000	4.591628	4.436179	FARBOUND	-6.457550	2.579880	2.789540	17.542450	0.000000
24.000000	4.562505	3.501640	NEARBOUND	-6.457550	2.579880	2.789540	17.542450	0.000000
24.000000	4.548803	4.501366	NEARBOUND	-20.954600	2.355490	2.221760	-44.954600	0.000000
24.000000	4.845979	3.862626	FARBOUND	-8.705980	2.740620	2.827480	15.294020	0.000000
24.000000	3.875689	3.760859	FARBOUND	4.821890	1.438170	1.110620	28.821890	0.000000
24.000000	4.551504	3.796194	NEARBOUND	4.821890	1.438170	1.110620	28.821890	0.000000
24.000000	4.707553	4.308600	FARBOUND	12.185400	2.197390	2.014210	36.185400	0.000000
24.000000	4.371237	4.149267	FARBOUND	2.695060	0.820458	0.551748	26.695060	0.000001
24.000000	4.305607	4.085154	FARBOUND	-0.543719	1.355930	1.321470	23.456281	0.000002
24.000000	4.305607	4.085154	NEARBOUND	-0.543719	1.355930	1.321470	23.456281	0.000002
24.000000	4.287589	4.026883	NEARBOUND	-8.852090	2.726740	2.719080	-32.852090	0.000001
24.000000	4.641388	4.087288	FARBOUND	2.852230	1.538920	1.358480	26.852230	0.000000
24.000000	4.346789	3.916027	NEARBOUND	2.852230	1.538920	1.358480	26.852230	0.000000
24.000000	4.423514	3.672455	NEARBOUND	-6.722190	3.248090	3.595570	-30.722190	0.000002
24.000000	4.767034	4.166623	FARBOUND	4.087870	1.484560	1.264920	28.087870	0.000000
24.000000	4.060112	3.667498	FARBOUND	23.299700	2.182080	1.698040	47.299700	0.000000
24.000000	4.060112	3.667498	NEARBOUND	23.299700	2.182080	1.698040	47.299700	0.000000
24.000000	4.129878	3.362423	FARBOUND	13.684100	1.964010	1.602670	37.684100	0.000000
24.000000	4.411277	3.739121	FARBOUND	-0.730901	0.799409	0.716745	23.269099	0.000001
24.000000	4.341169	4.421560	FARBOUND	12.317900	1.754450	1.142550	36.317900	0.000001
24.000000	3.900232	3.542096	FARBOUND	-7.554350	3.079740	3.242690	16.445650	0.000003
24.000000	4.094077	3.452346	NEARBOUND	-7.554350	3.079740	3.242690	16.445650	0.000003
24.000000	4.076394	3.950931	NEARBOUND	-7.159900	3.211720	3.603650	-31.159900	0.000002
24.000000	4.183045	3.893543	FARBOUND	6.573220	1.702730	1.403810	30.573220	0.000000
24.000000	4.021324	3.360686	FARBOUND	3.081610	1.443350	1.148290	27.081610	0.000002
24.000000	4.048221	4.241041	FARBOUND	10.940700	1.632680	1.033090	34.940700	0.000000
24.000000	4.461496	3.893238	NEARBOUND	10.940700	1.632680	1.033090	34.940700	0.000000
24.000000	4.339515	3.999712	NEARBOUND	15.107100	1.876640	1.193340	-8.892900	0.000003
24.000000	4.878558	3.826971	FARBOUND	-5.177340	3.172310	3.550970	18.822660	0.000002
24.000000	4.065894	4.057856	FARBOUND	14.662000	1.587650	0.797037	38.662000	0.000001
24.000000	4.161558	3.960615	NEARBOUND	14.662000	1.587650	0.797037	38.662000	0.000001
24.000000	4.277203	4.039848	FARBOUND	11.542900	1.757180	1.003590	35.542900	0.000001
24.000000	4.586078	3.973223	NEARBOUND	11.542900	1.757180	1.003590	35.542900	0.000001
24.000000	3.918616	4.237026	FARBOUND	11.818400	1.881820	1.448760	35.818400	0.000001
24.000000	3.927244	3.724846	FARBOUND	21.022400	2.278050	1.889840	45.022400	0.000000
24.000000	4.626140	4.442556	FARBOUND	21.696600	2.141770	1.506050	45.696600	0.000000
24.000000	4.222495	4.017321	FARBOUND	26.245000	2.191170	1.554750	50.245000	0.000000
24.000000	4.347568	4.110077	FARBOUND	4.948220	1.260780	0.866421	28.948220	0.000001
24.000000	4.261866	3.766555	NEARBOUND	4.948220	1.260780	0.866421	28.948220	0.000001
24.000000	3.925273	3.765167	NEARBOUND	-45.132800	2.236760	1.568360	-69.132800	0.000000
24.000000	4.334707	4.285900	NEARBOUND	-8.213950	2.571080	2.715420	-32.213950	0.000001
24.000000	4.214874	4.085171	FARBOUND	9.606040	2.044070	1.765910	33.606040	0.000000
24.000000	4.150604	3.765897	FARBOUND	10.777700	1.750260	1.258140	34.777700	0.000001
24.000000	4.840693	4.134991	NEARBOUND	10.777700	1.750260	1.258140	34.777700	0.000001
24.000000	4.235522	3.809728	FARBOUND	20.833800	2.037410	1.399860	44.833800	0.000000
24.000000	4.823093	4.005708	NEARBOUND	20.833800	2.037410	1.399860	44.833800	0.000000
24.000000	4.504905	4.138760	FARBOUND	23.744200	2.115370	0.926929	47.744200	0.000000
24.000000	3.977467	4.368392	NEARBOUND	23.744200	2.115370	0.926929	47.744200	0.000000
24.000000	4.434567	4.120254	FARBOUND	-9.218020	2.144960	2.700630	14.781980	0.000005
24.000000	4.434567	4.120254	NEARBOUND	-9.218020	2.144960	2.700630	14.781980	0.000005
24.000000	4.116030	3.869651	FARBOUND	-5.503930	2.905520	3.188580	18.496070	0.000002
24.000000	4.640304	3.814528	NEARBOUND	-5.503930	2.905520	3.188580	18.496070	0.000002
24.000000	4.141550	4.068148	FARBOUND	22.365300	2.086440	1.270590	46.365300	0.000000
24.000000	4.329552	4.000381	NEARBOUND	22.365300	2.086440	1.270590	46.365300	0.000000
24.000000	4.066346	3.611810	NEARBOUND	-0.801858	1.700710	1.671260	-24.801858	0.000000
24.000000	4.339634	3.912978	FARBOUND	24.035400	2.430800	2.003270	48.035400	0.000000
24.000000	4.116828	4.095176	FARBOUND	9.316820	1.590720	1.100230	33.316820	0.000000
24.000000	4.135776	3.570711	FARBOUND	13.966100	1.988270	1.521760	37.966100	0.000000
24.000000	4.541280	4.055959	NEARBOUND	13.966100	1.988270	1.521760	37.966100	0.000000
24.000000	3.951935	3.988608	FARBOUND	-7.400180	3.134560	3.503550	16.599820	0.000001
24.000000	4.744250	4.180015	NEARBOUND	-7.400180	3.134560	3.503550	16.599820	0.000001
24.000000	4.506342	3.673873	FARBOUND	13.602300	1.892160	1.475900	37.602300	0.000000
24.000000	3.785892	3.715680	NEARBOUND	13.602300	1.892160	1.475900	37.602300	0.000000
24.000000	4.430931	3.906654	NEARBOUND	-14.109000	1.879500	1.737310	-38.109000	0.000000
24.000000	4.721845	4.210953	NEARBOUND	-4.805140	2.437530	2.636290	-28.805140	0.000002
24.000000	4.262672	3.830889	FARBOUND	11.321500	1.828120	1.366720	35.321500	0.000000
24.000000	4.262672	3.830889	NEARBOUND	11.321500	1.828120	1.366720	35.321500	0.000000
24.000000	4.069351	3.701273	FARBOUND	22.908900	2.020450	1.415310	46.908900	0.000000
24.000000	4.307244	3.786062	NEARBOUND	22.908900	2.020450	1.415310	46.908900	0.000000
24.000000	4.155517	4.188479	NEARBOUND	-3.347490	2.524570	2.696370	-27.347490	0.000001
24.000000	4.429314	3.987004	FARBOUND	22.777700	2.330870	1.890810	46.777700	0.000000
24.000000	4.429314	3.987004	NEARBOUND	22.777700	2.330870	1.890810	46.777700	0.000000
24.000000	4.723253	4.365173	FARBOUND	15.836600	1.957560	1.288060	39.836600	0.000000
24.000000	4.303645	3.845742	FARBOUND	11.937700	2.040210	1.635760	35.937700	0.000000
24.000000	4.308784	4.370312	FARBOUND	25.441200	2.523950	1.766590	49.441200	0.000000
24.000000	4.213745	3.838878	NEARBOUND	25.441200	2.523950	1.766590	49.441200	0.000000
24.000000	4.398837	3.680762	FARBOUND	33.113100	2.187230	1.266810	57.113100	0.000000
24.000000	3.611142	3.970655	FARBOUND	18.162800	2.062780	1.365120	42.162800	0.000000
24.000000	4.268189	4.249196	FARBOUND	-15.933800	2.562260	2.705030	8.066200	0.000001
24.000000	4.316999	4.145117	NEARBOUND	-15.933800	2.562260	2.705030	8.066200	0.000001
24.000000	5.061810	3.817835	NEARBOUND	-17.245500	1.953360	1.926070	-41.245500	0.000000
24.000000	4.973477	3.636241	NEARBOUND	-0.698667	3.149070	3.223500	-24.698667	0.000001
24.000000	4.573534	3.744669	NEARBOUND	-1.948440	2.790660	2.819260	-25.948440	0.000000
24.000000	4.596244	4.387091	FARBOUND	-0.299664	2.104680	2.097960	23.700336	0.000000
24.000000	4.461306	4.036557	NEARBOUND	-0.299664	2.104680	2.097960	23.700336	0.000000
24.000000	4.525822	4.303755	NEARBOUND	-6.512720	2.677460	2.870390	-30.512720	0.000001
24.000000	4.673529	4.107556	FARBOUND	32.747200	2.233240	1.495960	56.747200	0.000000
24.000000	4.564342	3.683667	NEARBOUND	32.747200	2.233240	1.495960	56.747200	0.000000
24.000000	4.353673	3.992739	FARBOUND	21.455200	2.132200	1.378070	45.455200	0.000000
24.000000	4.334138	4.258475	NEARBOUND	21.455200	2.132200	1.378070	45.455200	0.000000
24.000000	4.383321	4.093548	NEARBOUND	-4.041770	3.173270	3.328640	-28.041770	0.000001
24.000000	4.360784	4.268509	FARBOUND	24.222500	2.129440	1.032130	48.222500	0.000000
24.000000	4.435712	4.080016	NEARBOUND	24.222500	2.129440	1.032130	48.222500	0.000000
24.000000	3.964745	3.855187	NEARBOUND	-13.237300	2.188590	2.191500	-37.237300	0.000001
24.000000	4.067576	3.676881	NEARBOUND	-7.465800	2.530370	2.543350	-31.465800	0.000007
24.000000	4.398455	4.168008	NEARBOUND	-23.991900	2.268790	1.853550	-47.991900	0.000000
24.000000	4.130080	3.843914	NEARBOUND	-11.141100	2.523960	2.536380	-35.141100	0.000002
24.000000	4.768974	4.187899	FARBOUND	23.397000	2.137080	1.388010	47.397000	0.000000
24.000000	4.042677	4.046906	NEARBOUND	23.397000	2.137080	1.388010	47.397000	0.000000
24.000000	3.899035	4.309536	NEARBOUND	-15.889100	2.212200	2.224900	-39.889100	0.000000
24.000000	4.252886	3.981636	NEARBOUND	-27.236000	2.573910	1.915780	-51.236000	0.000000
24.000000	4.250883	3.741037	NEARBOUND	-3.430430	2.830050	3.029290	-27.430430	0.000002
24.000000	4.284464	4.126397	NEARBOUND	-12.767800	2.003040	1.727990	-36.767800	0.000000
24.000000	4.099181	3.923579	NEARBOUND	-2.319380	3.033850	3.085220	-26.319380	0.000000
24.000000	4.889332	3.884309	FARBOUND	12.517200	2.594060	2.754940	36.517200	0.000000
24.000000	4.333850	3.594874	FARBOUND	17.126600	2.007910	1.579170	41.126600	0.000000
24.000000	4.642559	4.133310	FARBOUND	25.592300	2.191080	1.882310	49.592300	0.000000
24.000000	4.247397	3.990224	FARBOUND	22.086300	2.087350	1.547590	46.086300	0.000000
24.000000	4.328942	4.058839	NEARBOUND	22.086300	2.087350	1.547590	46.086300	0.000000
24.000000	4.176615	3.669497	NEARBOUND	-9.039410	2.406770	2.497800	-33.039410	0.000000
24.000000	3.923090	3.620819	FARBOUND	5.030450	1.097890	0.563886	29.030450	0.000002
24.000000	4.580257	4.140276	FARBOUND	1.510500	0.999224	0.906664	25.510500	0.000001
24.000000	4.519235	3.898924	NEARBOUND	1.510500	0.999224	0.906664	25.510500	0.000001
24.000000	3.974062	4.060526	FARBOUND	14.807000	2.095860	1.665280	38.807000	0.000000
24.000000	4.455259	3.678027	NEARBOUND	14.807000	2.095860	1.665280	38.807000	0.000000
24.000000	4.819170	4.038916	NEARBOUND	-25.227300	2.103350	1.798500	-49.227300	0.000000
24.000000	4.469262	4.149946	NEARBOUND	-13.017600	2.375410	2.396020	-37.017600	0.000000
24.000000	4.596961	4.061157	FARBOUND	12.044700	1.703350	0.996370	36.044700	0.000000
24.000000	4.007513	3.696931	FARBOUND	3.235370	1.562620	1.410970	27.235370	0.000000
24.000000	4.500401	4.061925	FARBOUND	18.585200	1.932820	1.310690	42.585200	0.000000
24.000000	4.177924	4.183207	FARBOUND	6.223620	1.305520	0.956073	30.223620	0.000001
24.000000	4.359564	4.739121	NEARBOUND	6.223620	1.305520	0.956073	30.223620	0.000001
24.000000	4.604499	3.836443	NEARBOUND	-18.311100	2.148630	1.450540	-42.311100	0.000000
24.000000	3.979171	3.852137	FARBOUND	4.786880	1.708410	1.506120	28.786880	0.000000
24.000000	4.505187	4.124272	FARBOUND	5.122250	1.573700	1.303760	29.122250	0.000000
24.000000	4.258747	3.933450	FARBOUND	25.197200	2.072050	1.252050	49.197200	0.000000
24.000000	4.935944	4.103918	FARBOUND	31.931200	2.416300	1.739450	55.931200	0.000000
24.000000	4.275604	3.808173	NEARBOUND	31.931200	2.416300	1.739450	55.931200	0.000000
24.000000	4.297932	3.914486	FARBOUND	13.791800	1.846820	1.194370	37.791800	0.000000
24.000000	4.665017	4.164671	NEARBOUND	13.791800	1.846820	1.194370	37.791800	0.000000
24.000000	4.136601	3.925693	FARBOUND	11.563000	1.897080	1.439090	35.563000	0.000000
24.000000	4.354566	4.263944	FARBOUND	24.000000	2.477070	1.849960	48.000000	0.000000
24.000000	4.175799	4.286496	FARBOUND	16.938000	1.718700	0.739402	40.938000	0.000000
24.000000	4.555338	3.887182	FARBOUND	-23.116600	2.541780	2.328900	0.883400	0.000001
24.000000	4.037593	4.017543	FARBOUND	-5.594710	1.824230	1.748820	18.405290	0.000000
24.000000	4.451429	3.743779	FARBOUND	13.989900	1.977660	1.485300	37.989900	0.000000
24.000000	4.469819	4.376762	NEARBOUND	13.989900	1.977660	1.485300	37.989900	0.000000
24.000000	4.247137	3.852524	FARBOUND	12.553500	1.720850	1.035790	36.553500	0.000000
24.000000	4.247137	3.852524	NEARBOUND	12.553500	1.720850	1.035790	36.553500	0.000000
24.000000	4.268879	4.023328	NEARBOUND	-9.607660	2.734580	3.193360	-33.607660	0.000001
24.000000	4.304781	3.753015	FARBOUND	-10.439100	2.947180	3.188970	13.560900	0.000001
24.000000	4.246749	3.453850	FARBOUND	-6.149410	3.025160	3.153310	17.850590	0.000000
24.000000	4.787420	4.134882	FARBOUND	0.597099	3.464220	3.490750	24.597099	0.000001
24.000000	4.676838	3.876366	FARBOUND	21.890200	2.105540	1.808810	45.890200	0.000000
24.000000	4.441077	4.455582	FARBOUND	-14.675300	2.249170	2.429420	9.324700	0.000000
24.000000	4.400490	3.829397	FARBOUND	24.444700	2.208100	1.875640	48.444700	0.000000
24.000000	3.893391	4.069662	NEARBOUND	24.444700	2.208100	1.875640	48.444700	0.000000
24.000000	4.368345	3.815544	FARBOUND	0.962222	2.530360	2.571750	24.962222	0.000003
24.000000	4.557089	4.077238	FARBOUND	-6.753940	3.094540	3.481530	17.246060	0.000001
24.000000	4.170985	4.128821	NEARBOUND	-6.753940	3.094540	3.481530	17.246060	0.000001
24.000000	5.005912	4.332705	FARBOUND	15.550800	1.871620	1.130620	39.550800	0.000000
24.000000	4.514958	3.742452	NEARBOUND	15.550800	1.871620	1.130620	39.550800	0.000000
24.000000	4.312769	4.343709	FARBOUND	14.186600	1.714460	0.813315	38.186600	0.000001
24.000000	4.480019	4.353427	FARBOUND	-8.380010	2.100140	2.370990	15.619990	0.000001
24.000000	4.377367	4.007694	FARBOUND	7.829730	1.735300	1.385700	31.829730	0.000000
24.000000	4.377367	4.007694	NEARBOUND	7.829730	1.735300	1.385700	31.829730	0.000000
24.000000	4.517842	3.616822	FARBOUND	18.707000	2.130810	2.009530	42.707000	0.000000
24.000000	4.150387	4.126609	NEARBOUND	18.707000	2.130810	2.009530	42.707000	0.000000
24.000000	3.893556	4.220689	FARBOUND	11.696400	1.841370	1.339670	35.696400	0.000000
24.000000	4.425891	4.293260	FARBOUND	3.927180	1.285810	0.995600	27.927180	0.000000
24.000000	4.376884	3.874223	NEARBOUND	3.927180	1.285810	0.995600	27.927180	0.000000
24.000000	3.863350	3.676294	FARBOUND	18.691200	2.003480	1.046860	42.691200	0.000000
24.000000	4.391076	4.518111	NEARBOUND	18.691200	2.003480	1.046860	42.691200	0.000000
24.000000	4.063837	4.323261	NEARBOUND	-15.789700	3.105950	3.406840	-39.789700	0.000004
24.000000	4.696696	3.961556	NEARBOUND	-7.270310	2.743870	2.862190	-31.270310	0.000011
24.000000	4.395207	3.674101	NEARBOUND	-4.454380	2.881160	2.945680	-28.454380	0.000002
24.000000	4.445702	3.642531	FARBOUND	5.405420	1.532120	1.150220	29.405420	0.000000
24.000000	4.445702	3.642531	NEARBOUND	5.405420	1.532120	1.150220	29.405420	0.000000
24.000000	3.904944	3.825986	FARBOUND	9.696590	1.598000	1.014340	33.696590	0.000000
24.000000	4.229596	4.042518	FARBOUND	10.987500	1.789330	1.277730	34.987500	0.000000
24.000000	4.229596	4.042518	NEARBOUND	10.987500	1.789330	1.277730	34.987500	0.000000
24.000000	4.346313	4.505785	FARBOUND	-4.551830	2.471090	2.706040	19.448170	0.000000
24.000000	4.622213	3.922746	NEARBOUND	-4.551830	2.471090	2.706040	19.448170	0.000000
24.000000	4.374481	4.187504	FARBOUND	19.096800	2.026460	1.217960	43.096800	0.000000
24.000000	4.827003	3.898730	FARBOUND	-2.619210	2.400390	2.424510	21.380790	0.000002
24.000000	4.827003	3.898730	NEARBOUND	-2.619210	2.400390	2.424510	21.380790	0.000002
24.000000	3.976060	4.177766	FARBOUND	18.790900	2.025260	1.227200	42.790900	0.000000
24.000000	3.647792	3.705106	FARBOUND	-6.062240	2.347400	2.444970	17.937760	0.000001
24.000000	4.510978	3.854714	FARBOUND	23.009300	2.066710	1.688030	47.009300	0.000000
24.000000	4.560301	3.792906	FARBOUND	2.230510	1.050970	0.762975	26.230510	0.000000
24.000000	4.434495	3.486263	FARBOUND	28.437200	2.200320	1.564790	52.437200	0.000000
24.000000	4.415693	4.066443	FARBOUND	4.732570	1.175520	0.716500	28.732570	0.000001
24.000000	4.230954	3.723704	FARBOUND	26.203100	2.213560	1.645350	50.203100	0.000000
24.000000	3.782773	3.910462	NEARBOUND	26.203100	2.213560	1.645350	50.203100	0.000000
24.000000	4.834088	3.989198	NEARBOUND	-5.817090	2.424970	2.525560	-29.817090	0.000001
24.000000	4.480682	4.215006	NEARBOUND	-7.553620	2.825980	3.177290	-31.553620	0.000001
24.000000	4.167067	3.982624	NEARBOUND	-6.322890	3.202200	3.504610	-30.322890	0.000004
24.000000	4.243700	3.792730	FARBOUND	12.154300	1.768780	1.150130	36.154300	0.000001
24.000000	4.267913	3.844745	NEARBOUND	12.154300	1.768780	1.150130	36.154300	0.000001
24.000000	4.384332	4.260575	FARBOUND	28.724900	2.397950	1.560380	52.724900	0.000000
24.000000	4.395897	4.062572	NEARBOUND	28.724900	2.397950	1.560380	52.724900	0.000000
24.000000	4.751669	3.999089	NEARBOUND	-5.342800	2.622390	2.745810	-29.342800	0.000004
24.000000	4.430090	3.919572	NEARBOUND	-31.922300	2.392010	2.010080	-55.922300	0.000000
24.000000	4.524418	4.117996	FARBOUND	25.663100	2.087830	1.512900	49.663100	0.000000
24.000000	4.524418	4.117996	NEARBOUND	25.663100	2.087830	1.512900	49.663100	0.000000
24.000000	4.181550	3.694021	NEARBOUND	-3.067210	1.681350	1.553220	-27.067210	0.000000
24.000000	4.376098	3.991585	FARBOUND	23.883200	2.456200	1.969340	47.883200	0.000000
24.000000	3.720238	3.532598	FARBOUND	2.568250	0.740442	0.480782	26.568250	0.000000
24.000000	4.149665	4.155209	FARBOUND	19.683700	2.026480	1.315380	43.683700	0.000000
24.000000	3.955138	3.862701	NEARBOUND	19.683700	2.026480	1.315380	43.683700	0.000000
24.000000	4.736996	4.447411	FARBOUND	-7.154340	2.683610	3.042620	16.845660	0.000001
24.000000	4.554501	4.035062	NEARBOUND	-7.154340	2.683610	3.042620	16.845660	0.000001
24.000000	4.575383	3.806591	NEARBOUND	-20.800600	2.238140	2.131600	-44.800600	0.000000
24.000000	3.951331	3.421697	FARBOUND	11.518000	2.051590	1.650740	35.518000	0.000000
24.000000	4.339464	3.866367	NEARBOUND	11.518000	2.051590	1.650740	35.518000	0.000000
24.000000	4.577104	4.121752	FARBOUND	7.260090	1.231980	0.724598	31.260090	0.000000
24.000000	3.687541	3.644193	NEARBOUND	7.260090	1.231980	0.724598	31.260090	0.000000
24.000000	4.435496	4.363636	FARBOUND	8.493140	1.803730	1.713830	32.493140	0.000000
24.000000	4.401534	4.157284	FARBOUND	15.376500	2.047070	1.536660	39.376500	0.000000
24.000000	4.683167	4.081885	NEARBOUND	15.376500	2.047070	1.536660	39.376500	0.000000
24.000000	4.356123	3.904213	NEARBOUND	-9.724550	2.319370	2.561710	-33.724550	0.000004
24.000000	4.636428	4.321943	NEARBOUND	-11.978200	2.286980	2.332430	-35.978200	0.000000
24.000000	4.464032	3.524284	FARBOUND	1.962200	0.787323	0.535449	25.962200	0.000001
24.000000	3.860277	3.819131	NEARBOUND	1.962200	0.787323	0.535449	25.962200	0.000001
24.000000	4.277748	3.926106	FARBOUND	22.946000	2.415800	1.969660	46.946000	0.000000
24.000000	4.147530	3.651995	NEARBOUND	22.946000	2.415800	1.969660	46.946000	0.000000
24.000000	4.029540	3.632901	FARBOUND	7.251580	1.377390	0.883937	31.251580	0.000001
24.000000	4.361146	3.938796	FARBOUND	5.678240	1.145330	0.806795	29.678240	0.000001
24.000000	4.125578	4.068060	FARBOUND	18.258800	1.972550	1.139610	42.258800	0.000000
24.000000	4.006409	3.943483	FARBOUND	3.226060	1.479460	1.301550	27.226060	0.000001
24.000000	4.140831	3.859617	NEARBOUND	3.226060	1.479460	1.301550	27.226060	0.000001
24.000000	4.687452	3.789418	FARBOUND	7.810900	1.791580	1.475320	31.810900	0.000001
24.000000	3.823364	4.041464	FARBOUND	22.281300	2.148400	1.451650	46.281300	0.000000
24.000000	4.384414	4.107532	NEARBOUND	22.281300	2.148400	1.451650	46.281300	0.000000
24.000000	4.095286	4.037437	NEARBOUND	-24.683500	2.418130	1.863140	-48.683500	0.000000
24.000000	4.526311	4.128233	FARBOUND	5.631430	1.711490	1.476820	29.631430	0.000005
24.000000	4.461180	4.429374	NEARBOUND	5.631430	1.711490	1.476820	29.631430	0.000005
24.000000	3.998494	3.688537	NEARBOUND	-5.582300	2.433160	2.619820	-29.582300	0.000003
24.000000	4.224386	3.811347	FARBOUND	4.969340	1.781610	1.596220	28.969340	0.000000
24.000000	3.917897	3.572055	FARBOUND	10.201700	1.768880	1.298700	34.201700	0.000000
24.000000	4.093818	3.684689	FARBOUND	25.050800	2.142200	1.087380	49.050800	0.000000
24.000000	4.068807	3.808039	FARBOUND	29.410200	2.291950	1.533020	53.410200	0.000000
24.000000	4.692918	4.458432	FARBOUND	5.808080	1.441650	1.051620	29.808080	0.000001
24.000000	4.221195	3.923893	FARBOUND	-10.095500	2.969730	3.157870	13.904500	0.000001
24.000000	4.086369	3.854717	FARBOUND	4.587240	2.009750	1.881570	28.587240	0.000000
24.000000	4.464974	4.399235	FARBOUND	10.741400	1.960240	1.762820	34.741400	0.000000
24.000000	4.468391	3.931992	FARBOUND	-2.486910	3.406380	3.507040	21.513090	0.000002
24.000000	4.209244	3.688835	FARBOUND	10.778500	1.863100	1.425920	34.778500	0.000001
24.000000	4.452588	3.843104	FARBOUND	21.078800	2.255880	1.859270	45.078800	0.000000
24.000000	4.327634	4.299879	NEARBOUND	21.078800	2.255880	1.859270	45.078800	0.000000
24.000000	4.201949	3.885684	FARBOUND	9.984360	1.707580	1.219200	33.984360	0.000001
24.000000	4.155341	3.635305	NEARBOUND	9.984360	1.707580	1.219200	33.984360	0.000001
24.000000	4.794602	3.643619	FARBOUND	-1.545040	2.489590	2.515240	22.454960	0.000001
24.000000	4.755468	4.074560	FARBOUND	13.159500	1.926120	1.712350	37.159500	0.000000
24.000000	4.609191	4.050751	NEARBOUND	13.159500	1.926120	1.712350	37.159500	0.000000
24.000000	4.215725	4.363815	NEARBOUND	-9.889300	2.646750	2.865200	-33.889300	0.000000
24.000000	4.241752	3.724648	NEARBOUND	-23.313800	2.227300	2.225940	-47.313800	0.000000
24.000000	4.277238	3.831138	FARBOUND	14.545100	1.891560	1.235760	38.545100	0.000000
24.000000	4.700775	4.065664	NEARBOUND	14.545100	1.891560	1.235760	38.545100	0.000000
24.000000	4.089423	4.491629	FARBOUND	12.699000	1.906890	1.426300	36.699000	0.000000
24.000000	4.560473	4.676829	NEARBOUND	12.699000	1.906890	1.426300	36.699000	0.000000
24.000000	4.380943	4.026471	NEARBOUND	-5.615710	2.206230	2.272120	-29.615710	0.000002
24.000000	4.358816	4.208598	FARBOUND	7.213110	1.789680	1.496660	31.213110	0.000000
24.000000	4.122416	4.005059	FARBOUND	18.189600	2.100790	1.522570	42.189600	0.000000
24.000000	4.080052	4.180966	FARBOUND	0.121385	1.060530	1.053080	24.121385	0.000001
24.000000	4.839037	4.236936	FARBOUND	23.638400	2.199520	1.712340	47.638400	0.000000
24.000000	4.599906	4.112413	FARBOUND	5.973730	1.198510	0.549006	29.973730	0.000001
24.000000	4.688104	3.497126	NEARBOUND	5.973730	1.198510	0.549006	29.973730	0.000001
24.000000	4.553061	4.147885	NEARBOUND	-21.169000	2.540120	2.508000	-45.169000	0.000000
24.000000	4.411092	4.109442	FARBOUND	0.197457	1.489310	1.480020	24.197457	0.000000
24.000000	4.184929	3.971366	FARBOUND	19.114600	2.022290	1.357270	43.114600	0.000000
24.000000	4.413165	3.899482	NEARBOUND	19.114600	2.022290	1.357270	43.114600	0.000000
24.000000	4.435836	3.910201	FARBOUND	24.184200	2.440530	2.048710	48.184200	0.000000
24.000000	4.308216	4.223207	FARBOUND	29.117400	2.240920	1.280280	53.117400	0.000000
24.000000	4.115983	4.043011	FARBOUND	19.093000	1.997280	1.116890	43.093000	0.000000
24.000000	4.319826	4.040165	NEARBOUND	19.093000	1.997280	1.116890	43.093000	0.000000
24.000000	4.633677	4.319323	NEARBOUND	-13.999700	2.205710	1.959670	-37.999700	0.000000
24.000000	4.271031	3.998865	NEARBOUND	-23.337800	2.020690	1.757940	-47.337800	0.000000
24.000000	4.033863	3.914562	FARBOUND	34.112600	2.277970	1.277920	58.112600	0.000000
24.000000	4.501598	4.189628	NEARBOUND	34.112600	2.277970	1.277920	58.112600	0.000000
24.000000	4.215182	3.916943	NEARBOUND	-12.639300	3.031220	3.608060	-36.639300	0.000002
24.000000	4.152013	3.667995	FARBOUND	31.186900	2.322500	1.630730	55.186900	0.000000
24.000000	4.795042	3.938451	NEARBOUND	31.186900	2.322500	1.630730	55.186900	0.000000
24.000000	3.874177	3.950596	NEARBOUND	-12.643000	2.417370	2.805340	-36.643000	0.000001
24.000000	4.549112	3.932426	FARBOUND	25.253400	2.215520	0.851415	49.253400	0.000000
24.000000	4.160707	3.973423	NEARBOUND	25.253400	2.215520	0.851415	49.253400	0.000000
24.000000	4.654019	3.760204	FARBOUND	37.477500	2.373430	1.436450	61.477500	0.000000
24.000000	3.743765	3.701521	NEARBOUND	37.477500	2.373430	1.436450	61.477500	0.000000
24.000000	4.404397	3.921123	FARBOUND	-19.507200	2.367010	2.109150	4.492800	0.000000
24.000000	4.391993	3.486385	FARBOUND	-7.291530	2.698060	2.740420	16.708470	0.000000
24.000000	3.818468	4.097330	FARBOUND	22.759400	2.134360	1.218370	46.759400	0.000000
24.000000	4.499038	4.505412	NEARBOUND	22.759400	2.134360	1.218370	46.759400	0.000000
24.000000	4.203381	3.969036	FARBOUND	-0.909966	0.902252	0.844884	23.090034	0.000000
24.000000	4.552813	4.305566	FARBOUND	24.000000	2.593480	2.012110	48.000000	0.000000
24.000000	4.404423	4.123524	FARBOUND	30.049900	2.296320	1.495560	54.049900	0.000000
24.000000	4.306388	4.128070	NEARBOUND	30.049900	2.296320	1.495560	54.049900	0.000000
24.000000	4.750578	4.533023	NEARBOUND	-13.154000	2.213110	2.013140	-37.154000	0.000000
24.000000	4.135686	4.245797	NEARBOUND	-11.437400	2.137640	1.803340	-35.437400	0.000000
24.000000	4.502143	3.853113	FARBOUND	20.652300	2.180310	1.575340	44.652300	0.000000
24.000000	4.383378	3.892309	FARBOUND	8.097800	2.213820	2.126990	32.097800	0.000000
24.000000	4.690352	3.715369	NEARBOUND	8.097800	2.213820	2.126990	32.097800	0.000000
24.000000	4.218865	3.985588	FARBOUND	25.759500	2.169000	1.656670	49.759500	0.000000
24.000000	4.190360	4.488386	FARBOUND	0.485709	1.551440	1.527890	24.485709	0.000001
24.000000	4.560121	3.912161	FARBOUND	0.470418	1.608190	1.589820	24.470418	0.000001
24.000000	4.688374	3.659256	NEARBOUND	0.470418	1.608190	1.589820	24.470418	0.000001
24.000000	3.869949	3.960647	NEARBOUND	-6.465080	2.714480	2.903650	-30.465080	0.000001
24.000000	4.412618	3.898719	FARBOUND	-2.199860	2.968050	3.072290	21.800140	0.000002
24.000000	4.508929	3.977508	NEARBOUND	-2.199860	2.968050	3.072290	21.800140	0.000002
24.000000	4.311946	3.862688	FARBOUND	26.665000	2.147620	1.188090	50.665000	0.000000
24.000000	4.467343	3.904506	FARBOUND	9.325020	1.778510	1.375480	33.325020	0.000000
24.000000	4.782468	3.730922	NEARBOUND	9.325020	1.778510	1.375480	33.325020	0.000000
24.000000	4.389122	3.807885	FARBOUND	19.116700	2.019530	1.272550	43.116700	0.000000
24.000000	3.924539	3.823013	FARBOUND	20.684900	1.995850	1.303280	44.684900	0.000000
24.000000	3.924539	3.823013	NEARBOUND	20.684900	1.995850	1.303280	44.684900	0.000000
24.000000	4.187427	4.094558	FARBOUND	5.057840	1.774310	1.589600	29.057840	0.000000
24.000000	4.128002	3.769084	NEARBOUND	5.057840	1.774310	1.589600	29.057840	0.000000
24.000000	4.251762	3.720707	NEARBOUND	3.393580	1.912920	1.850280	-20.606420	0.000000
24.000000	4.446794	3.903873	FARBOUND	27.419200	2.145120	1.089040	51.419200	0.000000
24.000000	4.057818	3.648966	FARBOUND	3.138550	1.377150	1.212820	27.138550	0.000001
24.000000	4.227444	3.997397	FARBOUND	5.094670	1.366190	1.080530	29.094670	0.000002
24.000000	4.595423	4.045192	FARBOUND	14.466400	1.910970	1.283430	38.466400	0.000000
24.000000	4.368804	3.919350	FARBOUND	30.491100	2.300060	1.249780	54.491100	0.000000
24.000000	4.705357	3.746217	FARBOUND	32.389400	2.389450	1.882780	56.389400	0.000000
24.000000	4.546710	3.690008	NEARBOUND	32.389400	2.389450	1.882780	56.389400	0.000000
24.000000	3.885937	3.694176	NEARBOUND	-19.525100	2.559630	2.337350	-43.525100	0.000000
24.000000	4.509388	4.153007	FARBOUND	1.966380	0.982599	0.841284	25.966380	0.000001
24.000000	4.515516	3.828246	FARBOUND	7.042070	1.727470	1.424880	31.042070	0.000001
24.000000	4.307457	4.187543	FARBOUND	-3.951670	1.757720	1.620590	20.048330	0.000000
24.000000	4.765866	3.706823	NEARBOUND	-3.951670	1.757720	1.620590	20.048330	0.000000
24.000000	4.389200	3.948756	FARBOUND	19.455000	2.116780	1.801270	43.455000	0.000000
24.000000	4.389200	3.948756	NEARBOUND	19.455000	2.116780	1.801270	43.455000	0.000000
24.000000	4.247288	3.604824	NEARBOUND	-19.188600	2.173850	1.823570	-43.188600	0.000000
24.000000	4.247575	4.373049	NEARBOUND	-26.929700	2.327630	2.149460	-50.929700	0.000000
24.000000	4.715854	4.052066	NEARBOUND	-0.845010	3.129810	3.194900	-24.845010	0.000000
24.000000	4.740919	3.806990	FARBOUND	14.396400	2.012570	1.502780	38.396400	0.000000
24.000000	3.854954	3.583598	FARBOUND	24.627100	2.290100	1.482220	48.627100	0.000000
24.000000	4.341531	3.719420	FARBOUND	21.352200	2.485720	2.229250	45.352200	0.000000
24.000000	4.519335	4.188502	FARBOUND	25.595100	2.084180	1.546650	49.595100	0.000000
24.000000	4.339619	3.937028	NEARBOUND	25.595100	2.084180	1.546650	49.595100	0.000000
24.000000	4.507098	4.218965	NEARBOUND	-6.593290	3.364060	3.653410	-30.593290	0.000005
24.000000	4.069096	3.827837	NEARBOUND	-18.466000	2.009110	1.779990	-42.466000	0.000000
24.000000	4.915294	3.844109	NEARBOUND	-23.160500	2.503960	2.421710	-47.160500	0.000001
24.000000	4.940690	4.123066	FARBOUND	29.292800	2.114470	1.518980	53.292800	0.000000
24.000000	3.936968	3.905561	FARBOUND	-0.582719	2.180190	2.181910	23.417281	0.000000
24.000000	4.145398	4.069484	NEARBOUND	-0.582719	2.180190	2.181910	23.417281	0.000000
24.000000	4.488627	3.743803	FARBOUND	12.221600	1.762030	1.125940	36.221600	0.000002
24.000000	4.183263	3.569251	NEARBOUND	12.221600	1.762030	1.125940	36.221600	0.000002
24.000000	4.350044	4.160032	FARBOUND	7.299360	1.659130	1.322630	31.299360	0.000001
24.000000	3.797410	4.052541	NEARBOUND	7.299360	1.659130	1.322630	31.299360	0.000001
24.000000	4.661227	3.580606	FARBOUND	23.476400	2.029570	1.427780	47.476400	0.000000
24.000000	4.072734	3.550906	FARBOUND	2.870970	1.613180	1.486240	26.870970	0.000000
24.000000	4.552608	3.899179	FARBOUND	12.988600	2.121960	1.854530	36.988600	0.000000
24.000000	3.661665	3.843545	NEARBOUND	12.988600	2.121960	1.854530	36.988600	0.000000
24.000000	4.493463	3.778013	NEARBOUND	-21.059300	2.075250	1.956690	-45.059300	0.000002
24.000000	4.150628	4.145399	FARBOUND	-5.740780	2.002810	1.999600	18.259220	0.000002
24.000000	4.294945	3.927580	FARBOUND	9.507880	1.745190	1.301430	33.507880	0.000001
24.000000	4.171818	4.229226	FARBOUND	-0.474568	1.033050	0.992265	23.525432	0.000000
24.000000	4.531373	4.070124	FARBOUND	-5.430910	2.511570	2.811750	18.569090	0.000003
24.000000	4.885446	4.152012	NEARBOUND	-5.430910	2.511570	2.811750	18.569090	0.000003
24.000000	3.977769	4.441550	NEARBOUND	-6.893130	3.018180	3.390550	-30.893130	0.000003
24.000000	4.448100	3.895542	NEARBOUND	-9.697320	2.085090	1.990210	-33.697320	0.000000
24.000000	4.378844	3.985216	FARBOUND	8.059080	1.769200	1.439210	32.059080	0.000001
24.000000	3.938641	3.857588	FARBOUND	5.473180	1.686840	1.444050	29.473180	0.000001
24.000000	4.375012	4.103952	FARBOUND	23.739100	2.274580	1.712420	47.739100	0.000000
24.000000	4.455208	4.163342	FARBOUND	2.880970	1.306700	1.022500	26.880970	0.000001
24.000000	4.680938	3.873299	FARBOUND	-9.368310	2.190040	2.418370	14.631690	0.000000
24.000000	3.824652	3.879922	NEARBOUND	-9.368310	2.190040	2.418370	14.631690	0.000000
24.000000	4.401405	3.977384	FARBOUND	15.343400	2.173000	1.878640	39.343400	0.000000
24.000000	4.481915	4.012619	NEARBOUND	15.343400	2.173000	1.878640	39.343400	0.000000
24.000000	4.269624	3.946127	FARBOUND	-3.724490	2.500090	2.794750	20.275510	0.000004
24.000000	4.610482	4.536168	FARBOUND	11.731800	1.851810	1.362300	35.731800	0.000000
24.000000	4.272888	3.730764	NEARBOUND	11.731800	1.851810	1.362300	35.731800	0.000000
24.000000	4.278758	4.652622	FARBOUND	26.434100	2.133580	1.235350	50.434100	0.000000
24.000000	4.448836	4.043246	NEARBOUND	26.434100	2.133580	1.235350	50.434100	0.000000
24.000000	4.519749	3.517730	FARBOUND	-15.355300	2.615390	3.004490	8.644700	0.000000
24.000000	4.775567	3.852966	FARBOUND	-4.760380	2.498710	2.578460	19.239620	0.000004
24.000000	4.095312	3.743755	NEARBOUND	-4.760380	2.498710	2.578460	19.239620	0.000004
24.000000	3.805839	4.171051	NEARBOUND	-29.064200	2.171860	1.976850	-53.064200	0.000000
24.000000	4.134858	3.738104	NEARBOUND	-21.872400	2.375520	2.311510	-45.872400	0.000000
24.000000	4.627102	3.765914	FARBOUND	13.605500	1.914340	1.347990	37.605500	0.000000
24.000000	3.919348	3.761132	FARBOUND	23.964000	2.185140	1.646710	47.964000	0.000000
24.000000	4.555281	4.195981	FARBOUND	4.887470	1.675460	1.462470	28.887470	0.000001
24.000000	4.255345	3.994607	FARBOUND	-8.077080	2.310910	2.469740	15.922920	0.000001
24.000000	4.516099	3.893266	NEARBOUND	-8.077080	2.310910	2.469740	15.922920	0.000001
24.000000	4.242741	4.066436	NEARBOUND	-6.937110	3.090740	3.271600	-30.937110	0.000001
24.000000	4.029205	3.600249	FARBOUND	-22.304500	2.501680	2.485970	1.695500	0.000001
24.000000	4.909340	4.421264	NEARBOUND	-22.304500	2.501680	2.485970	1.695500	0.000001
24.000000	4.401975	3.725122	FARBOUND	1.300020	2.531770	2.553330	25.300020	0.000000
24.000000	4.558326	4.253223	FARBOUND	0.752607	2.102280	2.086520	24.752607	0.000000
24.000000	4.558326	4.253223	NEARBOUND	0.752607	2.102280	2.086520	24.752607	0.000000
24.000000	4.369006	4.205896	FARBOUND	5.769250	1.636940	1.151270	29.769250	0.000000
24.000000	3.596746	3.824606	FARBOUND	1.580890	1.074190	0.952793	25.580890	0.000001
24.000000	4.084026	4.539511	NEARBOUND	1.580890	1.074190	0.952793	25.580890	0.000001
24.000000	4.308336	3.934690	FARBOUND	11.519500	1.873290	1.391440	35.519500	0.000001
24.000000	4.308336	3.934690	NEARBOUND	11.519500	1.873290	1.391440	35.519500	0.000001
24.000000	4.079181	3.707576	FARBOUND	8.448120	1.552240	0.688515	32.448120	0.000000
24.000000	4.026303	4.318450	FARBOUND	19.746900	2.092640	1.404890	43.746900	0.000000
24.000000	4.580619	4.231779	NEARBOUND	19.746900	2.092640	1.404890	43.746900	0.000000
24.000000	4.614571	3.946413	NEARBOUND	-3.224680	2.708690	3.000810	-27.224680	0.000002
24.000000	4.099836	3.856328	FARBOUND	13.512600	1.977190	1.618020	37.512600	0.000000
24.000000	4.099836	3.856328	NEARBOUND	13.512600	1.977190	1.618020	37.512600	0.000000
24.000000	4.613875	3.773391	FARBOUND	17.420700	2.318820	2.435780	41.420700	0.000000
24.000000	4.424254	3.943868	NEARBOUND	17.420700	2.318820	2.435780	41.420700	0.000000
24.000000	4.310319	4.062172	FARBOUND	21.451100	2.414000	1.982070	45.451100	0.000000
24.000000	4.204146	4.507399	NEARBOUND	21.451100	2.414000	1.982070	45.451100	0.000000
24.000000	3.974940	4.179478	NEARBOUND	-5.506570	2.694400	2.820240	-29.506570	0.000000
24.000000	4.158097	4.314929	NEARBOUND	-18.582900	2.184690	1.595530	-42.582900	0.000000
24.000000	3.863309	3.708560	NEARBOUND	-33.496400	2.045090	1.699550	-57.496400	0.000000
24.000000	4.401620	3.993275	NEARBOUND	-32.928200	2.316950	2.029680	-56.928200	0.000000
24.000000	4.378257	3.926906	FARBOUND	-6.909490	1.329140	0.915670	17.090510	0.000001
24.000000	4.385840	4.317277	NEARBOUND	-6.909490	1.329140	0.915670	17.090510	0.000001
24.000000	4.345949	4.025988	FARBOUND	32.137200	2.420360	1.394110	56.137200	0.000000
24.000000	4.253148	4.294314	FARBOUND	18.955500	2.096270	1.378560	42.955500	0.000000
24.000000	4.637663	3.775017	FARBOUND	16.558400	2.315040	2.247680	40.558400	0.000000
24.000000	4.298964	4.181547	FARBOUND	6.102500	1.113490	0.651941	30.102500	0.000000
24.000000	4.103552	4.102522	FARBOUND	8.388540	1.727350	1.315520	32.388540	0.000002
24.000000	4.206933	3.869527	FARBOUND	13.611600	1.871750	1.265330	37.611600	0.000000
24.000000	4.590315	4.430266	FARBOUND	5.809420	1.461870	0.995994	29.809420	0.000001
24.000000	4.460065	4.003248	FARBOUND	-9.481820	2.816960	3.188550	14.518180	0.000003
24.000000	4.380555	4.006941	FARBOUND	15.809700	2.109880	1.816680	39.809700	0.000000
24.000000	4.380555	4.006941	NEARBOUND	15.809700	2.109880	1.816680	39.809700	0.000000
24.000000	4.090327	3.714127	NEARBOUND	-13.080100	2.339140	2.391790	-37.080100	0.000000
24.000000	4.242850	3.891593	FARBOUND	4.114980	1.371890	1.152890	28.114980	0.000001
24.000000	4.428991	3.647411	FARBOUND	34.794700	2.336940	1.579950	58.794700	0.000000
24.000000	4.490790	4.176470	FARBOUND	20.126400	2.192000	1.691400	44.126400	0.000000
24.000000	4.224179	3.696174	FARBOUND	18.993400	2.004150	0.995385	42.993400	0.000000
24.000000	4.753008	4.117106	NEARBOUND	18.993400	2.004150	0.995385	42.993400	0.000000
24.000000	4.530397	4.309117	FARBOUND	18.037500	1.872790	0.990955	42.037500	0.000000
24.000000	4.138701	4.133113	NEARBOUND	18.037500	1.872790	0.990955	42.037500	0.000000
24.000000	4.661254	4.245775	FARBOUND	23.340400	2.522160	2.017900	47.340400	0.000000
24.000000	4.534211	3.480416	FARBOUND	5.789250	1.677850	1.419820	29.789250	0.000000
24.000000	3.935936	4.363987	FARBOUND	14.162300	1.848920	1.156190	38.162300	0.000001
24.000000	4.566061	4.423733	NEARBOUND	14.162300	1.848920	1.156190	38.162300	0.000001
24.000000	4.295643	3.891715	FARBOUND	1.361860	1.444900	1.350660	25.361860	0.000000
24.000000	3.903666	3.478326	NEARBOUND	1.361860	1.444900	1.350660	25.361860	0.000000
24.000000	4.302075	3.984991	FARBOUND	-8.079800	2.839050	3.122790	15.920200	0.000002
24.000000	4.613899	4.623020	FARBOUND	-10.888100	2.982490	3.395090	13.111900	0.000001
24.000000	4.990347	4.217608	NEARBOUND	-10.888100	2.982490	3.395090	13.111900	0.000001
24.000000	4.840289	3.775644	FARBOUND	22.475600	2.053650	1.464070	46.475600	0.000000
24.000000	4.716899	3.613927	FARBOUND	4.523450	1.653660	1.452990	28.523450	0.000001
24.000000	4.422728	4.451201	NEARBOUND	4.523450	1.653660	1.452990	28.523450	0.000001
24.000000	4.162748	3.744557	NEARBOUND	-18.608500	2.282440	1.641670	-42.608500	0.000000
24.000000	4.494154	3.498838	FARBOUND	25.897400	2.159480	1.727910	49.897400	0.000000
24.000000	4.196368	3.747906	FARBOUND	-3.069660	2.815900	2.894100	20.930340	0.000000
24.000000	3.873685	4.082341	NEARBOUND	-3.069660	2.815900	2.894100	20.930340	0.000000
24.000000	4.304616	4.221458	FARBOUND	14.533900	1.860580	1.046850	38.533900	0.000000
24.000000	3.902285	3.405445	FARBOUND	26.612800	2.171710	1.328520	50.612800	0.000000
24.000000	4.408698	3.755687	NEARBOUND	26.612800	2.171710	1.328520	50.612800	0.000000
24.000000	4.546479	3.846378	FARBOUND	21.853600	2.159810	1.763100	45.853600	0.000000
24.000000	4.529107	4.071051	FARBOUND	9.397870	1.695490	1.248440	33.397870	0.000000
24.000000	4.047802	4.245006	FARBOUND	24.302200	2.181370	1.381850	48.302200	0.000001
24.000000	4.306010	3.865198	FARBOUND	1.100690	1.189940	1.057590	25.100690	0.000000
24.000000	4.488613	4.012674	FARBOUND	13.664000	1.955130	1.532670	37.664000	0.000001
24.000000	4.880506	3.861104	NEARBOUND	13.664000	1.955130	1.532670	37.664000	0.000001
24.000000	4.614902	3.585144	NEARBOUND	-7.538850	2.874880	3.334220	-31.538850	0.000002
24.000000	3.715952	4.009594	NEARBOUND	-10.206700	2.275900	2.223050	-34.206700	0.000008
24.000000	4.186935	3.731658	NEARBOUND	-12.783700	2.320890	2.110700	-36.783700	0.000000
24.000000	4.788872	3.867695	FARBOUND	10.823500	1.351880	0.616415	34.823500	0.000001
24.000000	4.162106	4.035846	NEARBOUND	10.823500	1.351880	0.616415	34.823500	0.000001
24.000000	4.409218	4.374386	NEARBOUND	-6.326820	2.790190	3.132410	-30.326820	0.000002
24.000000	4.305500	3.768689	NEARBOUND	-13.422300	2.375450	2.782870	-37.422300	0.000000
24.000000	4.517996	3.796752	FARBOUND	26.964000	2.156010	1.254640	50.964000	0.000000
