# command line: ./generate_stepping_data --k_b 100000000.0 --k_ub 100.0 --cb 0.1 --cm 0.4 --ct 0.2 --ls 10.49 --lt 23.8 --eqb 120 --eqmpre 200 --eqmpost 224 --eqt 0 --dt 1e-10 --label paramSearch-default --seed 1.0 --runtime 1.0 --framerate 1e-10 --nomovie --exp-unbinding-constant -2.0



#********paramSearch-default__k_b-1e+08,k_ub-100,c--2,cb-0.1,cm-0.4,ct-0.2,ls-10.49,lt-23.8,seed-1,dt-1e-10********
#time_unbind, time_bind, nbx_bind, fbx_bind, nmx_unbind, fmx_unbind, nmx_bind, fmx_bind
#[time: 0]
 0.0010242011  0.0010639019  -1.58894316608944  -3.50527106182634 -0.293658949620166 -0.847641821623875  -6.08295768813244   -5.7842310780029
 0.0018146363  0.0018194535  -28.6135898944391  -3.50527106182634  -1.74516764634431  -2.08070000392059  -20.9228703462599    2.2215510605905
 0.0019367093  0.0020082585  -2.96969345828868  -3.50527106182634  -18.5578453379554  -4.03411360329685  -12.8834657728229  -12.7834218034704
 0.0040067344  0.0040139989  -2.96969345828868   3.35786483265298  -2.03668437240319  -2.11713769747173   5.04398364478602   12.8937548924765
 0.0044255446  0.0044451776  -2.96969345828868  -6.46413273519536   2.94170272492099   5.87144004468405   4.18950601876752 -0.462505999191468
 0.0061365204   0.006155359  -2.96969345828868 -0.621681427367286  -1.75840740590284  -2.64717536762948  -1.56529422137287  -3.70327714430987
 0.0070949621  0.0071290107   2.71733230584121 -0.621681427367286   1.12133775518631   2.13523324795243   2.82300469943539   1.96778098593352
 0.0082069625   0.008214619  0.539319674629605 -0.621681427367286    6.7513263179331   3.97198139386521  -8.78999852463016  -8.19648990039615
 0.0086961578  0.0087010705  0.539319674629605   4.88665617887804   3.69674222431501   3.09881624357075   4.90613525528974  -2.30951843553206
#[time: 0.01]
 0.0101488084  0.0101558609  0.539319674629605  -3.55188447883178   5.96444586730016   8.72088795239639   -7.5402150638587  -6.42066251518358
 0.0102502232  0.0102796486  0.539319674629605   3.10750386658615 -0.719527506536154  -1.15164854593377  -4.46961822070825   -6.8279439565139
 0.0121539171  0.0121655625  0.842173592795146   3.10750386658615   3.85303074718816   4.72720919850559  -6.32197678093354  -6.52383253683821
 0.0128011384  0.0128166484  0.842173592795146 -0.810908707997899    2.6453509836474    2.9916969505281  -8.10980506353507  -7.14613513984236
 0.0138616558  0.0138732242  0.842173592795146   4.98248153107213  -1.92115259616037 0.0873418638028567  -2.02886028126387  -4.80401108162314
 0.0144836259  0.0144836278   1.63711331377598   4.98248153107213   8.05793726691061   10.8666703560389   9.71571011331786   12.3742003469774
 0.0169340898  0.0169426901   1.63711331377598   5.42545161311606   4.52477420401982   5.11071034738308   2.68190345094255    1.8874068494271
   0.01711307  0.0171288855   8.28748637617933   5.42545161311606   8.99413463142867    10.745954913057   6.01997430233208   7.16082145461847
 0.0181339815  0.0181676313   9.29474546539864   5.42545161311606   11.9448454667104   9.76204705412987   11.7841455688976   9.94428515814578
 0.0191948025  0.0191990481   9.29474546539864   18.8157994287659   12.6133322986114   11.2520579531017   16.7736205077995   20.5433637647948
#[time: 0.02]
 0.0232532968  0.0233224767   20.2764410568832   18.8157994287659   13.7829741705322   15.7198419212914   9.94648603741435    11.417013656299
 0.0246448353  0.0246502774   22.7521193184484   18.8157994287659   23.9063589067536     22.82698233301   16.3185201568375   16.1996889041296
 0.0255761435  0.0256078924   22.0924866126193   18.8157994287659   23.9161729773237   22.3555033098271   14.5199523603022   15.6498459319542
 0.0264216837  0.0264279773   22.0924866126193    22.985966013761   26.4609969792876   24.6779585307114   15.3702029241923   14.0158592803746
 0.0264293165  0.0264518443   28.4890907733625    22.985966013761   25.7502403538217   26.1304083910961   25.3155718308916   25.5555699945636
 0.0277400759  0.0277696393   28.4890907733625   31.7064429602097   31.4592164025167   28.2886874100478    30.409849569726   30.7130891420876
 0.0286886957  0.0286976105   35.6424498973061   31.7064429602097   32.2395754741826   35.9138031217178   30.5843602833227   30.6872275266772
#[time: 0.03]
 0.0311392884  0.0311617445   35.6424498973061   34.4735489746789   35.6501040601339   34.9933747696169   33.2964832161124   33.5810409160128
 0.0339610799  0.0340001881   25.7886087803721   34.4735489746789   40.7261950020645   40.1249469032481   33.0765972185085   38.1681013856996
 0.0348906022  0.0349074844   25.7886087803721   24.3897684827675   29.3273635535242   32.3952039576933   31.5177132101472   30.1514204759664
 0.0350304314  0.0350687963   25.7886087803721   34.2244495517086   32.4482100452739   31.3858609699066   31.0403847757586   27.5489152746918
  0.037326208  0.0373275135   30.6527251016844   34.2244495517086   31.8378594653154   37.4534056581435   33.0074398206645   33.6785473414614
#[time: 0.04]
 0.0426676846  0.0426781943   41.5380770668448   34.2244495517086   30.4868829243459   30.1185106246692   31.0496773517247   31.3246612038531
 0.0451184108  0.0451272783   41.5380770668448   38.2057002154443   40.9769187520297   39.5960516466305   33.3798192632491    34.727197640549
#[time: 0.05]
 0.0505068839  0.0505069515   40.1375621292297   38.2057002154443   43.2359273281861   42.4590798005229   36.1579199572662   37.1112800315033
 0.0518338647  0.0518357653   35.3185839547957   38.2057002154443   42.8193535491108   41.9844851155849   28.5621700308796   28.9456751321345
 0.0529255919  0.0529256153   36.8286435297072   38.2057002154443   41.5248180509587    42.764748875287   40.1456508623915   42.7089312087587
 0.0552424435  0.0552487305   41.5115293862268   38.2057002154443   39.4775748061027   40.0062399466978   32.7011864653954   32.2668002278126
 0.0567591552  0.0567700429   41.5115293862268   43.9994967627423   48.2320706149913   46.4564892525815   38.2167091506736   37.4135095300712
 0.0598016704  0.0598098594   41.5115293862268   38.5672433241109   48.1211865527485   49.3176120473032   38.2810939473405    39.025214057568
#[time: 0.06]
 0.0624769034  0.0624839464   41.5115293862268   43.0052245230574    44.054857200306   41.6824732782018   49.8715432846797   39.4681289865176
 0.0652570218  0.0653049726   41.5115293862268    42.085009999293   45.1646661851616   46.2300148449077   32.9595132753138   32.9128524444675
 0.0669224956  0.0669520105   41.5115293862268    40.398219833427   46.0227277299854   46.3410886367797   50.9542315562783   49.2850297846578
 0.0671569652  0.0673246992   41.5115293862268   34.4234808186078   39.7076662703724   42.7336965668193   38.8111814234702   38.3656183869298
 0.0673876703  0.0673966928   32.1815139959012   34.4234808186078    43.719154721982   39.3559450111607   39.9699060423519   42.4792510428439
 0.0677303084  0.0677336594   32.1815139959012   38.6133379153367   35.5230667202345   37.0441040535493   35.3692017332167    35.538136837671
 0.0692947965  0.0693598025   41.3442569124395   38.6133379153367   35.3772343400012   36.7831925123959   32.9145234398486   33.5963334269164
#[time: 0.07]
#[time: 0.08]
 0.0851556914  0.0851659526   41.3442569124395   41.9778184564158   40.8250573065002   40.6178234957691   50.4495414167308   51.4571757061961
 0.0860797562  0.0860935243   41.3442569124395   49.6305653253076   41.7678779389526   42.0041716555146   42.6973467630188   41.5590596995416
 0.0875461219  0.0875495843   56.5555259970999   49.6305653253076   45.4595171488882   45.3275186401387   51.5454657629117    53.248455167765
 0.0876822503  0.0876917149   56.5555259970999   60.0459139210373   63.0577541981886   58.3209159723575   51.1559340334215   49.9210356869037
 0.0881085512  0.0881200516   70.6520127017941   60.0459139210373    57.849535935793     57.54377959899   70.5294225684668   62.0729196154431
 0.0884201798  0.0884412332   70.6520127017941   76.5209387716575   72.2154837070944   65.6518217945653   73.7295315692899   79.2546401408707
#[time: 0.09]
  0.090074507  0.0900868185   77.6158127841945   76.5209387716575   73.5037571737195   73.2030976412157   81.3956351097032   80.8694321470512
 0.0910722989  0.0910779651   77.2033521245893   76.5209387716575   83.3402404722301   82.5160862409184   68.2919963133018    69.426006235693
 0.0925818939  0.0926703632   74.1781760882609   76.5209387716575   78.1506448908493   75.4384399934942   75.4954382648451   76.5913404934592
 0.0928325097  0.0928460398   78.5939870852296   76.5209387716575   76.2056281997157   76.5973284847322   68.5045210447496   70.1724680085834
 0.0937826042  0.0938324418   78.5939870852296   80.9674937895168   78.9188302465227   78.7673468874605   74.7098345586404   72.6923247746663
 0.0948836485  0.0949301196   87.7402768043491   80.9674937895168   77.7518390360331   76.8287997010709   79.3840009275341   79.9335067084923
 0.0955352622  0.0956449313   87.7402768043491   83.5659483286473   86.8915874701743   86.1006061962135   97.3815174353017   92.4066850881277
 0.0964075521  0.0964112244   84.6406116277408   83.5659483286473   87.9117572142441   87.2463387152893   78.6359185831854   78.6251814447257
 0.0985599993   0.098561226   84.1382748702287   83.5659483286473   86.9169814495607   86.4611640735726   78.0102788441632   78.3274281523211
 0.0994280456  0.0994436386   84.1382748702287   89.7801702908316   87.1077794109904   86.9598085891703   86.9371989430344   87.0456276953034
#[time: 0.1]
 0.1007248334   0.100741037   84.1382748702287   72.5186670101529   89.4716091170328   91.1428348682926   82.6837709794749   76.6007665073677
  0.101512305  0.1015172284   84.1382748702287   65.4569559768964   90.4132920234089    80.947225041665   90.3834143082677   71.6377713376822
 0.1015826909  0.1015826911   84.1382748702287   65.4569559768964   88.0561700969833   75.0127877926695   88.1373784878524   75.0838453346207
 0.1019533623  0.1019959464   84.1382748702287    88.222958822356   80.9109065636058   73.3569551420338   85.7930452046739   85.4080553377227
 0.1065124097  0.1065231521   92.6061034906568    88.222958822356    87.584256768869   89.9514958761672   96.2628939001909   93.1344193169015
#[time: 0.11]
 0.1104773766  0.1105415962   92.6061034906568   84.8740581471232    96.168784156669   93.6073123279881   97.3631107998041   88.9183597244521
 0.1110466364  0.1110990692   92.6061034906568   96.8198499737759   93.7850236559607   90.1665371856302   95.0831877119372   92.8113476361409
 0.1140400525  0.1141493446   98.4913427571128   96.8198499737759   97.3844370692444   99.5479965554409   97.7035342063634   97.6991044460885
 0.1163154261  0.1163427434   100.452900860916   96.8198499737759   100.369008686282   100.181153764515   91.9654699090064   91.6397758129919
 0.1182995656  0.1183707387   100.452900860916   102.854152572495   107.937630120041   104.600566917084   109.922646904277   112.849532192626
 0.1193881155  0.1193881169   101.313363452233   102.854152572495    107.77584179779    109.19974113215   108.107853871139   108.994997451404
#[time: 0.12]
  0.122991628  0.1230099083   101.313363452233   109.268275297252   105.021930277835   105.506928851745   108.324798381138     98.80734135502
   0.12345812   0.123485757   116.657224920699   109.268275297252   108.683423231386   113.119037850884   115.980181220456   112.254393462414
 0.1242362273  0.1243141862   107.871261626922   109.268275297252   123.561295045994   115.040207646176   106.638530654509   105.418413128937
 0.1259355254  0.1259384947   107.871261626922   103.400502436705   112.347925836186   112.954362682415   108.785712192259   106.833679195745
 0.1284586959  0.1284684477    107.97799449781   103.400502436705   107.798609790935   106.439069743205   108.841523702067   107.548547276158
 0.1285889439  0.1286187506    107.97799449781   106.540525972064   111.336445467079   109.052759144163   105.163698964001   105.382030923079
#[time: 0.13]
  0.130715862  0.1307185553    107.97799449781   105.742284463515   108.270695569923   108.068718914678   107.216711293826   107.014938127503
 0.1329501116  0.1329761616    107.97799449781   111.685163176679    112.10497034139    110.65147103515   106.036053198349   101.252165758969
 0.1332281371  0.1332310289   118.397746226437   111.685163176679   111.520815161139   112.993713826201   109.945609401799   110.372125736516
 0.1354791461  0.1355094834   110.811997263492   111.685163176679   121.427260257583   117.582721084548    119.31680880601   120.346112816535
 0.1366541616  0.1366589438   110.811997263492   109.385961528621   115.262614189526   115.614002842019   102.361092285369   105.632332847515
#[time: 0.14]
 0.1413743639   0.141379634   110.811997263492   112.698830039798   114.751530832119   113.783364563148   102.549593182502   102.288343806365
 0.1446295858   0.144634232   110.811997263492   109.047409515339   117.070852175213   117.940639211469   101.868563792611   103.045127344401
 0.1463603416   0.146391456   110.811997263492   112.141806530515   114.679212238073    114.03651691901   113.640745462679    114.48761714425
 0.1466278181  0.1466294797   120.046352776057   112.141806530515   114.834660097079     115.1786499072   113.842439570977   115.149389315015
 0.1468241008  0.1468390491   120.046352776057   127.255646610056   121.606757849532   118.468799889926   127.763919838618   133.605143026436
 0.1473911533  0.1474190469   105.426085882223   127.255646610056   125.989459797174   129.685196745555   112.777267502368   125.274171099959
 0.1476749965  0.1477367007   129.552115505992   127.255646610056   112.937511092907   127.263661330649   131.930459034354   130.688879816932
#[time: 0.15]
 0.1502328999  0.1502677787    128.34400196387   127.255646610056   131.083900034593   130.203770008247   137.831138295339   136.495803448715
 0.1504071344  0.1504322945    128.34400196387   127.183117357517   131.596979274449   131.160559086824   126.992537340125    127.07255393036
  0.151063251  0.1510960221    128.34400196387    129.56162626195   134.040233997904   133.425341560217   119.272382570955   119.494777635439
 0.1510981435  0.1511178785   107.432472241005    129.56162626195   129.711336899616   128.109149469366   114.344759192716   125.930560601759
 0.1540280845  0.1540484131   121.418654965895    129.56162626195   117.050137373372   124.836702733813   125.331999632579   133.123831487684
 0.1545418331  0.1545647365   140.810266674899    129.56162626195   126.252495685946   128.447389742237    134.22634447104   135.011395246173
 0.1561490156   0.156150055   140.810266674899   142.211082391792   143.817516393962   137.455046097411   132.689366611716   131.788658815121
  0.156401921  0.1564157901   140.810266674899   143.416771434401   141.771694645757   142.039590588923    143.12541817111   143.673802886611
 0.1574041088  0.1574124616   140.810266674899   140.271514718164   147.369948132853   148.632590465285   132.578607386447   134.446777861608
 0.1588759931  0.1588863253   146.075705598728   140.271514718164    145.53550273097   145.333340361516   141.471017160468   142.314888055435
#[time: 0.16]
 0.1611189314  0.1611263936   146.075705598728   147.250527783636   148.698597054715   147.028284525285   139.914549490887   140.037997386754
 0.1616869366    0.16176657   146.075705598728   144.011462766672   151.819507548518   152.565071129286    139.76060532242   140.309032561661
 0.1621250167  0.1621319351   145.037369760768   144.011462766672   153.342349077564   151.844573149874   137.324151331547   138.592636494382
 0.1625409198  0.1625524865   145.037369760768   148.470896838065    143.93936445423   143.999797858566   142.627949873937   139.073193408229
 0.1630908958  0.1631003555   145.037369760768   147.826892811917   149.921427412798   151.813053446325   137.587080913666   137.353368450862
 0.1633031465  0.1633753885   152.194423461267   147.826892811917   148.904394931493   151.009236074823   158.771905833591    154.93549922208
 0.1638319938  0.1638426157   152.194423461267   153.309518518141   149.990033001274   150.045791496342    159.09362462291   161.370044461768
 0.1649229846  0.1649392476   152.194423461267   158.576684612634   155.851471154636   156.457257492053   157.128984665613   151.184172497679
 0.1652399296  0.1652499858   152.194423461267   163.277652025012   156.895230738983   159.196835218179   159.321443628108   162.657343325178
 0.1658728365   0.165874619   161.777703044551   163.277652025012   160.408849876597   166.031836357976    155.65306998013   155.713894850398
 0.1669916482  0.1670387212   161.777703044551   166.498647097718   166.344860757993   166.759513904554   163.276109784673   161.817122819234
 0.1671901955  0.1672135457   169.816147434765   166.498647097718   164.292409117283   166.180290006743   160.972550190931    162.48303813063
 0.1673832398   0.167426852   169.816147434765   175.818226876268   176.885895109038   175.024642954264   173.834817755948   169.726486162738
 0.1681380885  0.1681800346   182.580748460453   175.818226876268   173.143582864984   178.092128385356   177.342953012255   178.097947118977
 0.1688373977    0.16884497   182.580748460453   190.677292094507   187.728217958489   183.930902982628   185.057172203249   188.661539702371
#[time: 0.17]
 0.1704952034   0.170507036   181.780056241357   190.677292094507   190.071282391349   195.194543662856   186.125289778505   184.152657457345
 0.1706325312  0.1706594399    186.46319739486   190.677292094507   186.700523324969   188.389977276838   193.718660224841   200.028873967852
 0.1727256306  0.1727320467   192.925677898536   190.677292094507   189.455333731638   190.609543425153   182.854420877868   184.325088120127
 0.1750553656  0.1750735268   192.925677898536   204.747637831755   193.591022081446   192.965875575086    200.35459307236   201.875488875267
 0.1763020105  0.1763128596   203.416963783618   204.747637831755   199.306540493796    202.55787584747   195.349493983118   195.430883582203
 0.1768474799  0.1768508014    208.63437311489   204.747637831755   208.626806624286   209.382382205521   207.263268252854   209.384948230523
 0.1777696925  0.1777942374    206.82179773492   204.747637831755   209.933425704127   208.334740325042   216.785263532137   214.313911636492
#[time: 0.18]
 0.1814945835  0.1814949788    206.82179773492   209.843829765628   208.621049029491   208.084781230164   208.282998933781    206.94278650117
 0.1821180806  0.1821676588    206.82179773492   210.247821375343   212.366804638931   213.602155087627   208.199121981709   207.981300452844
 0.1851717275  0.1851947627   213.474451159569   210.247821375343   210.196293338617   210.646839029021   203.243642588125    202.72680025637
  0.188464675  0.1884848071   213.474451159569   212.879195491253   220.172432464631   218.237019420697   203.971223134385    203.81011521691
 0.1890009238  0.1890242808   213.474451159569   221.274156001885   217.677346701657   217.374555746618   215.103715405261   212.160280488215
 0.1899063669  0.1899231779   225.814224546958   221.274156001885   221.191257694681   226.204389360296   222.869690604284   223.409561752835
#[time: 0.19]
 0.1906895009  0.1907019383   224.425871741157   221.274156001885   233.346785607108   229.579751640996   216.780435288625    220.09348813603
 0.1907285221  0.1908065401   226.144217320276   221.274156001885   221.180299413952   222.357529597933   222.306943457855   223.208235213579
 0.1912679075  0.1912766788   222.099240919284   221.274156001885   226.217271518985   225.506182755896   212.209617423539   214.009848594227
 0.1944477085  0.1944574044     224.3708710312   221.274156001885    223.51675602924   223.352964271697   216.009551096994    218.60504612993
 0.1956451771  0.1957182886   218.261833618026   221.274156001885   226.243699093832   225.552945713808   219.713261979783   219.524364118257
 0.1958080947   0.195860522   222.046946079756   221.274156001885   221.225328287269   222.865669994764   214.911254420639    222.24237372849
 0.1980562109  0.1981065695   202.705930131948   221.274156001885   228.833900299503   228.211782021635   210.699644012784    223.08477204826
 0.1985628289  0.1985782642   221.793708791921   221.274156001885   212.551470702175   223.786180552906   215.535017244921   215.534880365507
 0.1985830642  0.1986228913   221.793708791921   220.920671483393   224.820661270002   224.648800053235   219.205389834546   219.501476732833
#[time: 0.2]
  0.201496723  0.2015520085   221.793708791921    219.06201400068   229.800364121532   229.111069016082   213.737208399961   215.506951641833
 0.2024870871  0.2024989439   233.068043810147    219.06201400068   221.649478614267   220.645968785599    227.27236751082   226.135055827103
 0.2031191887  0.2031192602   242.731379547256    219.06201400068   239.750178682307   227.522289772028    243.45945090302   225.599173053087
 0.2033338568  0.2033689087   242.731379547256    239.94718358309   244.659357982482   226.877104129909   243.451201801592   242.521968694635
 0.2075288997  0.2075294378   229.659206448101    239.94718358309   247.767270359441   237.828086938883    235.15943959909   240.124147999851
#[time: 0.21]
 0.2113687738   0.211431262   229.659206448101   219.308263569315   236.223766955932    241.13288132787   228.213633476452   222.599134387867
 0.2162338202  0.2162432391   229.659206448101   236.163827772597   229.929540160588   225.138459248438   233.062008905927   234.275130234062
 0.2170191996  0.2171132172   217.367032613209   236.163827772597   233.358636552819   238.124915243702   222.340599433299   240.895781837157
 0.2186476959  0.2187539347   238.590006133606   236.163827772597   226.416898206509   235.974577976478   229.145334540943   231.754928298097
#[time: 0.22]
 0.2228896448  0.2228948416   238.590006133606   242.688097934682   239.137104207397   238.832395908406   231.578467808591   232.419033246121
 0.2235708806   0.223594978   245.264973307954   242.688097934682   241.826682956462   243.836503945669   237.155436578156   236.594499609996
 0.2260035497  0.2260109563   244.284085170562   242.688097934682   244.645756064937   244.150343245412    236.45142888592   236.717030697285
#[time: 0.23]
 0.2307203377  0.2307217302   243.907267613957   242.688097934682    246.76924912656   246.025186054192   234.826159981671   235.759178454149
 0.2321410691  0.2321585353   244.822839046042   242.688097934682   249.012392180143   248.192863591079    242.56981515016   242.657307614168
 0.2331157888  0.2331399167   244.822839046042   247.133451499247   250.497256963872   249.041999802352    244.19819200368   242.097092100914
 0.2333656371  0.2334132726   251.559506350673   247.133451499247   248.110578346224   248.310304065418   242.406618812704   243.669662116741
 0.2366420016  0.2366591521   251.559506350673   258.964264322996   251.170153388297   250.019058298172   255.456961815645    256.73939671008
 0.2375960938  0.2376007249   254.720889565841   258.964264322996   256.408780692956   258.772914640739   249.752873486317   249.900619253905
#[time: 0.24]
 0.2417041382  0.2417384593   283.823769979748   258.964264322996   259.982191351645   261.950670663868    279.78873121318    267.29468160289
 0.2422695596  0.2423023725   283.823769979748   280.391661802394   282.036611449905   265.507566171166   277.561170724265   277.098145890202
 0.2464890173  0.2465129558    277.56836477931   280.391661802394   285.147484229178   284.030752850287   280.304395098632   288.638876223198
 0.2492905715  0.2493402027   281.947008719514   280.391661802394    280.62450071255   281.580308387358   285.043399315192   286.236097356105
 0.2497178531  0.2497302347   277.845225646524   280.391661802394   284.998340034731   284.134101699827   287.227360317276   290.475446246377
#[time: 0.25]
 0.2509035108  0.2509037184   277.845225646524   262.147604211645   281.944931758934   282.546280044396   282.387674320193   263.238499140783
 0.2520987708  0.2521487883   277.845225646524    273.50362727502   277.286689493921   269.000135593292   271.141993171662   273.181532067432
 0.2523455674  0.2523690148   277.845225646524    281.32004766599   273.877646624496   274.652479448155   277.950606579886   276.169565716529
 0.2537680886  0.2537755312   277.845225646524   289.912781289375   281.450584781032   282.779991509763   284.299883836191   288.190533933251
 0.2541269246  0.2541631582   292.591716021126   289.912781289375   282.855774238743   292.232715744494   295.773490154333   294.352267804629
 0.2549821219  0.2549852314   285.864722962436   289.912781289375    294.75317722176   293.728601927477   293.795783450943   297.053686810095
 0.2574401161  0.2574490646   311.486425809377   289.912781289375   291.785660445465   294.434022470747   308.472163938677   297.563141636571
 0.2575667569  0.2575696822   294.215608292764   289.912781289375   312.764185739572   296.217945548877   294.918754856225   291.220159517141
 0.2580239855  0.2580336431    288.81536317878   289.912781289375    293.92064651518   293.032244117231   287.693851597543    287.58167653054
  0.259095473  0.2591092219    288.81536317878   285.560833720762   288.955432847859   288.725783830261   296.565263359219   290.637960271193
 0.2595859212  0.2596401486    288.81536317878   281.762354474071   291.984736952096   290.895234643097   291.286419281423   286.369862452889
#[time: 0.26]
  0.261117493  0.2611174932    288.81536317878   281.762354474072   287.913110060428   286.587464546917   287.996680343882   286.605024382993
  0.262765309  0.2627653092    288.81536317878   281.762354474072   292.107041295764   288.829525232722   292.172226604724   289.038749488705
 0.2627932892  0.2628562438    288.81536317878   294.487923154785    289.41158168649   286.145500333513   291.088807079961   288.911630998532
 0.2652015465   0.265305693   299.147730394359   294.487923154785   295.318036953121   297.772883029458   291.816328289084   292.735032954065
 0.2661232185  0.2661320448   298.314400434996   294.487923154785   301.470567680264   300.470794543698   291.282353289068   294.591207100497
 0.2665923571  0.2666368178   298.314400434996   291.085517583906   299.931465763412   298.491250281725    308.71965239578   300.864934105342
  0.266703718  0.2667537721   298.314400434996   301.165261652271    303.32626743174   298.505370138684   293.825846050179   291.893740913943
 0.2685386539  0.2685409083   297.649100724582   301.165261652271   305.105085260788   306.514319577861   295.809673936956   295.190321835148
 0.2688967379  0.2689065884   300.374708744381   301.165261652271   303.743151293467   305.233306527099    292.54938419192   292.644450338478
#[time: 0.27]
 0.2742290471  0.2742456397   296.986876382394   301.165261652271   301.822057456982   302.102607331671   301.886652003077    304.13774216624
 0.2764827013  0.2764945378   303.409128574567   301.165261652271   306.183989560034   309.553368054496   298.636703507252   299.341028855571
   0.27829615  0.2783472995   303.409128574567   299.075687887439   308.575617532587   307.275432639565   293.532627584624   292.644542501192
#[time: 0.28]
 0.2814343528  0.2814423113   303.409128574567   301.609116402667    307.99334930626   305.780167252553   304.518214074546   299.636533387063
 0.2830188925  0.2830269217   300.527006432885   301.609116402667   308.544642772535    307.72623001467   298.595516394093   298.401903093332
 0.2841286076  0.2841292184   300.527006432885   296.420979209194   303.250814846673   304.013194596848   300.142839835185   292.230384155616
 0.2850087318  0.2850329338   300.527006432885   302.374344167061   302.778467114988   301.221509031143   300.707557779619   300.572962106791
 0.2877745419  0.2877830343   300.527006432885   301.211591804107   300.094970220306    302.49239106204   308.672652463279   310.131920220768
 0.2886218668  0.2886543006   300.527006432885   297.844851897535   302.692169657006     302.7738891669   299.535650172496   299.188505654339
#[time: 0.29]
 0.2958531636  0.2958534689   300.527006432885   314.818719931426   304.874383796303    303.33962080503   308.483687112828   321.722096735466
 0.2970890959  0.2970963983    316.91308731541   314.818719931426   304.214381134811    313.15727465058   315.078263833005   315.357270108501
 0.2996326548    0.29964562    316.91308731541   317.521234384378   315.486725562563    316.49180459962    312.40750520945    312.18414872904
#[time: 0.3]
 0.3000698782  0.3001186342    316.91308731541   326.039267244996   322.037405012435   322.244989496418   323.135745277907   326.661712236061
 0.3010290992  0.3010883911   341.137792450236   326.039267244996   323.003367285432    327.22620503795    336.54169050691   331.809846762045
 0.3019437384  0.3019448472   341.137792450236   347.232300352045    340.49815352774   334.320857387151    344.31075531954   347.395787352438
   0.30453143  0.3045350845   329.069213309145   347.232300352045   345.764758450059   347.771274160645    335.06717440729   346.038993483119
 0.3047288901  0.3047326142   360.352489455834   347.232300352045   335.714615361455   348.509637200847   359.149089208191    353.83180264445
 0.3048085587  0.3048176773   360.352489455834    362.73634010212   356.466962648721   353.839630430538   356.480360326826   356.253995232038
 0.3065470532  0.3065490757   360.352489455834   356.102432160424   368.159349365288   369.793124462479   368.874622626631   363.145784322231
 0.3095808262  0.3096034464   360.352489455834   359.212698497303   365.347206439127   362.542443513374   357.964314357694    352.13179745451
 0.3099730225  0.3099973508   354.662983173213   359.212698497303   361.809964990292   361.512139593316   355.972896385969   364.987613296703
#[time: 0.31]
 0.3103683879  0.3103723466   357.330463861103   359.212698497303   361.315511715236   362.832888302363   357.294582937413   361.005058481118
 0.3133789365  0.3134281709   355.740672367493   359.212698497303    362.95653394259   364.593617018869   362.171728115868   366.529206081884
 0.3180706028  0.3180777221   362.909588825511   359.212698497303   360.784292601279   361.532498773302   353.109361166549    352.47463242888
#[time: 0.32]
 0.3215827199  0.3216387108   362.909588825511   369.179660263606   365.932308262333   364.604324767021   361.589411775416   361.061221014626
 0.3243933702  0.3244363409   369.908373846445   369.179660263606   368.672795835369   372.762074771684   365.814838640834    366.76053899963
 0.3247472132  0.3247606743   369.908373846445   372.104821118277   373.323850853757   372.972014172085   361.428442591931   361.828322064108
 0.3254003122  0.3254047297   369.908373846445   362.722903589513   371.363607012832   372.830740550338   376.030930464692   367.470446770013
  0.326427458  0.3264313794   369.908373846445   371.213669853861   375.713718325596   370.929806829237   360.742227802587   360.964284967397
#[time: 0.33]
 0.3299861911   0.330012206   369.908373846445   376.973271067492   366.762138957392   374.033664134812   366.909156468817   367.148986895874
 0.3301698209  0.3301725208   388.075242758911   376.973271067492   375.388391478517   377.906548840875   386.325871051589   379.088518911883
 0.3302490383   0.330266018   388.075242758911   380.363596010529   391.975591156567   384.584853737972   383.869310772641    384.14000134405
 0.3361110434  0.3361324959   388.075242758911   385.548680640201    384.15329535682   384.205477956491   379.730361660231   379.373106881684
 0.3389489453  0.3389506938   380.991456150686   385.548680640201   388.625231324532   388.033219697925   383.120885727546   383.818199295246
#[time: 0.34]
 0.3427575853  0.3427587353   372.866369248898   385.548680640201   386.078420811041   387.819993242614   380.840120706931    390.93494049181
 0.3434174794  0.3434343047   386.481065686484   385.548680640201   380.581706570003   388.093374056602     386.8124842045   386.679917218065
 0.3448831412  0.3449368748   386.481065686484    389.23109028197   388.805585920375   388.571956936732     389.0265846944   392.975820214738
 0.3454793025  0.3455038113   384.507059959224    389.23109028197   391.948904243012   392.990166831435   387.169037281672    387.65908686486
 0.3455913093  0.3455914334   397.448739409719    389.23109028197   390.581569786642   393.415665976277   399.997910588095   394.758217957142
 0.3473631758  0.3474143176   397.448739409719   409.337644515354   397.869675798173   394.115050283363   397.919170252976    399.36935082984
 0.3480593069  0.3480643746   408.032653006622   409.337644515354    404.67562104383   412.550631833159   406.182880865705    405.79107969967
 0.3490644963  0.3490849476   407.561566930278   409.337644515354   409.941599595428   408.879268813632   405.622845743393   404.829436445399
#[time: 0.35]
 0.3538697674  0.3538794355   407.561566930278   403.486026921215   414.950943742725   415.977795795681   399.808047367377    400.88644755465
 0.3538862011  0.3538981396   407.561566930278   404.712125687954   409.772063002418   408.823407929898   405.545769641619   405.802207036436
 0.3573055642   0.357361089   407.561566930278   408.334018235584   411.427965329144   409.719976325788   399.494326850462   399.575074719391
#[time: 0.36]
 0.3605966709  0.3606413702   399.792352084618   408.334018235584   410.948540781515   411.148496247036   399.084978756584   407.306173068981
  0.361762727  0.3617787932    405.98379036763   408.334018235584   405.239525954601   407.867853209951   407.774425230164   412.847274593359
 0.3635426051  0.3636749268   410.482041827064   408.334018235584   412.148926241745    413.51704821419   401.928052015903   403.817780983808
  0.366322867  0.3663379268   410.482041827064   415.268965741247   415.274436004437   414.114270199175   408.623339353586   408.921760587386
 0.3687352919  0.3687383352   448.921836795848   415.268965741247   417.134155799346   419.848393006118   445.621799960552   423.902469212431
  0.368956563  0.3689575103   448.921836795848   450.283687677182   448.082551357468   423.648760457906   457.049519039509   460.628285631265
 0.3695814878  0.3695827477   448.921836795848   447.873783334759     450.1714150769   450.414860610506   448.412073735161   446.003754728363
#[time: 0.37]
 0.3734797806  0.3735405513   448.921836795848   462.210242655782   454.251228535628   453.575546129207   453.020366432501   452.174071286098
 0.3737158633  0.3737240299   466.326891456111   462.210242655782   455.471048455882   459.279442944849   456.397232014181   457.390849313731
 0.3738645178    0.37388857   466.326891456111   472.906924402334   467.786132421763   466.200306012928   464.335791229276   463.649640540928
 0.3739572995  0.3740304537   471.699773384636   472.906924402334   472.254410277624    474.72678854436   475.601252848585   476.009654541045
 0.3792324776  0.3792333255     480.5960961663   472.906924402334   473.262342860332   473.529042061269   474.031018106763   476.167629004831
 0.3796724413  0.3796762387   470.689144726983   472.906924402334   482.978189278836   479.525679755311   469.438253264857   469.333980438885
#[time: 0.38]
 0.3807075013   0.380713952   471.307769865496   472.906924402334   475.835764633312   476.739359521747   471.706113393953   470.178506606399
 0.3836148096  0.3836250368   471.307769865496   473.410828332984   477.005301379763   478.181648186967   463.832367708271   463.072530737047
 0.3866836309  0.3867193838   466.741663654949   473.410828332984     473.9675189429   474.412836909728   473.435330890307    477.35937968295
#[time: 0.39]
 0.3904474418  0.3904720908   466.741663654949    470.04378784209   473.200950927584   475.634489279135   465.177149611095   464.130097204779
 0.3928715541  0.3929160101   468.989109367194    470.04378784209   469.700218511525     470.5277668245   462.239123222548   467.951692619751
 0.3980164225  0.3980286439   476.697170679915    470.04378784209   469.787621253514   469.840317117969   483.507355872075   472.274094191464
 0.3983522481  0.3983958813   476.697170679915   478.783179262847    483.01737657919   478.329560278462   476.218105615343   475.153249002998
#[time: 0.4]
 0.4001428591  0.4001460622   485.816372498823   478.783179262847   479.304945711201    479.64873595323   477.355688849371    477.63218690691
 0.4007762423  0.4007944253   485.816372498823   487.419766804131   482.072849192876   482.260851975045   481.047832459659   480.884332869178
 0.4033951812  0.4034058116   485.816372498823   482.545263114217   491.490540998765   492.024590243576   491.447821611866   485.540412852316
 0.4048532901  0.4048634546   479.767485344317   482.545263114217   488.897172699028   487.527984649826   483.720042404726   481.948524195704
 0.4050395998  0.4050397299   480.897110591692   482.545263114217   482.479542662093   484.158484289649   481.399100708174   486.900455239995
 0.4055740818  0.4055823586   480.897110591692   479.511875695062   489.686482096331   490.791296518862   481.862764328003    481.61052703098
 0.4097655591  0.4097719826   471.974190189747   479.511875695062   484.787982160083   484.252117656035    475.66449905291   480.186123707036
#[time: 0.41]
 0.4108832958  0.4108996269   471.974190189747   470.972275043571   475.569045345535   475.275587350581   461.503331375584   461.276290774827
 0.4109304684   0.410953899   471.974190189747   470.164734489876   469.506331984676   473.274545566187   474.771861771879   465.427865158671
 0.4120844518  0.4121062789   471.974190189747   468.713673023837   473.032300628328    472.42598481389    472.68970693931   471.493164495231
 0.4135725497  0.4136128577   471.974190189747   473.233086035963   472.306581535478   471.329233014971    473.30048867558   473.816595342944
 0.4145721998  0.4146027362   471.974190189747   470.396141861676   476.870805177075   477.405437845911   478.293584090552   473.808980875858
 0.4155610788  0.4155615164   471.974190189747   470.926523168656   474.565084171715   474.161483603582   466.808171958433   467.825977432129
 0.4162229692   0.416231692   471.974190189747   470.024212968557   472.233532979649   472.016609602202   462.259929244873   461.784239810306
   0.41641151   0.416416945   471.974190189747   470.815451877286   471.675710816436   471.378711014351   466.270047398121   466.465737908262
 0.4192207335  0.4192501928   471.974190189747   471.269435213305   473.842659318443   473.587204403535    471.81690652167   471.802969037102
  0.419277633  0.4193209836   471.974190189747   489.401688781259   473.622846183691    473.42274565807    475.46315914904   490.349656412865
#[time: 0.42]
 0.4200392789  0.4201425225   488.767807852763   489.401688781259   478.901325359986   492.196350371102   481.255311638012   481.307756680793
 0.4207769179  0.4207809641   492.947769794998   489.401688781259    492.87887844944   493.048754741218   492.285349767158   492.107308312037
 0.4226294304  0.4226411986   492.947769794998   484.549383192756   493.282358886807   492.581188859131   489.667024530177   488.738620747823
 0.4229858655  0.4230039857   492.947769794998    490.85935969256   494.406607320291   490.591079718656   493.755319209195   493.358825539513
 0.4242802245  0.4242802385   499.829645333926    490.85935969256   494.346694444081    493.35971365727   496.168859774946   491.359666396025
 0.4255655435  0.4255974051   493.964428847929    490.85935969256   503.977372444048   497.791494637083   484.640124233987   484.229518742991
 0.4293089032  0.4293222178   493.964428847929   499.390997236386    492.16200124297   492.266165128921   496.474164993823   495.729955049736
  0.429451574  0.4294567761   500.803194577394   499.390997236386   499.144621046182   501.092005494515   495.530616017206   496.869985381461
#[time: 0.43]
 0.4345818576  0.4346408921   500.803194577394   508.862934805608    503.60767477345    503.23047655681   505.271893881366   505.918846477009
 0.4347791528  0.4347807242   512.937905049871   508.862934805608   504.926617441013   505.180453140258   520.273493960827   515.766823416579
 0.4386043745  0.4386188889   512.937905049871   526.353357287161   515.070424021621   513.752435874095   513.996176909417   525.568613577598
 0.4390506828   0.439057306   529.304058740332   526.353357287161   519.577319296965   527.163153620997   526.628562710938   526.973349853158
 0.4396222438  0.4396525825   529.304058740332   533.518401829349   532.319464193362   530.590570390526   526.180117303738   530.893078948965
#[time: 0.44]
 0.4405001195  0.4405041286   536.580983140504   533.518401829349   534.864982967956   536.677052192259   536.592239568639   535.744747548151
 0.4436452493  0.4437090758   536.580983140504   543.930181052433   539.495133062426   538.438369257129   540.223173303842   539.989205900134
 0.4442586613  0.4442610933   533.515246809749   543.930181052433   542.700582909877   547.985688839137   540.050572281079    550.53858124377
 0.4445966254  0.4445999834   549.894798228125   543.930181052433   541.129196903781   548.177110577687   551.145267755338   544.169598121511
 0.4446910476  0.4446959446   549.894798228125   561.620033917072    553.62979958664   545.912189533017    555.77158175579   555.708947681741
  0.445228794   0.445244223   549.894798228125   558.690892567078   553.554031270228   569.798269126177   554.872685253655   551.790602650225
 0.4464859652  0.4464963245   549.894798228125   550.610986205043   554.494371249211   556.815178043771   541.051024000279   541.204499617133
 0.4477568872  0.4477789431   549.894798228125   553.163331966564   552.338733278771   552.451756894172   547.397439766793   547.260980684863
 0.4493896088  0.4493945201   549.894798228125   551.146746696566   551.884730431461   550.799229408804   550.747060928832   550.793077962725
 0.4495404361  0.4495655388   533.611099237493   551.146746696566   552.466514508644   552.864221799215   540.912451964865   554.689766965421
 0.4498343927  0.4498388965   543.635155421136   551.146746696566   542.735767761689   558.093727446536    547.02333095463   549.674526663029
#[time: 0.45]
 0.4501474706  0.4501474708   543.635155421136   551.146746696566   550.174658732303   553.886246729266   549.849313796039   553.502951600209
 0.4503456747  0.4503479454   554.243247040645   551.146746696566   548.535508320904   550.650100127682   559.005794439535   555.347653717171
 0.4504670851  0.4504820115    561.61015112145   551.146746696566   556.467227539257   552.553641833883   554.551071045895     555.9473896414
 0.4515431046   0.451584059    561.61015112145   567.720689907335   561.459303817917   555.820953236088   558.818048880106   558.868821318678
 0.4567741818  0.4568169992   559.652919474188   567.720689907335    571.04074413986   575.904286775381   566.105818363169   574.186215699072
 0.4572796157   0.457294903   551.634175752629   567.720689907335   565.023025580417   567.214779829293    555.46268366606   564.088396991967
 0.4590115992  0.4590186219   558.781058780329   567.720689907335   560.677963041803   569.949317137318   562.930538708276   571.151073625739
  0.459492232  0.4595354907   568.521250133766   567.720689907335    564.00626876314   566.359123692122   565.157887224534   565.235500561963
 0.4595655444  0.4595700802   568.521250133766   559.951105133594   565.933335380197   570.173898141007   565.712178693202   565.093318051404
#[time: 0.46]
 0.4628095683  0.4628178676   568.521250133766   571.319243341973   570.349949256516   564.315811333776   568.105032474698   566.448740959503
 0.4629041627  0.4629341675   575.244190136973   571.319243341973   575.579372720616   577.103504348573   566.880510417829   569.095099166918
 0.4648466928  0.4648494256   575.244190136973   580.609328186377   575.104119212606   573.547352949569   569.683609814348   570.261282952569
 0.4655206439  0.4655697897   581.668168642655   580.609328186377   581.764500436212   585.074934077419    573.70773081939   573.533277884946
 0.4655891593  0.4655893086   585.168859292419   580.609328186377   582.050612181394   581.944599691651   577.662772604046   579.259882711897
 0.4663288297  0.4663394751   585.168859292419   583.323309928759   590.652405252153    588.14612076496   586.839131420224   581.834917049522
 0.4676951578  0.4676959651   585.168859292419   591.340218172362   592.276378523079   590.720099577181   588.356482623733   586.782984676857
 0.4679423876   0.467953802   597.092593901916   591.340218172362   588.433054413865   588.569301042165    602.25695808013    597.53429922253
 0.4686085069  0.4686324148   581.062604435882   591.340218172362   593.203506192528   594.269364336074   588.807617333828   598.782679552783
 0.4687193922  0.4687206178   581.062604435882    564.62504901757   591.046670599193   600.340772208959   591.003522080219   571.003855420023
#[time: 0.47]
 0.4700967846  0.4701048447   581.062604435882   582.126525138649   575.949093948083   572.152997212028   574.600029277455   572.636459874696
 0.4719253795  0.4719550203   578.974645864604   582.126525138649   582.910052523055   581.289639598937   580.808305861008   579.825974005797
 0.4751638202  0.4752234674   578.974645864604   582.520789870537    582.23195704325   583.228636087355   588.398375630891   592.765291767838
 0.4786142172  0.4786168585   578.974645864604   580.207249247016   585.976277561113   589.587739530301   571.038575042284   571.017206589803
#[time: 0.48]
 0.4837653502  0.4837987253   578.974645864604   578.048544385362   579.932592962551   579.998167402606   577.532281636086    577.80052021807
 0.4839111784  0.4839414537   578.974645864604   568.710332352539    579.73452291202   579.642339672038   589.120590348971   574.669057684517
 0.4853968652  0.4854277117   578.974645864604    570.97905073889   581.815645260885   576.705840109384    572.93005216225   573.467688831067
 0.4872372023  0.4872420134   578.974645864604   580.558010549388   579.828882361225   576.993282101423   581.098535141413   581.276946199677
#[time: 0.49]
 0.4967856725  0.4967928468   583.875319111419   580.558010549388    578.72873275155   579.186680024407   576.031568293413   577.018852365977
 0.4978374435   0.497854692   582.720084510854   580.558010549388   586.330403343037   585.246640464926   574.690802115412    574.47546432733
 0.4984324501  0.4984368242   575.149365779174   580.558010549388   582.013973796628   581.939202662085   584.673780505016   590.873178729612
 0.4992939729  0.4993027278   583.739673300095   580.558010549388   580.863309698768   584.266371652799     583.4967735309   582.684514964224
 0.4995352305  0.4995586943   583.739673300095   587.127138245998   580.134048582336    583.17038929491   585.690812978067   586.127370160322
#[time: 0.5]
 0.5009939642  0.5010047428   583.739673300095   576.636130964443   586.918085728173    587.49040931723   573.249751391736   574.048898064304
 0.5035162625  0.5035165387   583.739673300095   575.969782569884   583.885406654471    582.20502223282   583.851687746075   579.011646796549
 0.5039104155  0.5039201374   577.661485751008   575.969782569884   584.994020597524    580.38779871285   569.806413997465   569.835617026248
  0.506197578  0.5061992538   577.661485751008    581.84358250923    585.57950383982   583.964485368951   575.405278244224   573.159948817214
 0.5062663151  0.5062720204   589.150209199216    581.84358250923   580.645792766763    581.16479743258    583.47107250226   585.098984296807
#[time: 0.51]
 0.5111869239  0.5112225985   589.150209199216   585.513083619618   597.688332745267   592.163149722732   593.632670477048   591.015595171516
 0.5165035276  0.5165228849   589.150209199216   599.168398524064   592.190180782201   590.710026614891   594.560411443834   592.245871240686
 0.5172425595  0.5172694172   595.248854713434   599.168398524064   595.499436992592   602.409595590348   605.385278137352   609.303885781804
 0.5174010006  0.5174763273   602.704294965173   599.168398524064   598.748216982573   600.195058943006   600.513875492033   600.950329488735
#[time: 0.52]
 0.5235643893  0.5235679768   600.948902214261   599.168398524064   605.214671921768    603.94691258264   592.435077779526   592.085730791938
 0.5287030879  0.5287038956   607.102316893888   599.168398524064   601.474519937244   599.084314184582   602.501708118092    603.11907183216
 0.5294559273  0.5294677195   589.882298015501   599.168398524064   615.374384515947   608.903140391833   595.857736302451   602.218721573981
#[time: 0.53]
 0.5302365329  0.5302461831   597.226207589735   599.168398524064     595.4658173357   597.586747222769   600.346619463159   601.096468063078
 0.5315938457   0.531613135   604.862193002398   599.168398524064    601.13075864947   602.434818504287   609.063346798615   602.458455606235
 0.5348202907   0.534829875   604.862193002398   616.886957068816   609.562574585072   606.626207987441   610.543840326648   613.485208813516
 0.5348795487  0.5348816682   614.745531126712   616.886957068816   611.532412241492   616.784702151927   621.063646756272   623.493102538648
 0.5371839588  0.5371931894   614.745531126712   612.029173902675    619.27158464291   619.919533184624   619.279604631439   615.438274272541
 0.5383644081  0.5383727828   616.385789362186   612.029173902675   616.892946354158   615.609757784535   611.883705026881   612.140243928651
#[time: 0.54]
 0.5400664772  0.5400683626   616.385789362186   612.298493346031   615.512563932034   614.972140349965    612.56268300604   613.505783356511
 0.5430269047  0.5430357413   616.222754033885   612.298493346031   619.769194371081   617.547960470799   606.867337116637   609.630196387177
 0.5446976255  0.5447177701   600.236096950274   612.298493346031   618.295347093095   614.628138229378   606.415570525233   609.796540568052
 0.5454108761  0.5454184905   613.837212687723   612.298493346031   608.233896715129   618.700649504313   612.290220366908   612.385932995618
 0.5459045325  0.5459102082    611.60596202771   612.298493346031   619.799330347135   618.786932815738    605.93563939705   605.985578569207
 0.5476441314  0.5476446196    611.60596202771   609.439668458267   613.651634308007   613.877179320103   620.029022638644   617.398505278247
  0.547747521  0.5477480852    611.60596202771   615.518245803198   613.707009270369   613.036422450741   617.586429440332   619.844892630387
 0.5496066542  0.5496111683    611.60596202771   608.262056219941   614.675798324287    614.93004542925   611.147723771532   602.099427963042
 0.5498054966  0.5498939139    611.60596202771   601.893857248607   614.420927495197    612.79901135822   615.283535585647   606.143901389445
#[time: 0.55]
 0.5507637133  0.5507755117   602.792707955603   601.893857248607   614.460938969243   602.332124256949   612.722690026745   611.090923533128
 0.5519959247  0.5520161748    601.03045685162   601.893857248607    604.23522827634   604.025001958281     591.6959195952   591.775920643627
 0.5524963899  0.5525013865   605.907752693263   601.893857248607   606.674917950926   607.004329969719   601.875034821999   606.121911380483
 0.5527542475  0.5527943753   602.867208524393   601.893857248607   608.386482931112   601.341310070635   608.926362645383   608.355810405784
 0.5560934006  0.5560934008   602.867208524393   601.893857248607   600.926340599102   603.113235409543   600.706208310934   603.224166851864
  0.556769842   0.556811068   602.867208524393   611.902919029105   604.589946814729   604.269806183031    607.20827929497   606.941289433591
 0.5568167376   0.556820188   621.831071723593   611.902919029105   610.711336561959   615.081714018623   630.891094254592   619.125127821488
 0.5574185794  0.5574432716   621.831071723593   625.903299521261   620.606989966417   617.779657192465   620.689960535396   618.337328639221
 0.5590938992  0.5590940378   621.831071723593   627.891780489604    626.52463602143   627.899267443299   622.976663797943   625.375281941898
#[time: 0.56]
 0.5609126735  0.5609180381   621.333309143577   627.891780489604   626.514352884632   628.349766693909   625.207050505671   630.900053605788
 0.5624750537  0.5625869523   632.513895596808   627.891780489604   626.313718524481   630.024936309514   629.845551312499   630.685915364636
 0.5626242499  0.5626781549   629.647376132326   627.891780489604   634.859194888408   631.969354005874    619.20618628933   619.138637478087
 0.5653100043  0.5653244128   621.342637982614   627.891780489604   634.540896040766   633.784868172052   629.334010020968   637.909377054639
 0.5659466941   0.565977473   628.648733395427   627.891780489604   622.578737017538   628.787663643538    624.01237312071   624.897459856143
 0.5661252566  0.5661335683   628.648733395427   632.310037019871   633.387118643024   632.950776686223   626.686431921288   625.198419501489
 0.5680238661  0.5680388642   647.535477748653   632.310037019871   632.888026929357   634.962532875214    642.30822407197   639.336628480943
 0.5692941263  0.5693707588   632.937963488567   632.310037019871   652.185917842048   637.544634547834   623.171707068873   623.486821252645
#[time: 0.57]
 0.5700104197  0.5700320978   632.915938113311   632.310037019871   640.355851619232   639.825936451264   627.636759962839   627.655391993484
 0.5725694761  0.5725808677   635.415852772545   632.310037019871   636.658272137119   636.219103591608   624.978582473917   626.332760750647
 0.5739215732   0.573978445   635.415852772545   636.332266540996   639.086898289541   637.633584066462   636.359744531549   635.663193245221
  0.574214557  0.5742484451   635.415852772545   635.949659881714   638.699376330522   638.890468231954   635.605381561898   635.602447647669
 0.5746489684  0.5746521068   635.415852772545   640.860254796168   637.569594262124   637.671030506867   633.845365013054   633.938891256779
  0.575041142  0.5750879585   635.415852772545   639.667287459499   638.789367276953   640.908517050866   632.020520724838   630.517831362174
 0.5766730622  0.5766758563   635.415852772545   644.622737902803   641.382443901984   643.266802651613   639.109007833349   638.181076687662
 0.5773656301  0.5774437057   643.701509037829   644.622737902803   640.589164090666   648.656551139086   635.807043114475   634.697501007728
 0.5791442589   0.579149215    649.74714681968   644.622737902803   646.093583241263     646.2341996512   643.652190486264    645.92243654278
#[time: 0.58]
 0.5807161346  0.5807502181    649.74714681968   651.086272264828   648.538125889157    647.92605837705   642.688878652394   641.211061713646
 0.5809549653  0.5809992882   660.219191788331   651.086272264828   650.471305355323   650.480688785138   650.259918440851   650.577648490792
 0.5827069972  0.5827138586   660.219191788331   662.302046220872   662.449254855266   656.649522335203   653.969996276264   652.838731817622
 0.5829953057  0.5830181807   660.759622116302   662.302046220872   666.112823939537   667.092281156323    662.96683085957   663.412414052575
 0.5832258862  0.5832370534   660.759622116302   669.494316332747    662.94229839673   663.365563959404   659.048908277748   659.154978970542
 0.5836997375  0.5838708068   674.560090761942   669.494316332747   664.436428335002   673.654444094568   670.888985550079   673.601753209993
 0.5840504351  0.5840785814   674.560090761942   677.183711470877   676.847914694243    674.75203777779   671.498767154927   670.058396120482
 0.5886248347  0.5886297957   663.877732562008   677.183711470877   676.562036541929   679.082150311469   657.957597729947   679.780868074812
 0.5895828697  0.5895862295   674.660827015224   677.183711470877   670.921315718192   676.742648784068   671.501651062021   671.713074599847
#[time: 0.59]
 0.5899643513  0.5900793663   664.708369148555   677.183711470877   679.863713056423   680.947233110508   667.246195414091   681.067960374929
 0.5919845103  0.5920106509   676.516129331764   677.183711470877    670.95232637952   670.628475332506   668.168591085653   666.715555863541
 0.5952927874  0.5953113205   676.516129331764   681.842630212061   681.694320579477   682.117387070815   679.287801023108    679.39698757954
 0.5983060409  0.5983646442   687.582595364063   681.842630212061   679.278263411755   677.558813952641   678.721872122004   680.723243067177
#[time: 0.6]
 0.6006091843  0.6006276272   689.305519081273   681.842630212061   687.055035318347   685.430312927989   681.798681319108   683.606591579121
 0.6007172558  0.6007199035   689.305519081273   693.537179098057   691.652785840006   687.815215026544    684.80741110896    684.39077234785
 0.6010482737  0.6010664545   692.430658108791   693.537179098057   696.479435532485   698.992032770349   689.315562752276   689.320126196313
 0.6018075495  0.6018158521    699.53130752466   693.537179098057   697.292840495599   698.497975542893   694.822688197984   695.688345764392
 0.6022998523  0.6023000293    699.53130752466   706.722735029125   701.643351699182   698.609066639609   706.349309035799    713.03686451753
 0.6027206597  0.6027799949   710.144329304756   706.722735029125   705.138730062515   707.519037652732   700.664275850546   701.541501696643
 0.6048405173  0.6048845921   710.144329304756   699.219755031789   713.368159602967   711.115847355156   714.114209339227   703.999280729246
 0.6057506328  0.6057530342   710.144329304756   711.662642364416   708.210208304029   704.647126524587   706.205162734155   702.562971299724
 0.6077964854  0.6077985174   710.144329304756   712.519964330789   716.565198553992   717.280149983683   704.156113019116   703.188342248435
 0.6086580809  0.6086616054   728.136212029745   712.519964330789   711.973860689379   712.547687738549   725.372456158777   720.355919245707
 0.6090474249  0.6090818799   728.136212029745   728.683946775626   732.103956645811    720.25993453489   718.964858678729   718.899752065679
#[time: 0.61]
 0.6108235036  0.6109337208   728.136212029745   726.443457371692   732.229015408912   732.377802584352   723.384892011733   723.267209948804
 0.6124302673  0.6124363735   731.878963510326   726.443457371692    731.31747768332   730.511882739568   721.433086932484   723.685079212067
 0.6124804268   0.612504041   731.878963510326   728.851099078728   734.049695329312   731.605725836813   727.558690137515   728.552245572128
 0.6127649588  0.6127651862   731.878963510326   727.910430626348   735.161079661289   733.599295769391   739.584212898224   732.598602038275
 0.6140022374   0.614013957   731.878963510326   737.000275404936   733.382230417179   732.157341422745   730.510156422698   729.345587065602
 0.6142238531   0.614261299   730.393728245028   737.000275404936   739.674124149852   742.770835924167   737.709415570057   744.283006919856
 0.6156560339  0.6156732188   736.399719210564   737.000275404936   735.700624714118    738.47940159386   734.273929019679   734.121187498728
 0.6164242024  0.6164457039   736.399719210564   733.054001961011   740.869070179617   741.180873309416   731.625227585665   722.592316492143
     0.616941  0.6169666426   736.399719210564   749.978311765372   740.678478829471   739.676634776514   741.881619276912   745.968076087386
 0.6175155215  0.6176006837   754.230825240722   749.978311765372   746.324638803252    759.09143522146   748.450162673535   750.162501827149
#[time: 0.62]
 0.6215184799  0.6215580084   754.230825240722   751.906461370961    759.87590380913   756.364449259023   746.250017420885    747.42891268262
 0.6222154546  0.6222279125   754.230825240722   751.557727491456    758.20215176772   757.167059256466   747.584222609721   748.046274854761
 0.6241366289  0.6241451833   754.082373123587   751.557727491456   755.171380415963   753.988489557493    748.99505773805   751.120192503401
 0.6261075925   0.626160137     752.5423905673   751.557727491456   761.771695977092   760.026772299007   752.625755141943   752.568799525001
 0.6265190149  0.6265239144   755.735751296907   751.557727491456    755.01346980855   754.764004858065   747.434847997557   751.157425641579
#[time: 0.63]
 0.6333041918  0.6333656279   755.735751296907   752.695199399432   752.861701020792   755.692971514642   760.668497391099   754.472961929992
 0.6362455516  0.6362834754   755.735751296907   747.822749165817   754.090183358829   754.217496983134   762.429762628527   752.528428586245
 0.6373477575   0.637368811   748.413802769611   747.822749165817   757.824989300067   749.557857931462   742.136742866615   742.240170493957
   0.63860176  0.6386091739   748.413802769611   749.969490773008   746.675458161261    746.10272825176   753.130257782058   754.233742020376
 0.6397446377  0.6397526267   740.464625199876   749.969490773008   748.859398476754   745.297288512881   747.080466600602   756.215312995003
#[time: 0.64]
 0.6402536756  0.6402715599   737.203852929583   749.969490773008   746.111573846382   749.286251014827   745.279937919436   755.126510112872
 0.6409146555  0.6409236958   746.109094305141   749.969490773008   743.382789311677   742.683475234869   746.912271552621   741.267270153128
 0.6426551477  0.6427110318    748.70418052084   749.969490773008   752.246125767722   753.521289573574   746.273549239004   745.816828506327
 0.6446933572  0.6446990736    748.70418052084   740.356878443959   754.934606194341   755.592066825353   745.400705351126   744.972571169185
 0.6453096913  0.6453385385   731.826803864336   740.356878443959   748.841505869373   746.038953700885   734.218870638269    741.64631181933
 0.6490958794   0.649108266   741.367142925298   740.356878443959   736.482199726012   741.203938589141   732.469957194838   732.285951458916
#[time: 0.65]
 0.6511578316  0.6511728997   741.367142925298   743.150138805904   748.811259658545   747.943792471199   735.638407619022   733.466735108332
 0.6554437019  0.6554505471   741.272002811292   743.150138805904   742.645098193836   744.465822078985   742.805132701256    742.99521275632
 0.6562468812  0.6562702273   741.501866544952   743.150138805904   746.848755969325    747.60644689102   738.636691478609   737.779654981247
 0.6577015078  0.6577819355   741.501866544952   745.291282287245   748.804584340441   750.261705602262   744.309866088723   745.016657266679
 0.6582975342  0.6583461327   748.766730821239   745.291282287245   747.386979128568   748.834153536972   739.406693825113   738.972604681373
 0.6598836565  0.6598950894   748.766730821239   749.563150588035   751.512962665359   750.112289854853   744.437484430296   742.776560178235
#[time: 0.66]
 0.6632809243  0.6633136632   750.700860185713   749.563150588035   752.651454800523   753.062670400617   744.103193044868   745.202961677529
#[time: 0.67]
 0.6728746926  0.6728771777   750.700860185713   754.560683310525   754.248462224278   753.376197354342   745.700718602493   745.536662582773
 0.6730419326  0.6730817622   752.091109423664   754.560683310525   757.081011939335   758.895746827078    753.93491115219   754.016204896969
 0.6768459902  0.6768742869   752.091109423664    748.95746798126   757.179735468557    758.76634251779   754.379312076572   752.261842504317
 0.6769985386  0.6770287847   752.091109423664   756.890486081098   758.350005177785   756.614857376053   760.114396723539   765.450861668065
 0.6780086742  0.6780183561     740.9843328429   756.890486081098   754.587628944021   751.921438315185   741.128960084117   761.720007545632
 0.6782524256  0.6782781771   760.972932908955   756.890486081098   748.114222025995   754.564526165503   753.894387224449   754.619979505218
 0.6784979462  0.6785503471   760.972932908955   767.120241946796   758.393947278044   758.927861027382   767.757739318236   774.050258933784
 0.6795892905  0.6796459011   770.547821628273   767.120241946796   766.706700332093   771.467678396612   762.763193668919   773.774471704305
 0.6799720445  0.6799849928   770.547821628273   776.710502991836   775.200107911895   772.996049728131   771.044351155285   766.738630502926
#[time: 0.68]
 0.6805876579  0.6807265588    777.88512415681   776.710502991836   778.738466861155    783.23858649001    778.97389618623   778.441431785638
  0.681197204   0.681242359    777.88512415681   776.507200026165   779.905258357556   779.564688584993   770.034848600428   767.355849259248
 0.6860034308  0.6860104666    777.88512415681   774.097686757456   781.630970011157   780.979315901825   779.140335840226   777.170668632976
 0.6862925539  0.6863328062   777.022502898887   774.097686757456   780.532818527854   777.463256263596   772.265353131098   772.606028251754
 0.6891088332  0.6891124921   777.022502898887   785.070666673345   775.237578348065   775.721832302843   781.144873270952   782.375563067264
#[time: 0.69]
 0.6946265188  0.6946287932   777.022502898887   782.848602610328    781.77738211854   782.402756829742   772.018772198743   772.795084783109
 0.6967043485  0.6967185789   773.216700659569   782.848602610328   784.074788306644   785.992688316479   777.209384714767   785.076338080586
 0.6968446052  0.6968939961   789.138220365319   782.848602610328   777.594934251549   781.028712915607   779.094478246532   781.740859268458
 0.6975885322  0.6975980418   789.138220365319   795.004384110305   791.385876109807   788.464011107779    791.54400428484   791.231847931623
 0.6983880972  0.6983888068   789.138220365319   789.855888116565   794.485874666502    797.82777232447   782.128528365996   781.177855903483
#[time: 0.7]
 0.7009285134  0.7009285136   789.138220365319   789.855888116565   793.089343446168   793.381725139853   792.981748060986   793.276169130044
 0.7017590989   0.701841028   786.590962049254   789.855888116565    793.22304521073   793.670153110857   784.919915800225   781.413048398782
 0.7021251592   0.702139192   786.590962049254   787.769852847828   789.283466352997   789.820106615947   781.601176153966   780.606351153159
 0.7022815961  0.7022991759   783.737200810242   787.769852847828   792.528801566651   793.302427532561   786.670075467591   787.366452657902
 0.7035549894  0.7036135059   783.737200810242   778.377772695969   789.217354379417   791.371899533422    785.29988721701   777.094079727382
 0.7039046748  0.7039398701   783.737200810242   782.596327982028   781.611882897748   781.188710709238   782.571222762804   779.064742816466
   0.70421981  0.7042198428   783.737200810242   784.654214322454   785.347738975956   784.823569612105   785.662403050423   785.796431836948
 0.7075166444  0.7075202788   783.737200810242   789.727627519462    787.53778760443   787.884343322057   785.859124947442   785.296947315379
 0.7080511439  0.7081205156   791.898067619507   789.727627519462   787.902206752418   789.399527284935   801.061108354259   796.645520891317
 0.7082936008   0.708317937   791.898067619507   790.165128213592   794.706619929377   793.469102742426   784.547819934491   784.377907107052
#[time: 0.71]
 0.7109466271  0.7109491829   792.309995610834   790.165128213592   795.739914459985   795.241224477423    790.79304441688   791.103721104968
 0.7144727145  0.7145007528   792.309995610834   773.726263589254   793.822749226988   792.940638832658   796.559707511315   780.185438732821
 0.7146651548  0.7146934316   792.309995610834   794.084306868568   795.872649980174   781.916564487345   791.327083662416   788.892289428616
#[time: 0.72]
 0.7216764274  0.7216933649   792.309995610834   797.282402578455   789.472214860596   799.144355175764   791.843419761756      790.439404954
 0.7234174858  0.7234175399   792.309995610834   796.103546677946   798.479658947713   801.634324208939     796.6880498102    800.82818598178
 0.7242354752  0.7243580673   792.309995610834    794.94369672788   798.990031052604    803.27134406659   797.927729849246   800.103171202476
 0.7279829801  0.7279896084   795.701466226825    794.94369672788   796.265367330455   797.599695952584   786.044427651608   786.865355760887
  0.729352085   0.729372093   795.701466226825     796.3225160166   797.920780819674    797.77418027322   787.448360843009   787.435219765699
#[time: 0.73]
 0.7305326488  0.7305779544   795.701466226825   789.990872358998   797.224141068915   797.363301590765   792.255801108126   792.712157321096
 0.7321650339  0.7321816704    793.57422591919   789.990872358998   796.909749798478   794.314856281786    783.66094746303   784.558303566119
 0.7332469326  0.7332689011    793.57422591919   795.474650246162   792.598567183179    792.21867140251   788.099015204192   787.834180966512
 0.7338000412   0.733814597    793.57422591919   796.510840345901    796.39695459805   797.331859903235   786.807708616181   787.092313266409
 0.7342002816  0.7342151713    793.57422591919   795.779460762611   799.012754506312   800.517534457378   789.921175579711   788.270148074681
  0.736728058  0.7367787928    793.57422591919   799.931488487346   801.309110611632   802.436444005924   794.793279076746   790.566860989731
 0.7382594226  0.7382677531    793.57422591919   793.019811728432   797.210690574349   797.589604129145   783.472193960256   783.480350536588
#[time: 0.74]
 0.7400865298    0.74008653    793.57422591919   793.019811728432   794.079619804923   794.031659297094   794.066629550425    794.02167270789
 0.7405034643  0.7405289509   792.177409927622   793.019811728432   798.067279599657   797.868539796043   801.195429059556   802.403907311182
 0.7420396167  0.7420423272   792.190143609379   793.019811728432   793.204756567875   793.486764784283   796.380633233756   796.882810609993
  0.743101288  0.7431293495   792.190143609379   798.130516076157   794.065575855114   795.164564961702   793.932820655995   792.742725370762
 0.7457120352  0.7457120601   797.334171406653   798.130516076157   799.229125719051   802.603438866811   803.591762297393   804.148329509354
 0.7469789402  0.7470039251   797.334171406653   799.517758239856   802.598726762005    803.01244878087   790.570453109375    791.03689120398
  0.747800987  0.7478490192    797.15466157539   799.517758239856   802.625717024203   803.499638256419    794.79885443643   793.649457481687
 0.7492841727  0.7492843284    794.19494061523   799.517758239856   801.803444613539   802.381654583295   797.616808748216   797.834447780057
 0.7496292444  0.7496606149   793.341349818864   799.517758239856    801.74369512285   805.048912824685   799.178304190746   803.569131993646
 0.7497355782  0.7497459202   802.294576360415   799.517758239856   797.546329479646   799.098842002353    792.30888354824    792.87557846102
 0.7498879056  0.7498899481   802.294576360415   795.356773402053   805.417192562347    803.92324667629    810.00076741869    801.00909812655
#[time: 0.75]
 0.7530296359  0.7530513673   802.294576360415    804.99628276547    802.51685071256   800.137297513018   796.570360997267   794.877529289724
 0.7543369339  0.7543645655   770.090957629532    804.99628276547   805.379589570606    806.25626576847   778.699532625946   806.249764488794
  0.755278283     0.7552884   807.324969139921    804.99628276547   780.390278679626   796.170535524387    803.41492263288   803.735279970999
 0.7565122118   0.756513925   807.324969139921   829.690398659252    804.94608076772    805.48304024029   814.142073877816   828.212593599395
 0.7568450197   0.756852911    834.42158021707   829.690398659252   817.549583511309   825.067990695619   824.043255242028   823.334520574384
 0.7572782932  0.7572924529    834.42158021707   820.419569400935   837.098732020534   835.181372130153   835.935130102291   822.587651330725
 0.7575761286  0.7575913319    834.42158021707   828.599111838907    830.89659236712   826.993741059964   835.057714183935   831.229790807225
 0.7583891641  0.7583915293   827.613763115825   828.599111838907    838.33734946292   835.356545951396   836.889036554024   836.761093535073
#[time: 0.76]
#[time: 0.77]
 0.7708012255  0.7708112096   830.634110062177   828.599111838907   830.839489174765   831.309120014399   820.466981452553   819.943700673425
 0.7708402931  0.7708458767   827.462410599612   828.599111838907   834.937991954999   833.935829937029   817.295901209997   826.589394316014
   0.77270057  0.7727170321   827.462410599612   811.758163504247   831.760870431366   832.370457818372   824.856876558298   816.849450930882
 0.7728304629  0.7728304631   827.462410599612   811.758163504247   825.296254685821   817.123274598508   824.997943232854   816.858495523524
 0.7729223531  0.7729465193   804.931692154722   811.758163504247   830.443461040861   818.876558524018   808.499178621856   807.927585249519
 0.7744870459  0.7745050936   815.661531193362   811.758163504247    811.96612813047   814.928019009877   826.073584679719   821.576204368372
  0.777256796  0.7772651763   815.661531193362   821.748031490612   817.480069191858   815.119414675674    817.42199068229   820.240453413542
 0.7775944964  0.7776099429   815.661531193362   806.040275136985    820.69973994231   825.914863276555     817.9487095725   808.626975718487
 0.7791969459  0.7792089156   815.661531193362   817.024923288301   814.703049418563   812.490241349551   817.130953160767   817.268786887459
#[time: 0.78]
 0.7813635212  0.7813650164   815.661531193362   816.469934239353   817.561965166912   817.688375044126   806.356131846318   806.233340272554
   0.78509059  0.7851064527   815.661531193362   813.459657473373   818.981516073199   819.131888742437   820.173893025726   818.812115259869
 0.7852529548  0.7852534483   815.661531193362   828.401774309086   819.562195663763   818.913035242043    822.43148516971   823.622199000108
 0.7852739408  0.7852873083   815.661531193362   822.457163540578   822.422965544029    832.85680955173   813.306673895222   812.633077503564
 0.7871909323  0.7872721148   828.200323156252   822.457163540578   823.456109130064    827.63275719925   817.711296072931   817.879548813632
 0.7878777114   0.787883982   828.200323156252   832.974614266213   831.698491614858   829.019850734235   833.504330471356   837.743017696245
 0.7880414935   0.788051763   818.744555819295   832.974614266213   832.422482032837   834.799287321908   826.897884382146   835.472478664862
 0.7898611979  0.7898675185   840.964316008886   832.974614266213   825.261621520416   834.084722788976   834.792698369549   835.498559750623
#[time: 0.79]
 0.7910861612  0.7911122049   840.964316008886   850.644590878998     846.1876992192   841.147284509228   845.358280428087   843.466113710625
 0.7911928026  0.7913803724   840.964316008886   848.247910969967   845.774416109436   847.222673428344   850.115876407396   858.488687613688
  0.792016569  0.7920392426   840.964316008886   836.418062194822   846.003039198231   847.890006295525   844.282905638861   841.476361022891
 0.7920652887  0.7920857609   840.964316008886   840.237138723315   843.369043134125   841.518646807044   845.021431136277   839.506848550726
 0.7935599579  0.7935605369   842.820720180513   840.237138723315     844.3871306412   843.954432022222   834.183977153926    834.23824475757
 0.7938871074  0.7938949828   842.820720180513   843.507181249001   844.731310813514   844.025115612195   834.584737516043   833.633213216857
 0.7946900447  0.7947197692   853.871122068332   843.507181249001    844.30372850517   844.434431328033   855.211004747724   851.295881366322
 0.7949821596  0.7949908693   853.871122068332   854.792299555046    847.85955830519   848.975336413077   854.084827902935   854.054395359108
 0.7954027689  0.7954428477   856.265748721946   854.792299555046   855.952728412239   856.220992469476   848.217662593032   854.089182820344
 0.7986983623  0.7987139166    846.19955142885   854.792299555046   858.609158036585   857.811354708925   850.518442659478   862.800097526231
 0.7988162998  0.7988168348   858.805657556786   854.792299555046   852.851494830211   858.492864918496   856.343344534153   856.485596338012
#[time: 0.8]
 0.8002028264  0.8002632756   858.805657556786   860.994935324476   865.854853959502   862.608291883598   860.003964780612     860.0607955764
 0.8028335553  0.8028397492   863.194309150153   860.994935324476   867.287462801232   868.839208674787   856.640290361607   857.268657359605
 0.8028704031  0.8028798265   863.194309150153   849.244099245721   867.631077948838   866.555167065985    865.71855881647   853.888532441421
 0.8032484055  0.8032666892   863.194309150153   861.663167197973   860.937977515148   857.025096593367   858.145181702129   858.591312321017
 0.8057308853  0.8057711294   863.471359792562   861.663167197973    867.62685597032   867.039563489228   854.077691094701   853.979701783165
 0.8069608491  0.8069636924   863.639932338776   861.663167197973   865.130259734367   864.720254934891   853.793236537252   854.217825671886
 0.8092531733  0.8092560262   863.639932338776    865.90040096177   861.950367340317   862.060431458646   855.360741926069   855.585574513099
#[time: 0.81]
 0.8109700514  0.8110096034   863.639932338776   866.184574893998   866.679687383857   867.375873164293    856.52738929041   856.810552132063
 0.8119419494  0.8119426527   863.639932338776   877.266570696205   868.022600170944   869.195541799286   865.647609400823   873.752588865286
 0.8127176384  0.8127278706   873.226592347178   877.266570696205   870.016072894661   879.020082576731   879.958166756889   883.515649132075
 0.8133052638  0.8133160326   873.226592347178   874.219017233652   875.416313319892   875.796876793973   868.823875813478   868.253387085551
 0.8134244103  0.8134510135   876.366617493073   874.219017233652   877.866908108651   878.530056948966   870.484112698069   870.606549056965
  0.814728275  0.8148278988   876.366617493073   879.809914791367   878.725764889966   878.033962048185   868.418441003551   869.371977341257
 0.8159390694  0.8159521502   876.366617493073   879.092425375121   881.186947790768   882.447539915935   877.908800039671   880.879693239154
 0.8174663019  0.8175539083   886.015728821768   879.092425375121   878.542081481935    878.87097522557   878.557712495477   878.753186367483
 0.8194184673  0.8195135922   886.015728821768   887.195800608688   883.304675724282    882.90337317762   883.642047102423   882.338105859019
#[time: 0.82]
 0.8211258033  0.8211621075   885.023021851105   887.195800608688   886.097611979555   886.976375437496    877.91726583662   877.668875483761
 0.8227574374  0.8227842815   885.023021851105    885.78570535454   889.072319547596   891.152961933748   888.642243340645   888.881437410553
 0.8280050291  0.8280975384   884.622529941937    885.78570535454   887.145748603949   887.264996248727   874.394721715333   878.321745174401
#[time: 0.83]
 0.8338257003  0.8338369367   888.530447177168    885.78570535454   886.585437265826   886.942276880755   883.040146010663   887.604141559965
 0.8370795245  0.8371207829   887.810776883115    885.78570535454   888.396672976529   888.144879924165   880.992803375329   883.684644709066
 0.8383452758  0.8383920087   887.810776883115    890.28244785334   894.268314509825   892.272744429563   886.085764194214     885.1989549971
 0.8396439357  0.8396465139   899.436122017677    890.28244785334    889.97882543518   890.586955418749   899.005213824598   895.645296192787
#[time: 0.84]
 0.8404115042  0.8404549263   899.436122017677   902.895214589728   898.459705086523   894.298221303897   896.144618641189   893.237581046456
  0.840520282  0.8405960421   909.422593446423   902.895214589728   905.431149535594   907.009634180141   908.814082805026   906.077373796716
 0.8409346248  0.8410406666   909.422593446423   905.049207125302   913.038049975952   909.640931584793   914.210183416521   910.896824251344
 0.8415048008  0.8415319085   909.422593446423   916.948851287567   913.132503096738    910.05895189567   914.447909818802   915.930218640342
 0.8423197497  0.8423231487   919.131708559284   916.948851287567   911.884417031072   919.004014167134   918.884902293806   918.027768357479
 0.8470504618  0.8471045387   919.131708559284   917.643939738059   920.085036690069   919.666223047152   927.809507927274   921.665960827279
 0.8483374627  0.8483450262   919.131708559284   921.015408142367   923.825775666336   923.035630182456   911.594235122429   910.637167307474
 0.8491401419  0.8491402154   909.906756730162   921.015408142367   925.332308461508   926.271220001855   916.132521043016   920.080462975349
#[time: 0.85]
 0.8517488002  0.8517626169    920.14780166021   921.015408142367   916.022128793146   918.014621099059   917.376058359178   915.011224661013
 0.8522715653  0.8522774914   924.375886837173   921.015408142367   920.727589507097   920.789452070212   915.512536921074   915.677754292214
 0.8539108149  0.8539135093   924.375886837173   937.468436507432   926.553294488332   925.440714923507   930.081011102062   937.486697526373
 0.8540656253  0.8541436137   936.244352312793   937.468436507432   930.302877920153   931.960064236105   939.950668134583   940.691534576461
 0.8560377929  0.8560491386   944.080851987405   937.468436507432   939.509221526919   939.947842257049    937.57147435173   940.418848330953
 0.8560759814  0.8560894118   944.080851987405   947.859801004104   947.975357681077   944.229762378333   943.604583701874   937.373508710351
 0.8593905219  0.8593932081   951.643072886081   947.859801004104   946.791293361489   947.276580008752   943.273551334678     943.2252126213
#[time: 0.86]
 0.8601141863  0.8601643019   951.643072886081   950.119663895389   955.489805472896   952.450599278004   953.779071335336   951.860058008713
  0.860205414  0.8602447527   951.643072886081   945.333855163818   955.032163541178   954.125293759106   955.850882275368   948.892210850264
 0.8622152795  0.8622158186   946.612436065058   945.333855163818    953.45401908388   945.797699473318   956.551477728479    955.16091121524
 0.8636733089  0.8637040037   946.612436065058   949.617532631946   951.869898638508   951.150155949948   940.794929234451   939.732571081914
 0.8641533294  0.8641564841   956.152311823781   949.617532631946   950.477236292639   951.450460516327   951.749717478585   952.328818901769
 0.8652543483  0.8652601249   956.152311823781   948.592909524239   958.885483202748   955.639044535591    955.38562289196   952.962441136241
 0.8675470433   0.867626204   956.152311823781   957.171599707027   958.003809650322   953.496474688652   957.647017965269   957.750002994489
 0.8688657125  0.8688937746   949.700229781516   957.171599707027   958.631763067387   958.785500259303   954.941634805332   959.179258338782
#[time: 0.87]
 0.8707354589  0.8707357026   958.312720952566   957.171599707027   953.914070733655   956.064794833011   948.297709435015   948.244826535028
 0.8719667788  0.8719790485   958.312720952566   967.779087506806    961.30432859299    960.76667104774   962.994001621011   965.368899193733
 0.8720115373  0.8720484483   973.051278882171   967.779087506806   965.563856802672   969.310544485974    964.14504826164   964.002061980314
 0.8737738537  0.8737853342   964.959459021011   967.779087506806   977.533200128684   975.247634026491    966.08367112118   976.169746171336
 0.8759662836  0.8760164823   964.959459021011   968.553474287687   967.772270738247   968.383783698218   965.046218815161   963.127786618559
 0.8760467281  0.8760666504   975.698339669773   968.553474287687    968.14537984113   970.262168832507   970.647552990265   971.435692352119
 0.8763029583  0.8763060531   958.124744712137   968.553474287687   980.522911158788   976.762013207224   964.361981526455   965.109483543941
 0.8772082866  0.8772718902   970.142958323963   968.553474287687   963.856956150771   965.030582346873   962.600789080391   962.933769162296
#[time: 0.88]
 0.8837252005  0.8837841428    971.72162199899   968.553474287687   967.980188022258   968.206625119132   963.376177686957   967.003845252218
 0.8839884084  0.8840299889    971.72162199899   975.324873816654   971.453465180792   970.814286565261   967.528639602252   965.627411031915
 0.8842084002  0.8842376546   969.522678846181   975.324873816654   976.005262084439   977.636677661323   968.800650094656   967.583212698964
  0.887399642  0.8874225646    977.36406398586   975.324873816654   973.317638288841   970.828897947902   969.594652736002   969.636630013759
 0.8875610296  0.8875801202    977.36406398586   983.463678700889   985.659050959485   983.726041852136   980.866389190856   982.137824337136
#[time: 0.89]
 0.8915619551  0.8915820026   985.757057564849   983.463678700889   980.849648050551    982.37298812391   981.002548057205    982.53498137904
 0.8915923139  0.8916172245   982.899878616117   983.463678700889   985.123682800324    984.94720092487   982.906621308455   982.820198821103
 0.8950346437  0.8950641421   985.467194872228   983.463678700889   981.532193674147   981.734235589186   984.271182282571    984.33732489643
 0.8959398806  0.8959811653   985.467194872228   990.185647938516   988.569322003032   987.791831405233   984.169067560281   983.858309348362
 0.8984909339  0.8984926383   988.899109342468   990.185647938516   988.300523392444   988.967371536889   984.838115701916   984.417645690174
 0.8995340508  0.8995523961   988.899109342468   990.572921169932    987.91226035901   995.266540068943   987.589631828494    987.22677217792
#[time: 0.9]
 0.9022499304  0.9022560709   988.899109342468   990.826855998137   986.816417622956    986.73012758553   992.638889122454   995.368524531997
 0.9052690546  0.9052763446   988.899109342468   981.351999364283    986.16919963378    992.93513217594   982.864981522921   984.852628193677
 0.9053294756  0.9053529642   988.899109342468    989.80793717871    989.62614493198    987.44308845826   981.967059555003   981.216868483897
 0.9056601534  0.9057129644   988.899109342468   977.129284867157   995.955026147281   996.704092320153   986.881302486459   984.104315898794
 0.9061134769  0.9061167856   988.899109342468   986.430601517409    990.95582668906   982.491154844769   984.730928332908   978.922458607493
 0.9066326684  0.9066480464   988.899109342468   992.428857384361    984.86310400704   990.553019767356   988.103521250928   987.699521725848
 0.9066938273   0.906703073   997.305493139615   992.428857384361   994.403089847528   996.564028926131    996.40110835706   995.789317331659
 0.9067773728  0.9068108974   997.305493139615   999.729327969012   994.613865467736   994.692536289977   991.286234427678   989.809387065308
 0.9078466133  0.9078511486   1024.27788633908   999.729327969012    999.13341901273    999.69706439901   1024.52419599657    1006.7215680657
  0.907976058  0.9080048411   1024.27788633908   1029.09793213243   1021.98288175936   1009.54496302409   1026.03958891085     1025.873611408
 0.9099773644  0.9099810013   1030.97841543613   1029.09793213243   1028.41381589519   1030.59972946312   1022.26869181393   1022.80359177518
#[time: 0.91]
 0.9117345595  0.9117370744   1030.68555291407   1029.09793213243   1032.60435147675   1032.24454211619   1021.42056989568    1022.2176829328
 0.9122522421  0.9122660423   1030.55804376339   1029.09793213243   1033.13111169218   1032.60887399427   1023.27918621095   1023.37915799421
 0.9133796318  0.9133925519   1030.55804376339   1043.36723407743   1029.55293812771   1029.66601967937   1036.69940150385    1037.7179459785
 0.9147214627  0.9147214629   1030.55804376338   1043.36723407743   1037.13925991034   1046.99442141783   1037.56620440286    1046.8081152136
 0.9159678552  0.9159731682   1046.21220252571   1043.36723407743   1039.34736240465   1049.62647984961   1035.73087655437   1036.48910458646
 0.9167603974   0.916772501   1046.21220252571   1044.31302010226   1048.28461437922   1046.49677542441    1037.9345216083   1037.59521159626
 0.9181582041  0.9181603441   1038.87357076804   1044.31302010226    1048.3622372353   1047.21796126345   1037.15207638518   1036.71709596287
#[time: 0.92]
 0.9213507528   0.921402854   1040.85157040534   1044.31302010226   1043.63460267969   1045.59172626324   1041.29808127751   1040.28982438896
 0.9223488873  0.9223730869   1043.41373586444   1044.31302010226   1044.13090644775   1045.42020379916   1046.28032333864    1043.8589415894
 0.9280471944  0.9280702455   1043.41373586444   1040.76797053219   1044.12925823611   1042.08800821516   1047.83316995131   1045.88951869599
#[time: 0.93]
 0.9326597752  0.9326650491   1043.41373586444   1052.36430207099   1043.46683267723     1043.011265467   1049.66911862347   1052.50575171851
 0.9335236433  0.9335857266   1044.76681228503   1052.36430207099   1050.10045841083    1055.2694408521    1044.1756312023   1059.82785529945
 0.9387077164  0.9387358723   1044.76681228503   1051.17351474181   1050.20335124566   1052.92114601468   1043.96672583777   1044.03289385488
 0.9396490731  0.9396719441   1053.64200933382   1051.17351474181   1048.91158848563   1052.04432566305   1048.88252219084   1050.33637670177
 0.9398338409   0.939879967   1056.38156538033   1051.17351474181   1052.21799014638   1052.28858854756   1055.38021121055   1054.68634569441
#[time: 0.94]
 0.9414494317  0.9414933408   1056.38156538033   1054.16852333664   1053.79118306546   1053.78197620844   1060.27040119168   1058.58445836743
 0.9433037401  0.9433080421   1051.13252194273   1054.16852333664   1061.84141762893   1059.76420805341   1055.37075882738    1060.9531894525
 0.9492241992  0.9492284757   1051.13252194273   1053.62637501747   1058.83687575046   1062.12375104126   1044.38232871535   1044.23351618804
 0.9494689867   0.949523762   1063.51850711934   1053.62637501747   1053.46227109029    1054.1510742531   1058.79578150017   1058.58917344595
#[time: 0.95]
 0.9502776843  0.9503482653   1054.35503412506   1053.62637501747   1068.69504282837   1060.57603058902   1052.45333267487   1053.17704402664
 0.9566144713  0.9567041447   1056.66603314455   1053.62637501747   1058.72264079434   1058.37506162088   1063.73244704673    1060.3734890865
 0.9585080991  0.9585202877   1055.91920853879   1053.62637501747   1058.15123301935    1056.4619770133   1047.53659970508   1048.86139792716
#[time: 0.96]
 0.9639525775  0.9639693816   1055.03371038571   1053.62637501747   1056.05075580911   1055.74936346587   1054.13370194497   1059.54362702679
   0.96546305  0.9655223265   1055.03371038571   1054.40136919557   1061.57322620799   1060.48236906607   1048.46932455366   1049.65786116304
 0.9686541093  0.9686590439   1052.86939251722   1054.40136919557   1057.89627410996   1057.48858028984   1056.77034876365   1054.09822986242
 0.9691325102  0.9691417722   1052.86939251722   1029.94242412814   1053.82901965161   1051.23431787348   1053.69077830807   1035.92917399824
 0.9697634819  0.9697733044   1036.26681047343   1029.94242412814   1049.80431458009   1039.35361619512   1031.44934464797   1032.79860477907
#[time: 0.97]
 0.9702327748  0.9702848479   1036.26681047343   1044.01558588574   1035.97224698996   1034.53954974894   1039.10227002717   1036.83820291556
 0.9711427168   0.971160789   1036.26681047343   1040.95367249493   1039.32862366222   1045.03491620298   1036.87904242292   1034.33870431257
 0.9713778092  0.9713827562   1028.08101296659   1040.95367249493   1040.57414506194   1041.93533394576    1031.0094105297   1041.05834625362
 0.9728304964  0.9728514435   1035.05826355168   1040.95367249493   1034.13312291099   1040.03904349857   1041.45941267972   1045.86881190373
 0.9729651207  0.9729787758   1035.05826355168   1038.30237139064   1031.19419933906   1041.97407845977   1027.65780777698   1027.82484064186
 0.9756380137  0.9756734946   1045.39757790582   1038.30237139064   1040.24374362365   1041.68794145671   1045.72507558322   1041.03767163546
 0.9760666439  0.9760972414   1041.49985527815   1038.30237139064   1048.73130937805   1040.08564441456   1031.67597206624   1033.10726095182
 0.9792379326  0.9792418882   1041.49985527815   1045.02558780837   1045.69050598454   1043.94635444797   1036.23480703466   1036.25476749657
#[time: 0.98]
 0.9807213978  0.9807313105   1041.49985527815   1045.59253530348   1040.64237493686   1046.17523892854    1046.8835492984   1050.79491202379
 0.9828493234  0.9828593182   1040.94287458626   1045.59253530348   1047.23647452292   1049.56586653394    1050.7501799605   1056.07886243409
 0.9845613386  0.9845787461   1040.94287458626   1045.46823513232   1046.14154564818   1049.68865388915   1038.20473694789   1036.74030073564
 0.9875581852  0.9875675796   1038.93344000448   1045.46823513232   1044.08862506557   1044.63855484994    1046.8184427142   1054.60401505338
 0.9878179085  0.9878565542   1051.84548196408   1045.46823513232   1043.75724483201   1047.85985257113    1060.3204340793   1054.40533763529
 0.9888848665  0.9888906445   1051.84548196408   1058.14082480341   1050.04473829668   1048.59784857411    1047.2242992388   1047.77247540588
 0.9891790008  0.9891842616   1051.84548196408   1050.23587628794   1048.87778054524   1058.55588329614   1043.36972572545   1043.37736482284
 0.9899075701  0.9899300262   1052.49473983316   1050.23587628794   1053.39434017039   1052.24533429238   1042.17059693841   1044.22364044818
#[time: 0.99]
 0.9908621657  0.9908688374   1050.92462350267   1050.23587628794   1054.17115453916   1053.58300919232   1049.55548807476    1049.6006485151
  0.994609352  0.9946390304   1050.92462350267   1052.73851447791   1057.66671634377   1057.15991929337    1044.1646288662   1044.06394719335
 0.9967577364  0.9967734099   1050.92462350267   1054.06548885116     1053.028256681   1053.20249407848   1053.38997687588   1048.41243368136
 0.9978354294  0.9978471577   1050.92462350267   1052.75037940704   1054.02705496314   1055.18341661974    1050.4029092187   1050.14970249056
 0.9981543906  0.9982005259   1050.92462350267   1051.74558565321   1056.43964086599    1057.7739111798   1043.26598392964   1043.28595069835
 0.9994617586  0.9994809817   1050.92462350267   1051.87535774476      1053.61982478   1053.84112884456   1043.88777905201   1043.79562407562
