# command line: ./generate_stepping_data --k_b 100000000.0 --k_ub 100 --cb 0.1 --cm 0.4 --ct 0.2 --ls 10.49 --lt 23.8 --eqb 120 --eqmpre 200 --eqmpost 224 --eqt 0 --dt 1e-10 --label paramSearch-exprun --seed 1.0 --runtime 1.0 --framerate 1e-10 --nomovie --exp-unbinding-constant -8.0



#********paramSearch-exprun__k_b-1e+08,k_ub-100,c--8,cb-0.1,cm-0.4,ct-0.2,ls-10.49,lt-23.8,seed-1,dt-1e-10********
#time_unbind, time_bind, nbx_bind, fbx_bind, nmx_unbind, fmx_unbind, nmx_bind, fmx_bind
#[time: 0]
  2.23157e-05   7.62336e-05                  0  -1.47676854026821   5.40254745180448   2.43047766240134   -7.0607510443706   -7.0392005668472
  7.73906e-05  0.0001752034                  0  -12.1281254368115   6.95359929510407   5.97032861192428  -4.82486625491073  -18.5182160469174
 0.0001755911  0.0001773387  -7.44692604863582  -12.1281254368115   10.0558286918539  -2.47119672204447  -12.9519841220603   -6.8290682617344
 0.0001797373  0.0002048018  -7.44692604863582  -5.92889995209767  -1.78637189476782   -4.3812212810011  -7.76476306343619  -8.03011894737615
 0.0002049199  0.0002686338   2.98762322496975  -5.92889995209767  -3.91553644632403  -2.99658257951195  -7.48507326550299  -8.52551555192728
  0.000270397  0.0002924651   2.98762322496975  -2.94759802310644   10.9319670845117   3.33828746617026    4.8737892002481  -2.10587926716682
 0.0002936355  0.0002974323   2.98762322496975   6.64651279602007   11.3079060724387   6.47662107533341    2.1827909415075   1.47565112803063
 0.0002990949  0.0003153921     21.01659796064   6.64651279602007   11.6353621074916    14.143427495453   28.9955750859224   10.8482299211714
 0.0003155015  0.0003279911     21.01659796064   16.6438545177117   25.1207372627134   14.2164298773429   28.2200163251895   23.8386017378934
 0.0003304229  0.0003370984     21.01659796064   19.3936745098618   27.9197069405254   24.9202519695887   11.0077509374374   11.1580496670398
 0.0003390161  0.0003492789   20.8422620475286   19.3936745098618   26.5221200755939   24.2310087707757   11.8642950469477   13.3223614935564
 0.0003497785  0.0003497787   20.8422620475286   19.3936745098618   21.4830421632859   21.3858494148851    21.629185898147    21.516341089005
 0.0003564769  0.0003570044   18.8812187077467   19.3936745098618   29.9076068625095   28.7003813452994    29.303951210014   29.8811566148894
 0.0003571178  0.0003740824   18.8812187077467   16.9589633800926   22.7484969161025   23.0056800958575   13.8205648189116    14.715198504919
 0.0003756438  0.0004132819   18.8812187077467   4.39567436061133   24.5932616790051   23.4831180233273   20.4588603066701   11.8770318050795
 0.0004133091  0.0004425808   18.8812187077467   19.7497791862548   20.0502465211082   9.65056085151632   18.3268897401306   17.2051220470775
 0.0004487777  0.0004638316   27.0810631455338   19.7497791862548       25.996113913   26.3524208040791   25.0998237430761   24.3563929924241
 0.0004652028  0.0004679873   27.0810631455338    31.012128852711   31.5211032779295   27.1856444704027   25.1021362523109   23.1549096607381
 0.0004697842  0.0004935728   36.6925234579483    31.012128852711   35.5871334050528   39.1931800993046   29.4678058001728   32.3119978197288
 0.0004937666  0.0005607457   36.6925234579483    38.291863605133   44.2780064196133   40.1082104097607   29.5169406424983   29.0845307940418
 0.0005668624   0.000604278   36.6925234579483   37.2201960030877   42.6431298693842   43.5302971353179   31.8876149786606   31.6669761713319
 0.0006171013  0.0006286924   39.7474757671834   37.2201960030877   43.4071388073276   43.6541341699889   34.6128936160336    36.263237171846
 0.0006333397  0.0006345514   39.7474757671834   41.7695251944141   48.2790683581319   46.0545272804303   37.9838987248825   37.1892727556434
 0.0006349008  0.0006659428   39.7474757671834   38.8064404220884   43.8744550120213   45.1068011562127   35.8354987499952   36.1578015636846
 0.0006690632  0.0006890159   39.7474757671834   38.3573088310733   47.6027479402057   46.9502462948878   45.3257443141104   44.2710525449871
 0.0006910703  0.0007137872   41.6063994554719   38.3573088310733   44.9900542019613   35.0490583096207   32.8873875776532   32.2890639919146
 0.0007146843  0.0007167706   35.0684709703946   38.3573088310733   50.7292198038388   47.9486456542704   32.4455211010728   29.1749174236132
 0.0007181566   0.000781085   35.0684709703946   39.5076710657135   32.7915386272952    46.775959866662   37.6135268140088   40.8793226183672
 0.0007873493   0.000801073   38.8796038683534   39.5076710657135   41.3505022716608   43.2019459573603   34.8530706821585   34.4189519859246
 0.0008038671  0.0008069935   38.6478959466095   39.5076710657135   44.6916268752918   45.0070139813123    34.853451989901   34.6772299152699
 0.0008109633  0.0008109774   34.5796517222548   39.5076710657135   42.9778355968887    43.485078158137   42.7214242299984   46.4246035140074
 0.0008126545  0.0008368858   38.4122446098174   39.5076710657135   43.5359131765882   48.3773940636323   38.6892518911238   39.6996984168256
 0.0008398152  0.0008403059   38.4122446098174   42.9788829078453   47.2962425258645    48.193565914715    40.706945448133   40.6463528776528
  0.000841523  0.0008658634   46.2294429158793   42.9788829078453   44.8655567453063   48.3804930241992   38.1937682769115   40.3191644606714
 0.0008667549  0.0009400061   46.2294429158793    50.500083004914   52.0907337058913   50.4268108826242   49.0232896105413   49.2775326767863
 0.0009432214  0.0009669872   55.1153066402725    50.500083004914   53.3339785867317   54.1249153589065   46.9342325260722   46.8659663446631
 0.0009695262  0.0009768428   55.1153066402725   44.1221439659223   55.9435027602546   54.4572962496385   62.2219715406196    51.566362501501
 0.0009772217  0.0009853299   55.1153066402725   57.2253201110036   62.0092016906928   53.8271125775219   47.1785621210242   47.7112899362802
 0.0009893441  0.0010016762   68.7131134229189   57.2253201110036   61.5559200741929   62.8002607224842   69.2598061199121   60.3339323203961
 0.0010017207  0.0010736589   68.7131134229189   63.7064097743228   74.7573697516496   66.9329442980901   77.3080328065975   71.3827759378896
 0.0010736677  0.0011277379   52.9935202668068   63.7064097743228   78.5275565668953   73.2449923823166   59.1532931565013    69.016493181213
 0.0011281085  0.0011522913   66.7115482058114   63.7064097743228   62.0358560082208   71.2964955911535   63.7981788063812   65.1414269632529
 0.0011543249  0.0011573164   65.5700384159744   63.7064097743228   74.2701105323535   71.9068825647599   55.5935305785798   55.0767025628527
 0.0011668988  0.0011748095   65.5700384159744   66.3875017911523   73.0712654178655   71.6478809691917   62.8712271794213   62.6572050530453
 0.0011775368  0.0011794375   65.5700384159744   73.6670939698612    74.792214925687   75.3888315452467   71.0623474458126   74.4879414186075
  0.001179988  0.0012025285   77.3237625293003   73.6670939698612   74.7394137588006   79.6105101263638   82.9612324203654   78.3209604498431
  0.001203913  0.0012950338   77.3237625293003   79.1307325566976    76.925203338122   76.1298857532881   75.6304371272693    73.156046884505
  0.001303323  0.0013189512   86.1121801133485   79.1307325566976   82.8956011008973   83.2856906316242   76.3065035095841   77.6510275761073
 0.0013201403  0.0013797566   86.1121801133485   82.7066386552989    91.594775617175   86.2071816575206   87.8864835694461   86.6489949104603
 0.0013824311  0.0013869488   86.1121801133485    90.549341687413   90.7355814482587   89.1657550720916   87.0351087645284   86.2687326739464
 0.0013923339  0.0013948195   87.5070185816671    90.549341687413    95.627412486023   99.0956357975838   85.5958162475912    84.486000866462
 0.0013949232   0.001399177   86.2516590726291    90.549341687413   93.6981039151549   94.9084006075402   86.2930264621728   91.7504832782671
 0.0013996209  0.0014108636    84.475132311978    90.549341687413   90.5784872595338   92.0897257446033   87.5304269325214   88.0299293320137
 0.0014113288   0.001429603    84.475132311978   86.0456177103078   93.6977950903969   97.6386363903967   88.9292735172529   89.7687344036583
 0.0014332678  0.0014542483   77.3336567299365   86.0456177103078   87.4286707835869   88.1089709163456   81.5586434948998    82.071372081259
 0.0014542907  0.0014649045    84.832853128262   86.0456177103078   85.9970386131748    91.496854519632   79.0639316356267   79.0245565410313
 0.0014667733  0.0014815898    89.198859050587   86.0456177103078   88.3376051756489   88.5815669365997   88.6405619703323   88.1466420330881
 0.0014825559  0.0015073317   96.5673112047454   86.0456177103078   90.0014033607471   88.7294501815714   93.8386097898623   87.9838553827772
 0.0015074367  0.0015078971   96.5673112047454    105.41456752971   98.4167061319831   92.2626679731627     97.24871912224   104.202152014692
  0.001507971   0.001595374    104.72910363058    105.41456752971   104.258401995114   110.907430306759   95.3453217085321   95.5138817985515
 0.0015994356  0.0017157655   93.1458832691971    105.41456752971   111.645138249132   112.080935411995   99.4866420277744   105.231635717433
 0.0017159606  0.0017417199   118.700458009829    105.41456752971   100.331402715525   109.295247917372   113.544818951034    110.49610191028
 0.0017418774  0.0017748677   118.700458009829     102.4159675782   119.820226200934   112.335615745214   116.082358654755   110.085665792171
  0.001774879  0.0017781475   118.700458009829   121.989312912047   116.036387526013    110.98586557564   117.490069981982   117.067778646501
 0.0017794922  0.0017908412    125.74655558713   121.989312912047   123.764789086158   125.709874742356    126.06104874808   125.541021229019
 0.0017928653  0.0017961943    125.74655558713   106.398102249281   129.203183317898   126.703889311406   128.529984478021   114.160247917396
 0.0017963098  0.0018438563    125.74655558713   127.571894202308   122.210023569381   116.465947225644   119.509126318771   119.692187313272
 0.0018472223  0.0018491686   132.113975902847   127.571894202308   131.421944233274   132.647969301819    123.84411819717   124.404061671514
 0.0018525506   0.001874259   132.113975902847   126.430272574521   137.704447598736   135.417166957937   135.852304130914    129.99148214759
 0.0018750394  0.0018809599   132.113975902847   126.758109302633   138.574531678726      134.109924881    127.31865907366   128.687327158177
 0.0018850274  0.0019197861   132.113975902847   130.440692601236   139.238210349574   135.657250036047   126.902926653403   128.405585463068
 0.0019253083  0.0019601069   132.113975902847   132.656955888289   140.277357162005   139.169131884965   132.041822203376   131.904931489902
 0.0019602912  0.0019774307   132.113975902847   130.170077783478   140.764365654288   141.221911313188    126.07311045877    129.51404068844
 0.0019829973  0.0019830127   132.113975902847   126.893897908086   137.614704702349   136.542283564542   137.542772684528   131.398128417437
 0.0019842179  0.0019868041   120.200487456637   126.893897908086   137.795169411221   135.005742938317   122.344268427051   121.963364221634
 0.0019882283  0.0019934238   129.454724707648   126.893897908086    128.23145447091   132.231063175814   121.814797018884   122.193047415403
  0.001993638  0.0020159843   129.454724707648   135.335279784044   135.545839187753   133.385196116802   127.935718582723   126.774084232995
 0.0020170542  0.0020188306   129.454724707648   122.935669540336   137.043486069514   142.274209343068    135.66544473293   128.287068074744
 0.0020204699  0.0020519523   129.454724707648   127.119834093667   132.992044436007    130.46041472429   119.006778129586    119.74222589969
 0.0020525936  0.0020721839   129.454724707648   136.301323472948   134.299399217793   133.115761773455   132.280267208258     131.0927290114
 0.0020738653  0.0021658623   119.635759797759   136.301323472948   139.028113989198    144.04868206146   125.841349406467   142.841439647297
 0.0021661128   0.002168191   134.661473657753   136.301323472948    125.46618715882   137.240622507454   138.124523306696   139.832513875608
 0.0021707737  0.0021895743      135.663642706   136.301323472948   144.778882039202   146.410248051611   134.734055529533   134.604263567989
 0.0021908033  0.0021934424   138.237349362218   136.301323472948   144.076184022411   144.630620484469   139.452007391006   139.038049452313
 0.0022026821  0.0022037236   137.477395858565   136.301323472948     143.2544528263   142.233657734722   142.659221628368   141.607914257365
 0.0022055175   0.002207539   126.551947613569   136.301323472948   141.339607076689   140.554433885101   128.090112500418   140.878358710489
 0.0022079538   0.002224791   138.672167323429   136.301323472948   134.252147545078   138.209964891788   139.427788162727   138.326113301164
 0.0022255173  0.0022429617   138.672167323429   141.984132402332   145.746077707325   144.403096388637    140.53580035165   140.742529437941
 0.0022431121  0.0022434856   138.672167323429   127.489697576438   146.172899432879    149.66704509083   137.895353261555   130.857416084498
 0.0022438208  0.0022631182   138.672167323429   136.134543409927   141.092424185999   135.888174756396   132.163760470937   132.053960714262
 0.0022649987  0.0023072185   138.672167323429   144.970656868531   145.145660665911   142.792097930256   142.935056957495   147.041501194813
 0.0023088461  0.0023218296   138.672167323429   142.599194203687   148.068342616982   155.255589901882    131.37111269255   132.119947487715
 0.0023253443  0.0023283173   140.783385595144   142.599194203687   145.037975478389   147.394627195153   146.079858022313   149.459311793654
 0.0023374207  0.0023509727   141.506271106343   142.599194203687   147.232041963748    149.13879144637   134.454858871594    141.05258349775
 0.0023513113  0.0023606164   156.434011732105   142.599194203687   148.298750358731   149.090561892228   154.050059817317   149.591387326951
 0.0023612198  0.0023676743   156.434011732105   161.911207699819   161.132819987214   152.334390138705   158.704563237004   157.682827683215
 0.0023715794  0.0023744027   156.434011732105   157.447317706847   163.342088085521    167.66771776613   148.545650915652   148.761719053843
 0.0023754607  0.0023954001   160.908684270238   157.447317706847   164.964652427069   165.920688717849   151.383723559463   152.893315809841
 0.0024008034  0.0024066056   160.908684270238   167.579390463964   167.632073707892   164.846950472043   162.904777213704   162.354600830325
 0.0024096912   0.002430465   166.108189297805   167.579390463964   166.906709126552   170.787636760927   157.842916985204    158.12293008163
 0.0024308358  0.0024545889   166.108189297805   169.136132601737   167.340778900273   167.369607983446   162.703279017102   161.232900557409
 0.0024578195  0.0024610552   167.426355454663   169.136132601737   174.470047322836   176.556223034368   163.489533435675   163.127353561552
 0.0024614712  0.0024718323   167.426355454663   176.583919736776   176.725562071486   178.131249056441   165.569265328935   166.896921574115
 0.0024719671  0.0025084542   177.733258568193   176.583919736776   173.899139091784    174.67450857429   169.440516416494   169.491751698692
 0.0025145752  0.0025162979   177.733258568193   180.442141168981    186.83655986138   185.945483443082    176.64958851143    175.30436538571
   0.00251938  0.0025615492   185.477538877821   180.442141168981   183.751694787693   185.248552033568   184.651197697788   183.186595847094
 0.0025615962  0.0026111318   185.477538877821   173.326672932607   189.364961200967   183.988268846125   194.186600273872   176.725938582143
 0.0026111936  0.0026165616   185.477538877821   182.534399398538   192.062495796998   182.284654599894   192.919224669953   190.604001632096
 0.0026172366  0.0026508149   185.477538877821   178.275063019629    194.40367940822   192.346523201692   185.902506786441   182.102803215487
 0.0026544738  0.0026720777   185.477538877821   180.439971832881   186.869101904436   184.712603252996   186.173847115124   183.568218805643
  0.002672597  0.0026929532   185.477538877821   182.264667713447    188.66209037492   186.031797578125   176.946615928904   176.229741155546
 0.0026966387  0.0027256724   185.477538877821   180.620453732606   193.948177806318   191.308687227343    193.64130697432    185.90625951282
 0.0027281082  0.0027692293   185.477538877821   183.325939177904   192.978848739998   189.094120634448   192.005376944799   183.707033989542
 0.0027728793  0.0027961449   194.630507185533   183.325939177904   192.464318715011   191.031060467833   187.735483777571   189.045688093646
 0.0027963072  0.0028090807   194.630507185533    198.70480086686    194.21195075586   191.354875579194   192.267580207334   190.969743427951
 0.0028091633  0.0028370968    203.82770711164    198.70480086686   203.073091680593   206.050912005255   205.506193691898   202.567530129306
 0.0028371378  0.0028419791    203.82770711164   206.756245552468   213.624501074084   208.730049019443   199.388635519927   198.725003977183
 0.0028460359  0.0028535853   208.628662229831   206.756245552468   209.666357362836   210.466891103209   200.009672496673   199.635594902308
 0.0028617844  0.0029385631   208.628662229831   210.053940467883   215.734678630251   214.235890816603   208.609913348656   208.529259387826
 0.0029411828  0.0029657057   211.053598211702   210.053940467883   214.222291076812     215.1869122092   201.144199038495   202.534016015893
 0.0029663135  0.0029929162   214.877574531379   210.053940467883   216.681076354347   216.188974592326   208.726306110318   210.108170105818
 0.0029930839  0.0030231719   214.877574531379   204.840900038159   221.485350077733   217.696382982294   216.101954367954   207.239109738035
 0.0030235934  0.0030617501   214.877574531379   205.046558679514   216.146039957529   211.155360753478   210.953198276696   210.555197952651
 0.0030622042  0.0030696751   214.877574531379   212.616803866673   218.060884140259   214.326438050209   213.579623737613   213.650613541432
 0.0030716973   0.003121828   219.938118480657   212.616803866673   222.780327326035   221.149143612826   221.396878094682   212.730370880805
 0.0031221283  0.0031382005   219.938118480657   222.705414318305   223.896471909085   220.177942193765   227.444565079598   229.822144019992
 0.0031386024  0.0031398972   219.938118480657   217.586919489646   228.802609660734   232.095719692098   220.841492182744   214.967148813364
 0.0031407312  0.0032213401   219.938118480657   228.374753088563   228.145891255747   226.220190721296   227.535269764747   236.190375455332
 0.0032218276  0.0032777081   219.938118480657   205.960881204924   226.862913911192   236.210036169575     218.6736937782   212.025395313279
 0.0032780798  0.0032833758   219.938118480657   217.860928631681   216.456972186004   213.614793353134   214.365168720131   215.131066425255
 0.0032851931  0.0032851933   219.938118480657   217.860928631681   226.399151660049   225.319915621049   225.893473158526   224.880041099375
 0.0032860054  0.0033301621   219.938118480657   221.116790190062   228.784091222937   226.881850079916    210.93833623404   211.202855960043
 0.0033403616  0.0033472256    229.34531624577   221.116790190062   225.012250446747   225.494838768719   218.914878714911   218.624628593491
 0.0033473307  0.0033566233   225.151281589355   221.116790190062   229.763913593923   225.926095855533   215.071234122728   214.341603682598
 0.0033578591  0.0033713731   225.151281589355   228.802889954142   231.318522277312   228.547513208655   219.690614821261   218.509274607528
 0.0033720231   0.003409756   235.399890772547   228.802889954142   233.092963128596    235.86707598003   229.034553383715   230.492268806074
 0.0034107889  0.0034353587   235.399890772547   237.721045515517   239.188791360103   236.505604448705   228.394283346087   227.834001236435
 0.0034357409  0.0034505038   234.917323180337   237.721045515517   243.926406138799   245.687755453465   229.437740791468   229.633253039141
 0.0034540827  0.0035504021   248.606091538444   237.721045515517   240.162994555275   240.837549632129   242.555344539278   243.330552796801
 0.0035508227  0.0036045029   248.606091538444   239.996930238234   249.269895217896   243.884899770799   238.689054571906   237.466939252618
 0.0036055657  0.0036543965   242.272143291116   239.996930238234   258.209205342087   249.154750484962   237.170345165268   238.015465170713
 0.0036751041  0.0036876854   242.272143291116   240.027202882217    246.07702538829   245.124284910135   234.780038912846   234.439039614828
 0.0036906815  0.0037058718   242.272143291116   243.141425862616    247.91009553774   246.922952756946   237.602741620549   235.102990995293
 0.0037144262  0.0037693869   241.714641306773   243.141425862616   249.966433662404   250.446366028655   237.973022984321   235.424306432087
 0.0037776068  0.0038181546   239.347426978639   243.141425862616   249.812166482784   250.802744942548   237.044632872144   236.180668338601
 0.0038187573  0.0038330246    230.13515519391   243.141425862616   243.616421492468   246.136727075151   233.688042936513   245.115999462489
 0.0038330711  0.0038345489   243.875669885726   243.141425862616   238.680633836463   244.862226279694   235.469947612422   236.302971092528
 0.0038404888  0.0038679284   243.875669885726   245.495526289693   248.629448978595   248.117279851159   244.722982270011    244.95420760818
 0.0038703396  0.0038712186   243.875669885726   244.834152073412   252.072737913443   253.163795388757   238.247666353057   238.114427474601
 0.0038777332  0.0039272245   243.875669885726   233.580881257808   253.827703429152    254.76276323562   241.443090629998   239.211993258585
  0.003927303  0.0039565675   243.875669885726   253.484389231687   245.601350988593   240.470103313762   248.896440358231   249.449392670793
 0.0039576161  0.0039860617   264.759121980206   253.484389231687   251.048806812282   256.542026621806   260.534778993879   259.459582943959
 0.0039863066  0.0040222358   264.759121980206   269.556983817797   269.676057477529   263.060662500802   264.492268645419   263.325156302076
 0.0040243619  0.0040719898   270.424441994478   269.556983817797   274.912126249131   277.301184925338   266.109301780401     270.5725564125
 0.0040759793  0.0040907717   276.239361595669   269.556983817797   278.651344022306   277.926090022035   279.785927019457   275.263480471065
 0.0040911535  0.0040948958   276.239361595669   278.517572415477   277.388932511539   276.399343342642   268.877721935836   269.048699623278
 0.0040977847  0.0040978018   282.325437395437   278.517572415477    282.18605735891   283.233127964741   276.895627495753   279.138070887018
 0.0040980058   0.004134043   282.325437395437    281.55230135893   286.587496756834   284.443425574143   278.434798812608   278.751274247889
  0.004136398  0.0042065522   282.325437395437   286.814867791924   288.071228545469   287.820411483949   277.650881047406   276.910422428349
 0.0042115395  0.0042258956   274.622231573089   286.814867791924    287.97830113918   289.046052135409   280.738217976415   286.013485288805
 0.0042267808  0.0042712757   287.521107528475   286.814867791924   283.205983651437   292.528321244405   281.544680501926   283.621059657476
 0.0042716502  0.0042819128   287.521107528475   288.830555801603    296.28473561063   295.722602465507   279.816247339936   280.085305148554
 0.0042859326  0.0042915237   295.180281730673   288.830555801603   297.362681115245   298.531234392949   287.596666616281   289.122992422953
 0.0042954595  0.0043710693   288.326697427167   288.830555801603   302.250133619229   296.837543412079   282.841012876538   282.200042669122
 0.0043745325  0.0044264487    279.50973714548   288.830555801603   297.925047925097   298.425112191712   284.378923312149   282.145333514635
 0.0044269176  0.0044391076   286.186979611432   288.830555801603   289.167386410789    293.65546332009   281.541013930318   281.519132924585
 0.0044401815   0.004466362   293.619709554477   288.830555801603   292.883789008163   294.996069185468      296.751255239   294.609811137923
 0.0044677285  0.0045014398   293.619709554477   300.166273324436   300.612140691607   297.517150655154   296.941931422344   296.308451472508
 0.0045016886  0.0045517797   309.406695865052   300.166273324436   299.553678743558   301.616367124657   306.008566747237   304.903295843965
 0.0045535355  0.0045756704   309.406695865052   322.849503461164   315.632095460786   309.524750430167   309.871908607858   317.692237597261
 0.0045759949  0.0045807418   325.657515065685   322.849503461164   319.178890471532   326.024650075132   326.845953909617   326.122032340399
 0.0045829199  0.0046106998   325.657515065685   327.419969019711   330.462638015634   329.463711665842   317.975315784486   318.286470770267
 0.0046126164  0.0046149375   321.547450123033   327.419969019711   330.305499928747   331.242520402005   324.454790607748   324.554381946917
 0.0046160733  0.0046396079   306.175956633262   327.419969019711   330.882514067512   336.371241039766   312.500972602842   326.248276972187
  0.004639706  0.0046399591    315.34897969092   327.419969019711   316.149420869754   322.937262666306   323.370362578012   332.056714332752
 0.0046403971  0.0046672066   312.244672995123   327.419969019711   325.175385266095   333.811912424601   318.798674667381   334.206119842155
 0.0046672666  0.0046739715   330.664110105125   327.419969019711   319.152609602064   328.899649086196   325.763192653575   326.813784407462
 0.0046768963   0.004729677   312.979437184716   327.419969019711   338.171607403017   334.394555118104   318.741127196141   332.210499935361
 0.0047298399  0.0047792073   324.448033442803   327.419969019711   320.848288731794   331.063096193484   318.087896590891   318.360875390839
 0.0047800319  0.0048040898   333.269015979488   327.419969019711   329.527469322138   330.601875511696   337.829331394384   331.920208343477
 0.0048070172  0.0048070174   333.269015979488   327.419969019712   338.355620458061   335.083526154677   338.557636624794   335.077053197141
 0.0048076256  0.0049205889   333.269015979488   335.451064934877   332.058355309443   330.664897260626   325.080071161275   325.174506634517
 0.0049208015  0.0049681495   334.638965259938   335.451064934877   336.175360291782   337.527150057203   334.481840697562   333.090450009805
 0.0049706737  0.0049779413   340.777179915687   335.451064934877   337.831899443307   338.065786949553   331.919502075363   334.222348379153
 0.0049814107  0.0049976105   340.777179915687   336.106287461224   348.629395812226   344.835280952286   351.170416802053   343.914305172583
 0.0049976107  0.0050039228   338.653847698422   336.106287461224   351.103614768272    344.09577433156   334.935685613163   335.638998811283
  0.005007869  0.0050101137   338.653847698422   337.338049484937   342.497337418492   341.666474200139   333.134290038258   328.822100138215
 0.0050105797   0.005015154   336.081895441729   337.338049484937   341.671700499574   341.364152213311    331.64717185449   331.328369696996
 0.0050181102  0.0050207235   336.081895441729   342.706427713742   343.554849682116    344.46278153927   337.359843186133   335.226934124739
 0.0050208925  0.0050783399   336.081895441729   337.583616097933   345.773253311434   352.721447301538   336.691462172273   335.727419587714
 0.0050819273  0.0051137259   341.116592210148   337.583616097933   342.000982884517   342.819443660323   333.311549012517   336.217418755467
 0.0051161319  0.0051284792   309.824030906549   337.583616097933   350.996065500782   347.566038080358   314.158725041808   336.054402502611
 0.0051285011  0.0051436413   341.248625984262   337.583616097933   319.487296450714   335.858694640995    349.63980146958   343.257189712159
 0.0051443772  0.0051627217   341.248625984262   339.362498272135   344.731174274684   343.096163476222   336.181894518181   336.450344935339
 0.0051635634   0.005176225   341.248625984262   341.920502089173   346.150493452028   345.106291277247    338.53710897897   338.286031584454
 0.0051966613  0.0052150299   343.202984519043   341.920502089173   344.207634847163    344.42914282213   334.636515629147   336.401609701175
 0.0052204852  0.0053224615   343.202984519043   334.561213584664   346.926527372204   346.409055759038   349.698007585329   338.811971694459
 0.0053237343  0.0053705464   343.202984519043   340.148836610376   342.370117999119   339.591936261333   345.434705423646   344.763742346537
 0.0053741875   0.005391458   343.885233491226   340.148836610376     347.0763772451   345.280313363829   344.214326852816   343.218228279745
 0.0053926381  0.0054525952   343.885233491226    346.31977320168    347.80466716165   346.463905052819   342.423164957419   342.107672683849
 0.0054541275  0.0054691798   333.924405980401    346.31977320168   351.979319040928   353.523426556753   341.526165594746   354.277805866529
 0.0054697245   0.005475798   349.199321078998    346.31977320168   343.289913717484   350.124257672772   341.695651690671   341.285949818076
 0.0054774946   0.005493564   349.199321078998   356.713128805124   352.757364206922   351.204470713587   352.862872479901   353.420685113636
 0.0054938162  0.0055315466    383.08858159021   356.713128805124   354.256983494835    356.22002764408   382.287466650565   364.118206490409
 0.0055315598  0.0055389724    383.08858159021   380.906888001547   382.961272581227   366.768014000029   373.647720738601   374.059789009758
 0.0055398274  0.0055880226    383.08858159021   390.270476167356   390.683291153298   389.141151271805   380.559053477488   380.367124347596
 0.0055882629  0.0056200082   388.705823852607   390.270476167356   390.179052985151   394.310665681827   382.302956239516    388.23940123221
 0.0056223914  0.0056392357     391.6853808382   390.270476167356   391.285529295232   391.821246341854   382.068434709874   384.308689174888
 0.0056402613   0.005685166   404.253592093456   390.270476167356   400.876596995786   399.666170886933   404.787734670172   394.686414958113
   0.00568529  0.0057062839   404.253592093456   406.769930148464   409.734216384785   398.841821887467   413.641451493437   417.018528171412
 0.0057064453  0.0057070806   398.619937074361   406.769930148464   408.757201576458   409.610698015253   406.932881102685   414.501025586324
 0.0057072395  0.0057205716   409.855604650065   406.769930148464   405.002199035702   408.777833242897   401.310315144701   402.244464220132
  0.005721239  0.0057251715   409.855604650065   401.481198339413   414.881715965726   413.238028968435   401.968866093532   403.554875277226
 0.0057254686   0.005747319   409.855604650065   402.771353167004   412.472690642734   408.177383966974    418.42646863812   407.609025030626
 0.0057496439  0.0057761984   409.855604650065    409.00654378865   414.734043991059   411.127279868569   401.994748299437   402.057202081527
 0.0057803954  0.0057979335   409.855604650065   411.005884654424   417.497315067373   416.948762807184   405.208315981189   404.210675676653
 0.0057991907  0.0058052647   416.401852710586   411.005884654424   417.070394998037    417.90813160621   414.421268316952   414.075237307718
  0.005809866  0.0058202821   416.401852710586   419.161338622597   419.873127814688   417.987286739729   411.066449033849   410.650291891983
  0.005829251  0.0058300522   416.401852710586   417.324978481321   423.665406203178    426.31503094407   419.242270948132   408.312216018227
 0.0058327762  0.0059988265   415.878007873555   417.324978481321   424.107655325579   412.017094642955   409.557082193735   409.799248714122
 0.0060017048   0.006005179   415.878007873555   416.598143702401   423.027053956909     424.0188648018    407.78023483178   406.693782664224
 0.0060095537  0.0060402666   419.605397272639   416.598143702401   424.622690784588   425.098926869649   425.372779095003   418.232163747758
 0.0060422214  0.0060575443   419.605397272639   421.814794034407    421.83808837134   420.950181922607   417.645106651003   416.752849712945
  0.006058517  0.0060729401   423.120789532725   421.814794034407   428.826344061605   430.220527719841   415.614920303755   415.876334361973
 0.0060734754  0.0061089684   423.120789532725   427.149438159012   432.013904218125   430.832435734455   427.813092228309   434.478592581747
 0.0061093388  0.0061262219    430.62382039111   427.149438159012   431.533421524094   434.716654017676   423.297354616736   426.924074215459
 0.0061306308  0.0061372906    430.62382039111   441.702775742097   435.705200395527   434.127162589964   437.383607872327   432.745697349649
 0.0061377653  0.0061972965   448.364323662512   441.702775742097   438.227562584407   445.052681297414   447.164610789062   445.700093126857
 0.0061991275   0.006206185   448.364323662512   440.372345795417   452.291325713842   449.011294404948    453.07630846467   446.363744025584
 0.0062069619  0.0062237036   448.364323662512    445.27273192254   451.300602003954   446.828666597748   449.653041715659   448.920418614673
 0.0062254605  0.0062300465   448.364323662512   437.384406630297   454.233633373099   452.767784297045   450.845399622527   442.526610947467
 0.0062304043  0.0062326162   448.364323662512   453.711739296258   451.791236220527    444.48986424501   446.781984884104   446.555214101687
 0.0062329776  0.0062537575   461.202156301259   453.711739296258   454.982590669035   457.254781962288    459.83657095779    458.46391520166
 0.0062555157   0.006281052   461.202156301259   462.726353204736   459.375588760444   458.112368091263   453.920649531051   453.251947177949
 0.0062847885  0.0063100682   461.946641779422   462.726353204736   466.545775227617   467.399051157928   452.640988434737   452.283546904551
  0.006315738  0.0063289194   461.946641779422   466.110266471825   469.590516590897   470.210422273078   457.155005843221   457.014313301123
 0.0063300518  0.0063367966   461.946641779422    466.89590540389   469.828779912004   471.928926154128   465.083261516782    466.07972863766
 0.0063389359  0.0063720934   464.086727852854    466.89590540389   468.236470820402   472.895057352548   462.211439099373   461.174083964562
 0.0063737158  0.0063799087   468.286162850338    466.89590540389     467.3596952674    468.04582021816   469.410692611818   470.074230172366
 0.0063801119  0.0064202674    465.95581306186    466.89590540389   469.483418418014   469.151744950283   470.839610851228   472.697088760612
 0.0064205644  0.0065047217    465.95581306186   469.230455554901   471.586670561276   472.293196603649    469.36763573435   473.005348860946
  0.006505241  0.0065186115   470.788760739435   469.230455554901   472.991250397496    475.29871460184   481.278583263458   479.698548139359
 0.0065186116  0.0065338237   470.788760739435   471.613077235187   481.278583263458   479.698548139359   480.782531071534   481.882332879912
 0.0065345745  0.0065551132   473.996406416864   471.613077235187   476.065865889839   476.488464877268   465.912418255624   467.382743962765
 0.0065552654  0.0065859274   473.996406416864   461.433669217373   478.145720695747   477.299527390126   474.219304345226    469.04453567724
 0.0065860596  0.0065893264   473.996406416864   474.564149914962   476.204426010583   469.463678629376   474.306830583053   470.415496417026
 0.0065994147  0.0066008972   482.338383295542   474.564149914962    478.96379608857   479.221316426941   476.620463082332   478.324341193946
 0.0066030337  0.0066331535   482.338383295542   481.467364719336   486.383863147954   483.077779912231   490.071083543373   488.835643590415
 0.0066331646  0.0066667411    485.10405214594   481.467364719336   491.512506319982   490.223411109141   475.022464732087   475.260445715365
 0.0066678623  0.0067376048    485.10405214594   472.266732160032   493.221944233625   490.586863637414   481.580471638788   475.539558429671
 0.0067376438  0.0067641882    485.10405214594   492.833858148251   489.868702923534   482.041028387917   490.381460263258   492.781000043535
 0.0067643006  0.0068069278   471.457058827721   492.833858148251   491.908221145793   497.681970373366   473.077882006705   495.582109071085
 0.0068069761   0.006828279   491.713280327673   492.833858148251   481.724518936132   496.199731296227   490.616838178917   490.090710697066
 0.0068305706  0.0068582344   491.713280327673   486.762343562095   495.131151654206    495.41229736644   492.181818818215   485.122644904683
 0.0068596338   0.006983997   491.713280327673   488.858923276457     498.2464623518   494.771219372459   501.007434230857   497.504839807999
 0.0069880154  0.0069880156   491.713280327673   488.858923276457   497.579910558292    495.75326510907   497.730851979337   495.908968059949
 0.0069903504  0.0070699233   491.713280327673    495.07337331993   500.888776621749   498.303863235415   493.485043601183   494.419618527275
 0.0070705822  0.0070843653   493.861663238982    495.07337331993   499.921270357604   501.924391712783   502.871226708506   504.093087121949
 0.0070861338  0.0071016439   493.861663238982   485.981107145465   500.557706522764   501.240020701528   498.609950943917   489.695876901431
 0.0071026959   0.007104784   493.861663238982    497.68596950789   501.662743307978   494.806474719543   488.532735813572   489.242479437008
 0.0071058983  0.0071249601   492.762457326632    497.68596950789   501.379470008939   504.298019316121   487.413674578802   499.639189991184
 0.0071274758  0.0071329073   492.762457326632   494.978575762233   500.085687051149   505.410911569267   485.921653053153   485.120033644458
 0.0071331018  0.0071979109   476.148499189601   494.978575762233   495.217052393814   495.940132239254   484.426126698174   494.390579021598
 0.0071979845  0.0072224121   495.987507250924   494.978575762233   486.183762381997   498.360688707077   498.064324409735    497.44618109129
 0.0072304067   0.007237201   498.380577405419   494.978575762233   504.243386443806   503.246664764992   507.157182776768   502.602951189402
 0.0072385362  0.0072632287   498.380577405419   497.806677378621   504.541766049354   502.187945675735    491.25806308441   492.462284885666
 0.0072659402  0.0073568432   498.380577405419   501.897515369007   505.998220507917   505.605526737857   495.135371118949   494.571021498858
 0.0073579273  0.0073935797   502.941141911646   501.897515369007   505.854147407548   508.921333547988   498.261091599753   498.712289736393
 0.0073944612  0.0073944943   502.941141911646   505.558948288359   511.516610143595   510.725181928279   504.403109960484    504.58235462034
 0.0073994799  0.0074225734   514.631526067845   505.558948288359    506.30033559887   502.245997864077     504.9742865082   505.414064253155
 0.0074228292  0.0074528515   514.631526067845   515.973650424423   520.284776360266   513.885458987039   510.320151432359   508.287889398516
 0.0074592171  0.0074969733   514.860765292645   515.973650424423   521.786025220937   523.045091005626   523.352084038734   524.520809635759
 0.0074977066  0.0075652766   514.860765292645   513.321520552635   522.612252973124   523.875013776587   510.873850375147   511.347933023598
 0.0075655862  0.0075771143   514.860765292645   503.955344720119   519.451821174114    518.33181679609   519.865984652724    510.47451503329
  0.007577205  0.0076398899   514.860765292645   518.644376949324   520.611674971288   512.919994900669   516.017186328648   515.400860720463
 0.0076401127  0.0076613994   519.192421280407   518.644376949324   522.672398049603   525.671581575863   518.951895640612   518.923818947867
 0.0076629651  0.0077145515   519.726871929534   518.644376949324   527.699564157166   527.262922717312   511.789998132805   511.797839431198
 0.0077149398  0.0077765613   519.726871929534   523.596463168078   525.212207634846   524.909361955585   521.557026131556   521.278531330052
 0.0077772813  0.0078051681   519.726871929534   522.059478037953   529.424200970491   533.534605896785   517.740180796939   517.242871314679
 0.0078113064  0.0078555028   517.727267922976   522.059478037953   528.973509062151   531.026782869436   526.684085471711   532.413334298306
 0.0078555044   0.007867606   517.727267922976   507.876963573458    526.76174774654   532.340665109701    521.21886680245   510.224674996588
 0.0078682002  0.0078777616   517.727267922976   516.954967092372    523.55854673859   517.694923832377   512.514684460172   508.855681827407
 0.0078790396  0.0078888903   517.727267922976    525.69735559477   520.732706296376   520.268344019656     519.5193369862   518.432303617643
 0.0078896299   0.007919359   522.305385316539    525.69735559477    524.09672258044   526.333221859365   525.962747447082   534.119034221191
 0.0079232686  0.0079609894   522.804150161433    525.69735559477   529.045464259072   531.053632690345   526.138369967897   529.062943383442
  0.007961725  0.0079626416   527.628343548483    525.69735559477   525.765133035007   526.610555623147    518.32780094156   517.865133925857
 0.0079661829  0.0079661831   527.628343548483    525.69735559477   530.455998600897   529.939880449075    530.80293002142   530.237104861539
 0.0079682187  0.0080042461   527.628343548483   530.570210264906   532.264640848252   531.464745657091   524.699588293645     523.0353194744
 0.0080046116  0.0080130993   527.975150653425   530.570210264906   535.266238737197   537.226551077376    527.60971923504   531.191842344377
 0.0080133586  0.0080831128   531.520177692993   530.570210264906   537.506236911636   539.682768934246   523.104930269449   523.719089341919
 0.0080850576  0.0080960111   531.520177692993   534.411483557836   536.846189232416   536.508309416225   525.733084842338   526.113638188564
 0.0080971032  0.0081437702   531.520177692993   523.609725067389   538.118607303288   540.006103017525   526.661049990201   527.428311790503
 0.0081455965  0.0082693744   531.520177692993   534.456371653686   538.065129366845   532.186168367749   533.263984354779   533.374268483927
 0.0082706387  0.0082891601   533.927132545249   534.456371653686   537.195915431268   539.813729808033   526.131374479738    526.06500442927
  0.008291888  0.0083017077   533.927132545249   535.179323530701   541.799522140042   542.232309986905   528.406452056347   527.058699744109
 0.0083018083  0.0083189002   544.170054805493   535.179323530701   539.634335320405   540.292860222128   537.964980668818   539.502570469156
 0.0083189827  0.0083704895   544.170054805493   547.047503575493   550.397771486106    543.78970163458   537.982960615769   538.317545565038
 0.0083711242  0.0083942576   544.170054805493    549.47595942522   549.659097804039   551.811492984682   547.224684963318   545.506022648238
 0.0083950782  0.0084295141   547.926852277673    549.47595942522   550.911194549071   553.405275369931   555.599823670153   557.274709664414
 0.0084354025   0.008461771   550.325457171858    549.47595942522   553.734930088403   554.758370950598   540.722627020292   541.516599605164
 0.0084622805  0.0084747094   547.321890084676    549.47595942522   557.677669724488   556.681555795865   544.658029200802   544.517851527929
 0.0084763474  0.0085170048   552.876020525848    549.47595942522   550.662152059817   551.382570333647   552.950822816059   551.660689915748
 0.0085186155  0.0085458958   551.883931402921    549.47595942522   562.347176273999    559.13678613593   549.853288145191   550.160171414476
 0.0085460131  0.0085467638   551.883931402921   553.968048969099   558.530965259385   556.908166333788   549.796856787555   548.634904151499
 0.0085469185  0.0085606904   551.719377608637   553.968048969099    559.40345772112   560.523853876336   554.875591482608   555.356699286502
 0.0085616158  0.0086121404   555.994961626937   553.968048969099   560.796841759554   562.859054180965   558.036699508062   557.590598846358
 0.0086141023  0.0086169193   549.341369398069   553.968048969099   562.009022754545   560.597769153802   550.676288273478   549.311210528232
 0.0086178559  0.0086549997   565.390979257931   553.968048969099   556.566253933696   559.805771023122   560.239471547738   559.810608382221
 0.0086552563  0.0086624367   565.390979257931   562.371197088106   571.185326511174   563.441564196154   560.663629015349   562.003178469104
 0.0086659402  0.0086801372   565.390979257931   569.284864921521   570.818150214606   569.076182730855   559.189587690197   559.387318217357
 0.0086809211  0.0086837007   574.862096552939   569.284864921521   572.101346490011   573.937618579582    567.06086496369   570.203898820261
 0.0086851607  0.0087210635   574.862096552939   573.705701199848   578.711122452499   575.542379646508   580.294543503804   575.738087099763
  0.008728151  0.0087318917   574.862096552939   572.095659339555   581.920202231324   581.284740539288   573.343486422788   567.820205145822
 0.0087323249  0.0087417562   574.862096552939   569.398446583493   580.307009545914   578.166877830901   568.887787432754     569.7822604629
 0.0087423153  0.0087847199   563.147152114203   569.398446583493   585.151674176652   579.274867594949   568.032272498714    569.40002234361
 0.0087847916  0.0087920045   563.147152114203   570.841756129811   572.974623433821   579.143205410395   568.038368277208   569.937095359807
 0.0087922067  0.0088157363   572.950155291316   570.841756129811   571.991186727524   577.888839530435   565.599673860633   567.236644202443
 0.0088197996  0.0088283477   572.950155291316   572.050298134383   578.401486875272   577.155552646089   565.182109186408   565.103568507625
 0.0088317081  0.0089009675   573.902874691189   572.050298134383   574.651673860308   574.531435571962   566.432164575437   573.229925463939
 0.0089026282  0.0089089874   573.902874691189   574.957348358908     581.1969573114   579.930798120592   574.420284524883   574.415362651875
 0.0089349794  0.0090190308   573.902874691189   560.808528924123   579.504376346226   579.897399973293   572.127703001094   566.350191628195
 0.0090190796  0.0090626932   573.902874691189   570.189101355121   580.649745733585   569.067809581333   581.418267468222   577.349435152885
  0.009062938  0.0090849387   573.902874691189   578.756219947825   580.635836902826   578.431033439785   573.514231233535   571.581186074365
 0.0090853386  0.0090857045   580.136344718086   578.756219947825   579.841953444854   582.137792105992   587.544774113264   589.199545326901
  0.009086485  0.0091284711   580.136344718086   584.885886852488   590.021012286142   588.730116030045   578.708756885015   577.242398680072
 0.0091298691  0.0091438158    582.58696207911   584.885886852488   587.941611654292   592.440901494494   589.658654245539   591.434274353792
 0.0091462941  0.0091929158   585.560569548551   584.885886852488   589.022900978721   590.340389113072   585.065127246411   585.379025748424
 0.0091931004  0.0092124939   585.560569548551   588.309030903995   594.754529699243   594.141970497565   578.417273150545   577.947088209155
 0.0092128609  0.0092245566    595.88898571531   588.309030903995   589.053050100063   589.776508485023   591.507450128932   592.285516761807
 0.0092262277  0.0092433354    595.88898571531   599.642656633513   601.657357453559   596.273891283776   595.705740957445   592.636011452428
 0.0092437697  0.0093635861   602.304921877469   599.642656633513   600.331850797016   601.413854703304   593.474449052787   593.777553645914
 0.0093637363  0.0093792505   602.304921877469   608.863167565667   610.737327191246   608.895186839439   607.453201884037   611.279674584835
 0.0093797922  0.0094151144   602.304921877469   604.860342749519   611.292269199751   616.453420545093   594.754403494341   594.409021057361
 0.0094159123  0.0094252495   606.067465951775   604.860342749519   611.069292016969   613.129549258866   608.393339580565   607.985539085443
 0.0094269152  0.0094404779   606.067465951775   622.994536790648   611.354184368382   610.579627999933   611.474957528218   622.324472917517
 0.0094405018  0.0094904223    627.81353476501   622.994536790648   614.884699142775   622.583138766202   624.108598404371   624.891890649445
 0.0094935759   0.009506036    627.81353476501   636.048388652029   631.175473326577   629.923764900151   627.602982585975   626.204110954693
 0.0095063702  0.0095522607   633.605829804676   636.048388652029   635.255258229682   641.931866944449   631.470894251141   630.604894903728
  0.009553549  0.0095701541   633.605829804676   638.297799287166   641.906579876285   643.647658000052   637.661686593207   638.729025285091
 0.0095711783   0.009576086   631.492113899959   638.297799287166   640.437545987073   643.630711173412   635.453713158881   639.132236735103
 0.0095762987  0.0096090153   645.103008626182   638.297799287166   641.432105816241   647.534449652023   634.990387434076   636.366149762243
  0.009609314  0.0096364468   645.103008626182   648.565876298121   650.500984619491   647.477973095926   642.880246767459   641.890653701194
 0.0096366332   0.009675811   655.281708872843   648.565876298121   654.056594407742    656.69493675937   658.950069188121   655.183158570768
 0.0096774997  0.0097519327   655.765853376902   648.565876298121   657.200755403654   654.948863526388   652.825259019323    652.23026570511
 0.0097524709  0.0097630388   655.765853376902   660.012583227086   665.341874788627   658.428455536054   654.570007169319   654.152705419877
 0.0097642879  0.0097664518    661.69576727895   660.012583227086   661.695633250476    664.21219285875   661.308301940672   661.257938548301
 0.0097685873  0.0097936194    661.69576727895    665.03068950148   669.056437950507   668.106791489742    655.76159933023   654.739695680212
 0.0097973108  0.0098407196    657.32560812759    665.03068950148   671.134914579884   673.964035237601   660.817631754895   665.368198047679
 0.0098407439  0.0099384224   669.839379658614    665.03068950148   666.512123042393   670.715629749855   659.365649953164   659.474475270532
 0.0099415213  0.0099677094   669.839379658614   673.210325913824   677.581503232531   673.811196069495   662.790265677916    662.91479843782
 0.0099681816  0.0099890529   669.839379658614   674.260336965159   673.645226332444   675.144957866462   669.443188449248   668.360780314031
#[time: 0.01]
