# command line: ./generate_stepping_data --k_b 100000000.0 --k_ub 100 --cb 0.1 --cm 0.4 --ct 0.2 --ls 10.49 --lt 23.8 --eqb 120 --eqmpre 200 --eqmpost 224 --eqt 0 --dt 1e-10 --label paramSearch-exprun --seed 1.0 --runtime 1.0 --framerate 1e-10 --nomovie --exp-unbinding-constant -4.0



#********paramSearch-exprun__k_b-1e+08,k_ub-100,c--4,cb-0.1,cm-0.4,ct-0.2,ls-10.49,lt-23.8,seed-1,dt-1e-10********
#time_unbind, time_bind, nbx_bind, fbx_bind, nmx_unbind, fmx_unbind, nmx_bind, fmx_bind
#[time: 0]
 0.0001161598   0.000192276                  0  -5.38443305741334  0.517706734966338 -0.601613829362778  -2.68349045593412  -2.68856739020011
 0.0003688041  0.0003943914    2.7507154208645  -5.38443305741334   6.82846110404749 -0.680419149299335   2.45312322402177  -5.04619382244154
  0.000878673  0.0008793554    2.7507154208645 -0.588493781241399   3.56352935228238  0.824469584205927   2.52512188013099  0.447282108270831
 0.0010105223  0.0010396232  -7.12618706472099 -0.588493781241398   2.62211580481357    2.0580570150779  -3.88586688357013  -3.91405167805093
 0.0012154993  0.0012214706   0.83841273427334 -0.588493781241398   -3.9374096900391  -3.81344433288057  -6.85046376027236   -6.1257483396137
 0.0013595335  0.0014073607  -2.01412934822422 -0.588493781241398   5.05144127148842   4.18637153104364  -9.80958449177717  -9.64000235669378
 0.0015634087  0.0015979095   1.92542982332704 -0.588493781241398   2.60478194741298    3.3701498986367  -2.14430259392979  -7.94082033284493
  0.001790652  0.0018108755   1.92542982332704   2.73786357879998   1.57235115181534   1.12265828574031   8.26024710131519   8.82183377398665
 0.0018175056  0.0018294109   4.31462266160904   2.73786357879998   7.67461113318596   8.05756942709437  -2.33380391508209  -1.34610720106892
 0.0019091599  0.0020685212   3.38754163431755   2.73786357879998   7.52523331798101   7.09088118077666  -5.96228011741429  -5.60061214708574
 0.0022610049  0.0022674169   3.38754163431755   12.7332092604643   6.84599341094994   6.52453885402927   6.91010979551872    3.9105139280973
 0.0023235559  0.0023291414   13.5280890600704   12.7332092604643   9.85547744829669   11.9456167747641   3.26302603408671   4.03102175415216
 0.0024911754  0.0025014069   13.5280890600704   9.28997811725359   17.9759186645163   17.6376557749364    22.112493091087   17.7382652122852
 0.0027311343  0.0027648158   13.5280890600704   12.4348779669461   14.2469998734301   13.3621453867008   7.79048967987658   8.91912628490276
 0.0030132744  0.0030332247   13.5280890600704   15.5813793616222   21.3684854965067    20.689568291343   7.61418757923919   6.80855016866999
 0.0032612464  0.0032677358   13.5280890600704   19.6634635932029   20.5685798836356     22.07494403035   12.6753242610212    11.124449235639
   0.00348367  0.0035124567   25.7737182964995   19.6634635932029    19.666441829166   21.9981443729548   26.0225586172443   19.8038582704501
 0.0039504688  0.0039886143   25.7737182964995   36.3804730263608   25.9918990429097   24.4005630407587      26.9369158445   26.5183673472927
 0.0040123898  0.0040397074   40.9207584777009   36.3804730263608   33.7452058757067   38.2042868199448   31.5621640824102   31.6323154281149
 0.0040863984  0.0040997338   40.9207584777009   48.8244590826237   45.7397425687978   42.5071982338814   48.6352996810248   56.2068997256417
 0.0043613769  0.0043696825   51.6814019704932   48.8244590826237   47.3052051736601   51.2534855102878    42.328896800818   42.6108096608784
 0.0043882784  0.0044392439   51.6814019704932     62.06804500609   55.5488022106364    54.020954027589   56.7609749749301   56.3783532923752
 0.0045189717  0.0045202609   64.5727371637485     62.06804500609    56.448616715928   62.9717466887357   55.5494935307027   56.1652326896461
 0.0047196764  0.0047334081   64.5727371637485   67.5893869985529   66.2390635109071   65.6100262786088   57.0622302841906   57.7061906878353
  0.004796266  0.0047983578   71.5197989006217   67.5893869985529   71.2691963540503    73.192807191324   73.0073314719484   68.5021535468522
 0.0052138113   0.005225955   71.5197989006217   75.4695756568001   74.5586761981377   72.2529832491606    65.657379112999   65.0700706804029
 0.0059657295  0.0059906631   72.3281143883127   75.4695756568001   78.6209392667846   80.9789918469997   77.7596572253452   80.6113452800209
 0.0060600786  0.0060776094   72.3281143883127   69.6253131747136   76.0819192259029   76.9993095592037   71.3878951453514   71.2529920662413
 0.0062637366  0.0063277125   72.3281143883127   81.0706911669002   71.4574166745336   71.2385199638546      76.5503111652    76.201802727167
 0.0063863642   0.006393987    82.813559980068   81.0706911669002   77.2805271512634   81.8141857638206   74.2635298269515    74.606180451196
 0.0066689354   0.006688828    82.813559980068   85.5044298240917   85.3409255437034   84.8408030835877   80.2259927231076   76.0120763775503
 0.0067173139  0.0067204424   86.0754983668402   85.5044298240917    88.391166820352   89.9578349209746   77.1297263154414   77.7140299937782
 0.0070061295  0.0070230739   84.9974052418146   85.5044298240917   89.2362907115589   88.9669895145008   83.2584286198761   83.1969331505205
 0.0070444785   0.007058222   82.8923313614651   85.5044298240917   89.3325234514632   89.6394183637776   84.0460301276269   89.9580948005966
  0.007591057  0.0075985007    89.500261992057   85.5044298240917   86.7313442908515   87.5927269550759   81.2502370929505   84.4655972903873
 0.0078290789  0.0078290984    89.500261992057   78.7524489096164   93.8779597559221   92.5166773124643   95.6625417145295    86.100009997504
 0.0078688074  0.0079101978    89.500261992057   97.6631188017505   91.1589305602728   85.3770504054445   93.6264854161895   94.6949542602767
 0.0079382686  0.0079475921    89.500261992057   92.9069770836812   99.8993053288738   108.029137680081   99.5675379238245   103.369430236775
 0.0080049023  0.0080244608   83.7093408340958   92.9069770836812   94.6226902327857    95.957116523917   86.4769768776695    97.067908866624
 0.0080982596  0.0080992709    92.110852254567   92.9069770836812   88.7095676171069   90.7448675966624   99.6924607606857   100.716769070143
  0.008108122  0.0081462166    92.110852254567   93.1537017626169   97.7165232018348   98.1865352105137   87.9591218518063   93.7100755266398
 0.0082086423  0.0082661229   102.803431860926   93.1537017626169    93.972143114369   94.0978492317682   102.474109570454   97.0094953807883
 0.0083610011  0.0083650816   102.803431860926   104.721247575487   110.236267391855   103.193781242976    96.683809191913   96.6514480445525
  0.008447657  0.0084674017   113.617427443082   104.721247575487   109.886227386566   111.136819509107   111.326049430959   110.210277862566
   0.00854123  0.0085412302   113.617427443082   104.721247575487   111.927387539493   109.877733303369   111.392467407945     109.6193693742
 0.0085454005  0.0085999371   113.617427443082   120.682069847479   117.984469714259   112.403630626093   111.714628837485    110.44883631319
  0.008827784  0.0088362418   121.676107731497   120.682069847479   117.720311706931   120.001145114967   112.918932897991   113.690069135997
 0.0088667483  0.0089823548   134.143156604567   120.682069847479   127.016475519911   126.145668322222   130.042849673239   127.497276756555
 0.0090192788  0.0090275607   134.143156604567   130.740589175497   137.727955134849   130.196547120718   139.139133382907   135.010699902439
 0.0095472914  0.0095955288   134.143156604567   121.077706465866   142.098874086146   139.308442357865   139.138076752147   124.494985564648
 0.0096268181  0.0096809171   134.143156604567   130.464883302712   140.357245677262   131.120522205637   143.875598150969    136.17439651547
 0.0098117276  0.0098282477   134.143156604567   136.823607925993   136.035356254667   134.712914960909   135.711130425426   135.971291290279
 0.0099537363  0.0099541747   134.966845499331   136.823607925993   137.177158213179   138.505272923336   139.960518406299   146.330734938884
 0.0099956169  0.0099984576    123.77197784339   136.823607925993   139.713648063421   140.822322914258   128.473949531139   139.082889398106
#[time: 0.01]
 0.0100020869  0.0100085168   137.950221438628   136.823607925993   131.538910505804   139.625091263549   134.495551765381   135.670801152365
 0.0100967711  0.0101175919   134.906886465079   136.823607925993   137.470532770013   137.450814826537   125.271382996087   133.116860136687
 0.0103086254   0.010312367   134.906886465079   128.760352977788   142.224127361753   143.713111728048   129.769368545196   130.332417080767
 0.0103429312  0.0103567289   134.906886465079   136.490669377398   142.039477756633   137.505980328397   129.591985928762   128.856855742744
 0.0105105059  0.0105676756   137.622368872538   136.490669377398   141.446572524756   142.241465245791   132.703962831295   133.521394427257
 0.0106085221  0.0106378868   127.160984521366   136.490669377398    143.37869154682   142.699702425253   132.453580654981   137.632329744489
 0.0106786662  0.0107155784   138.377113957281   136.490669377398    132.49216195279   133.336525220607    128.28492803275   129.221867014958
 0.0108255261  0.0109007764   140.711034946782   136.490669377398   146.322861371997   145.128620336836   132.938259090879   132.687421708946
 0.0109265937  0.0109437374   140.711034946782   143.230056279874   142.764555267934   141.624642909573   141.449362163686   138.322847223792
 0.0115580335  0.0115995875   145.248721811757   143.230056279874   144.917798916229   145.266361077036   149.410046211792   144.208709849223
 0.0119653425  0.0119909008   147.216090175088   143.230056279874   147.934424472203   147.054380263015   136.807876830104   136.436013276662
 0.0122034139  0.0122114996   147.216090175088   153.453632053284   145.654064164692   145.482667180919   145.860772246804   143.603564170008
 0.0126097581  0.0126237795   152.857608777923   153.453632053284   151.066632239793   152.656119849811   153.243902082539   153.282636769542
 0.0133790705  0.0133965953   151.550171689765   153.453632053284   158.495632053711   158.797558944809   143.566030116338   150.002016125768
  0.013668127  0.0137029905   151.550171689765   150.815049295297   153.425009276322   153.665266539367   145.967877562676   142.227733814927
 0.0141442131  0.0141647427   152.930771461687   150.815049295297   157.010453335501   156.673663785341    144.89908538538   146.360524267498
 0.0142843249    0.01428638   157.282891825102   150.815049295297   157.551509682484   156.298695293766   158.545370890543   154.290837323676
 0.0144582396  0.0144959635   157.282891825102   162.594576861599   160.611009447691   157.127463819937   152.239855138309    152.82055127843
  0.014596541  0.0146250797   157.282891825102   164.394894933099   160.826509944362   164.747256938527   155.503358426021   154.297681477515
 0.0147804523  0.0148033767   165.170628196306   164.394894933099   165.408657335591   170.846990921439   174.588446875236   173.590716522802
 0.0148036025  0.0148263895   173.776062990342   164.394894933099   171.240756646841   170.788095437983    167.14912939449   168.903231086581
 0.0148270737  0.0148548018   173.776062990342   177.259659872733   175.966597138293   170.458913026667   166.524971148214   166.858624163212
 0.0151192727   0.015143147   182.932062142567   177.259659872733   179.060283226731   180.648411419621   173.150239232855   175.366460518852
  0.015301527  0.0153045105   182.932062142567   170.505673725355   176.751926043253   178.048779417049   192.925897441153    178.72183687338
 0.0153318162  0.0153563739   182.932062142567   190.280458322047   182.898336638017   178.781605282935    186.93721060681   183.032410052584
 0.0155977957  0.0156004893   183.566006861537   190.280458322047   188.265283915583   189.452947893728   185.462738295395   187.932915672579
 0.0156146258   0.015628762   200.337110014075   190.280458322047   190.296363001633   191.602502919034   207.843406259449   199.008975175785
 0.0156451247  0.0156453295   200.337110014075   207.075616526396   200.722643722197   197.119109815752   204.586819414936   210.267139388234
 0.0156977171  0.0157048095   210.720420564533   207.075616526396   206.340152651021   208.061492006856   207.322333959017   208.627917513086
 0.0163597892  0.0163608437   210.720420564533   212.032064557654   213.571051722058   212.043144490931   202.266890511341   202.234552364995
 0.0166514008  0.0166768302   210.720420564533   226.367859567803   217.305718083523   218.228758115415   217.886673772261    219.61944210216
 0.0167028311  0.0167057608    227.50625806591   226.367859567803   218.211002006419   224.418871318926   219.509382217845   221.332271335714
 0.0168826201  0.0168984826   229.229894330868   226.367859567803   232.992791206439   232.579810473982   226.962382257021   228.103229409306
 0.0169977197  0.0170894193   229.229894330868   227.170440930113   234.497931098156    233.47697804523   220.290055477252   221.275636592642
 0.0171523167  0.0172622901   229.229894330868   231.514834625841   233.118594046884   231.916666819926   224.581900027447   224.593182017677
 0.0175988851  0.0176027826   230.867568195235   231.514834625841   232.525942775317   233.807740981593   224.009347291596   223.626162890484
 0.0178768488  0.0179243318   230.867568195235   230.015810069209   233.371023459438   230.931228361423   233.620235183719   230.739113471887
 0.0179540634  0.0179564862   230.867568195235   234.461728838503   239.237663394489   238.570091466665   231.462228083308   229.144028112213
 0.0188584052  0.0189012765   236.420633471029   234.461728838503   235.921360115761   237.750439240476   245.513140130964   242.411003626831
 0.0189298455  0.0189641039   229.288791947587   234.461728838503   239.629183926007   239.012044652359   231.660319296026   238.257124977431
 0.0190128283  0.0190418052   235.228945696779   234.461728838503   233.111001478551    235.01133324003    227.75475818523   227.906050715709
 0.0194337591  0.0194349144   237.695054208496   234.461728838503   240.975658511337   240.607101583629   232.935010813992    234.88448754627
 0.0196857392  0.0197214034   237.695054208496   234.083426412715   245.241800432651    242.60840904015   228.932479094881   230.210252362168
#[time: 0.02]
 0.0200907734  0.0200936245   237.695054208496   240.041515477873   230.779004232784   243.227861598277   238.284446071278   238.052486700336
 0.0204907823  0.0205185371   217.991849620412   240.041515477873   244.253310775697    245.83434123711   222.155083357416   243.112562817218
 0.0205400509  0.0205408552    241.08543608784   240.041515477873   223.753578347399   242.160508337704   245.398372894707   243.641466101834
 0.0206556452  0.0206937011    241.08543608784   239.158043573873    247.84743407789   247.064127514264   242.158984614116   241.718635896938
  0.021186726  0.0212198791    241.08543608784   239.269669624818   243.735896050488   243.216539097477    242.68844241423   241.232412531275
 0.0212460582  0.0213124714    241.08543608784   245.721575243443   246.419157953587   245.062791747304   240.004900569908   236.568868007149
 0.0217181237  0.0217384269   255.175548461543   245.721575243443   244.953834513218   245.289575874309   245.657528581097   247.469264705424
 0.0221253968  0.0221925692   255.175548461543   256.122852615007   263.685192051051   254.035759326799   249.117210260814   248.472848363192
  0.022767421  0.0227994118   255.175548461543   247.452509763907   260.874330688233   261.406976636225   255.535046564967    250.63614909327
 0.0229378568  0.0229427072   255.175548461543   236.696348813497   249.943214665339   251.661147163971   258.103236130495   243.847908602186
 0.0229718623   0.022980601   255.175548461543   249.512450478022   253.190978234135    244.71847356046   261.056032386291   256.376456335347
 0.0230530751  0.0231014978   256.271136055059   249.512450478022   264.104650306096   258.062413553733   252.101834859615   252.757857134077
 0.0231566121    0.02321824    248.76421755774   249.512450478022   261.911651731322   251.877922045967   240.370571948209    240.38695999384
 0.0233351523  0.0233674185   252.706871858035   249.512450478022   255.138746879382   255.693943704289   246.764918055235   248.008488727289
 0.0234196365  0.0234219997   252.706871858035   251.347179450675   255.523421937186   254.160411326347   260.559617855578   257.661173206145
 0.0235777181  0.0235782101   252.706871858035     258.3065989313   253.753269038677   253.494240888315   251.754206400376   249.031772664667
 0.0239419809  0.0239596365   259.954255734837     258.3065989313   258.724851503548   260.346575351936   250.801946320196   250.760459915278
 0.0243153564  0.0243558471   259.954255734837   264.545578530119   263.612269365922   262.372846663421   262.886046724182   263.271688654355
 0.0248494645  0.0248647409   271.790739067482   264.545578530119   266.967218041793   268.847929888326    276.01792224591   270.097673734635
 0.0249965143  0.0250456674   271.790739067482   270.485542601529   276.689709713256   271.943907264069    282.05189995803   280.298994554041
 0.0252339331  0.0252553581   267.518232002529   270.485542601529   273.561262471094   273.067535236421   263.908978496539   263.259612756626
 0.0256782106  0.0257361283   275.182194042965   270.485542601529    274.34551546123   275.148608618255   265.771966394593   265.466398502281
 0.0258315449  0.0258349165   274.670041119353   270.485542601529   280.163841942671   277.156413824373   276.043148245891   273.833859072905
 0.0260727777  0.0260814776    271.04586448421   270.485542601529   278.703936282737   276.461066463923   268.561998690207   269.036611861728
  0.026167583  0.0261718596    271.04586448421   256.360254293348   273.833678273691   273.657368669357   272.899073102534   261.965570295526
 0.0262643984  0.0262884512    271.04586448421   273.999154376999   280.466176808587   266.213629770577   272.734421740062   273.266810449724
 0.0264963298  0.0265288318    271.04586448421   270.467982611088   277.258954647337   278.826176361554   266.184698364805   268.792563466804
  0.027385407  0.0274002683    271.04586448421   267.836814523948   275.659185503706    275.31141075243   264.243326973326   264.718646489178
 0.0275805532  0.0276032047    271.04586448421   266.764635518247   274.538326129146   273.340108141057   262.284889404934   262.938345241452
 0.0279975153  0.0280088746    271.04586448421   267.367293176332   277.070260646222   274.235623120109   268.309775488847   268.636263465945
 0.0280106591  0.0280456845    271.04586448421   268.633991312869   263.557575960707   272.731540501731   270.053769359581    269.99157276662
 0.0280942616  0.0281029689    271.04586448421   255.657940262631   269.369106157275   269.838799222224   271.989818874025   261.590220275479
 0.0281683884  0.0281683886    271.04586448421   255.657940262631   272.478504644294   262.298855116341   272.791068582557   262.492195960209
 0.0281949867  0.0282000094    271.04586448421   272.573488241373   275.214915619569   265.128284229428   281.167973783281    280.94164036751
 0.0283249071  0.0283383133   283.591116440812   272.573488241373   274.927510168865    276.67451855582   287.990768855118   279.981906164188
 0.0284388061  0.0284425997   283.591116440812   290.019083410491   278.928777346597   278.357769120861   283.243158867313   282.164004476043
 0.0284475527  0.0284982745   285.809590512575   290.019083410491   290.179829852085   294.090727768169   289.105585720778   290.428208683229
 0.0290005573  0.0290242974   291.229236632376   290.019083410491   290.398354826435   292.247276997952   282.914412675022   283.207422747197
 0.0296484276  0.0296503004   291.229236632376   289.175973300572   295.436434703416   294.464984610111   283.603243479281   284.092640796994
 0.0296602855  0.0297643895   290.761967467816   289.175973300572   296.844307801031   295.914188374872   281.949644718333   281.950994162007
 0.0299048023  0.0299410894   294.332367923304   289.175973300572   294.257261224964   293.386694019094   295.426599697353   293.440598868394
#[time: 0.03]
 0.0301256635  0.0301276806    290.41624720076   289.175973300572   299.754114746432   297.252541068218   289.320148361047   289.477661305866
 0.0304143394  0.0304276108    290.41624720076   292.423093520962   298.912437282489   297.967705904737   289.292762823711   288.990193219108
 0.0306403594  0.0306784553    290.41624720076   294.219347680029   295.567780053768    296.94126193271   287.225963754667   284.625361125295
 0.0307267401  0.0307321799    296.29200602256   294.219347680029    295.81103198914   297.635450876733   294.156254988341    293.43662484185
 0.0307384762  0.0307468325    296.29200602256   299.224693131939   296.810385042596   296.516155330916   293.334605018348     291.7915131855
 0.0310558408   0.031080484   308.828064075368   299.224693131939   299.505700872609   300.877284626257   305.545983595807   304.652026593688
 0.0311354475  0.0311481168   300.332592928112   299.224693131939   312.527053969729   307.082136930738   293.054457009433   293.331066674012
 0.0311991888   0.031216871   300.332592928112   298.424748242254   302.918163863289   302.144058349002   290.273561805272   289.817982609466
 0.0315368425   0.031544571   300.689512534573   298.424748242254   305.705357802888   304.683067198241   290.832303883803   292.392505429124
 0.0320170599  0.0320298732   297.870162541269   298.424748242254   301.131525177594   300.801795612361   306.192778254822   308.769731176945
 0.0320671764  0.0320904223   292.413109102062   298.424748242254   301.362868398746    296.28736188488   294.200207043132   292.247969547647
 0.0321503201  0.0321770304   300.909082444069   298.424748242254   298.588760622563    300.86942330455   293.197433589086   293.951159601233
 0.0322155185  0.0322283605   294.752843699524   298.424748242254   301.018819684248   300.585027130792   294.409256063961   296.497411674197
  0.033135938   0.033169393   308.952164547098   298.424748242254   301.724164886735     303.3077593607   298.605732835772   298.310273568586
  0.033218629  0.0332858643   308.952164547098   301.156465545598   307.430824440507   305.015570728511   311.294724916818   306.083428526871
 0.0334182144  0.0334531124   308.952164547098   310.112693926229   309.582492710124   307.099898700236   310.106071377719    310.18339017552
 0.0335261186  0.0335984746   308.952164547098   314.320108160955   314.316018414083   314.885006222978   304.540088610961   303.837325134071
 0.0337154614  0.0337668013   308.952164547098   310.641292693554   316.046166270382   319.826099311079   300.421011766208   300.576125924812
 0.0341536979  0.0341553283   315.459604916449   310.641292693554   314.066125988407   314.897142750505   307.147888124445   306.378985849951
 0.0342247753  0.0342360661   315.459604916449   317.414527995331   319.845762945379   318.320069529868   306.830786696335   306.932244782171
 0.0342442551  0.0342956114   319.194799532525   317.414527995331   321.017916065285   322.259313503697   309.000958764875   309.303053677339
 0.0344362833  0.0344441642   320.862669610094   317.414527995331   320.364825318249   319.554321189462   310.565011958895   310.940736509764
 0.0344540632  0.0344816656   320.862669610094   323.907891322858   321.215890508327   320.514585516882   318.178699650632   317.637388736408
 0.0345735815  0.0346155546   326.100371907089   323.907891322858   327.859975480415   330.073736913673   315.655373726911   315.251653887148
 0.0348533842  0.0349762572   326.100371907089   324.434730863591   330.727338952878   329.593313993701   327.209681987155   327.053571208921
 0.0349776204  0.0349883582   326.100371907089   334.634099366491   329.003879782354   328.069898639974   331.630824413477   334.833219921931
 0.0353232042  0.0353516442   320.860433345042   334.634099366491   332.360634502404   334.557617684433   325.024728105567   337.133491838659
 0.0353841688  0.0354016802   336.222090025602   334.634099366491   328.911259256718   335.650163231356   335.041004947372   335.092347760311
  0.035550923  0.0355752971   336.222090025602   336.946290990732   343.193109477278   342.184596232306   331.900371918867   330.930136651515
 0.0356042929  0.0356281338   336.274843760095   336.946290990732   343.793111570461   344.177253562226   327.256627488976   326.566423055276
 0.0356792645  0.0356967021   338.808210086908   336.946290990732   342.632693998695   343.060003064387    336.67700812113   337.025551737983
 0.0360211768   0.036033187   338.808210086908   340.305951132564   340.502037379478    339.95284194598   337.279089041862   330.915258281317
 0.0368346315  0.0368416063   338.235080601151   340.305951132564   342.684141053138   343.463394804296   330.119363469771   343.072035905087
 0.0371119658  0.0371190133   338.235080601151   351.029063044166   341.937948403921   343.519451057937   344.882799523413    349.19922074901
 0.0371259655  0.0371479214   350.412658240073   351.029063044166   347.045811440145   357.109025285513   342.810442307277   348.909527153127
 0.0371693184  0.0371843213   350.412658240073   355.199906047272   347.216834641118   358.343535076215   353.537247105859   351.753498690777
 0.0373171433  0.0373858395   359.733473124224   355.199906047272   359.078039425813   362.203972143879   356.777129117654    357.42357776587
 0.0376447137  0.0376541781   359.733473124224   357.084275425544   369.472564256347   365.615590563645   354.221783355565   354.953540000227
  0.038117586  0.0381519829   359.733473124224    365.16439390692   361.091176908987   359.935316889068   363.857185328474    369.13159332835
 0.0382970424   0.038300167   366.304998241836    365.16439390692   363.751944530753    365.52811045419   359.549068608084   360.174961580963
 0.0386218311  0.0386355829   369.596419799958    365.16439390692    367.73504673628   367.358365226534   364.517331585744   365.889819514811
 0.0388641318  0.0388806447   369.596419799958    384.30747003914   373.557703101326   371.284277320446   375.520520198731   381.560134476189
 0.0390022974  0.0390202496   383.519416764298    384.30747003914   376.401154154329   381.022928182119   381.795206057638   381.547342244632
 0.0392744777   0.039292986   383.237727263052    384.30747003914   393.538306590428   394.085505661691   374.622304545757   374.747913732965
 0.0393172572  0.0393232013   383.237727263052    388.27549393903    388.23086632487    388.99019093737   385.290911225767   387.052572357638
 0.0397407932  0.0397589514   389.320114450899    388.27549393903   391.664786841372   395.206328317055   384.997286557723   385.227304094173
#[time: 0.04]
 0.0403263818  0.0403411851   389.320114450899   385.264377071785   398.543556645352   397.646174707807   389.532373045779   388.857793070101
 0.0403708254  0.0403746957   389.320114450899   388.390743320944   389.829927059702   389.053813164785   385.682067833846   385.905392010663
 0.0407707345  0.0408008179   403.934003271578   388.390743320944   394.970889540601   394.306800618467   397.989173365594   384.541698136167
 0.0408105804  0.0408130337   403.934003271578   405.913565324677   401.955719524385   397.911360755069    401.38604961698   400.224797505636
 0.0409662008  0.0409796283   403.934003271578   405.956429362829   410.668584416768   411.969476773375   395.452558169932   395.518869982857
 0.0412172506   0.041254687   403.934003271578   401.893194192759   410.723078353504   412.270280767846   400.304955838167   400.723883469357
 0.0414146888  0.0414323275   403.934003271578   402.428191538306   413.711381322569    411.21237374917   401.128175103215   394.551765954903
 0.0414697084  0.0414773478   403.934003271578   412.762752393308   404.254794465922   404.065460872702   404.038028398207   404.535517739117
 0.0415290877  0.0415373861   413.477899046561   412.762752393308   409.590450547118   413.166651538843   406.016674569814   405.962603712808
 0.0421243202  0.0421474547   413.477899046561   407.126373613014   411.499502162742   411.542842650334   416.769248788066   406.966062464831
 0.0423316975   0.042342638   413.477899046561   415.364647781047   414.783424779403   412.853669803621   407.199752598188   405.804368005314
 0.0426068978  0.0426107164   418.719154771988   415.364647781047   420.439591720301   421.382788074955   412.384123009277   412.751776025983
 0.0426490394  0.0426641548   418.719154771988   422.997154478758    427.22432104611   423.698361321634   416.947723555936   416.600300574008
  0.042750369   0.042776141   423.671821150849   422.997154478758   422.364118340414   424.250104260919     414.5026445567   414.592960579271
 0.0442202764  0.0442487003   423.671821150849   421.498571710402   424.429923537991   424.158858048923   427.975499777237     425.2009665638
 0.0444721617  0.0444886175   423.671821150849   428.554387438937   417.414797308675   427.156776045889   419.911295673743   420.210162362458
 0.0445598182  0.0445702447   423.671821150849   425.627587961556   426.880225497233   427.248341546704   421.581552762341   421.125494351926
 0.0457731137  0.0457762832   425.060356474877   425.627587961556   428.168802977044   428.944068266022   432.339073384418   433.228811949367
  0.046351246  0.0463871742   425.060356474877   423.022851836587   421.782296412323   428.762946084908   416.273419930766   417.278856042261
 0.0466397172  0.0466486265   425.060356474877   434.028669440919   427.063053867241   426.209369173449   426.189861164585   424.085109749648
 0.0467525005  0.0467601402   426.187639494448   434.028669440919   429.457154446222   429.196397873155   430.882555728151   439.404278724707
 0.0468173277    0.04684778    437.87780012995   434.028669440919   433.651905123788   436.484628798746   430.401671803867   433.145023089805
 0.0468481366  0.0468724809    437.87780012995    436.84580476218   443.117268131351   440.949663912576   430.732487727225   428.775910416984
 0.0468947278   0.046922425    437.87780012995   430.908723717529   442.952816223438   442.408115800654   442.149068621374   435.874950918423
 0.0471258683  0.0471322155   437.392532981014   430.908723717529   443.826933735048   434.775329579579   428.068756025709   428.529137587306
 0.0473815348  0.0473984747   437.392532981014   433.430057881816   443.361771104153    439.33914685603   442.506390581715   439.094458075462
 0.0476043214  0.0476093067   437.392532981014   428.071287430705   442.403753251987   440.251350389296   442.989661057123   431.987022277335
  0.047621568  0.0476738655   437.392532981014   445.333716356287   438.168736070586   433.839627272454   440.648838217125   439.907775529584
  0.048444112  0.0484504992   438.955268480441   445.333716356287   441.844972357924   445.718093967734   443.385892728359   446.580080987967
 0.0485349319  0.0485350545   438.955268480441   429.795993686638   440.771222356313   447.396263076744   436.903474220067   432.303277194943
 0.0486535975  0.0487081705   438.955268480441   454.462970203524   444.839165273269   438.241172241235   447.041701940925   449.728792935839
 0.0487640606  0.0487692778   451.413958108288   454.462970203524   448.564367061548   453.864274551581   449.168243802881     447.7208133314
 0.0488968269   0.048904505   449.174844391794   454.462970203524   456.225421203458    457.82950323472   452.138624047135   453.313166325444
 0.0490251549  0.0490290414   455.409961381644   454.462970203524    456.83691423477   461.300031630901   452.026157901749   452.093580571801
 0.0493134505  0.0493134653   461.335413289683   454.462970203524    456.63664721922   456.393898847803   457.133139332616   457.899007846763
 0.0494326019  0.0494336999   461.335413289683   469.259330160932   462.765857525337   458.573501553159   464.224300568136   469.944205692709
 0.0498229239  0.0498835914   474.735089184648   469.259330160932   466.563246786967   471.213316538278   468.961803316443   471.490087326844
  0.049900766  0.0499911423   474.735089184648   471.956653193835   475.527900777582   474.269477150791   475.506446164205   474.825234859786
#[time: 0.05]
 0.0501379194  0.0501399669   474.735089184648   465.386703936273   475.668651268896   475.174532042394   483.864324777049   471.036342644745
 0.0502841264  0.0503042037   474.735089184648    478.09085356231   480.019758320427   471.539952961196   466.878121597266   467.607602812194
 0.0509159609  0.0509878495   480.815575016043    478.09085356231   480.778683022299   482.527566131925   476.484043293048   477.080861081189
 0.0510399857  0.0510517179   479.259749297719    478.09085356231   481.880378428567   481.406119825084   472.734170057701   473.227220739699
 0.0511248971   0.051132415   476.456215942839    478.09085356231   489.744241917167   488.566333895661   479.278221562957   484.007914611784
 0.0511957408  0.0511989357   476.456215942839   488.935794154592   479.259370067504   479.630736489876    480.06577470777    485.77229400121
 0.0512003935  0.0512367313   488.353169307904   488.935794154592   482.547436623507   485.382206696125   491.713847675252   491.890263996408
 0.0515689955  0.0515972913   492.403459568839   488.935794154592   491.582759697573   491.772707008186   486.088442837872   486.741461585334
 0.0519126413  0.0519440919   492.403459568839   491.004627679265   492.859456459267   491.648937867843   494.213075034398   492.676194740697
 0.0522796355  0.0522916108   496.039464880938   491.004627679265   497.444694259188   496.840871380335   488.323840666352   490.191358798041
 0.0523063842  0.0523116705   496.039464880938   499.375103680004   497.155798416436   496.051690294136   498.015540906413   498.107656108627
 0.0525583362  0.0525717681   503.329051728137   499.375103680004   500.663084713504   502.312404769425   493.364726576204   494.986383656652
 0.0526337634  0.0527179124   503.329051728137    504.47454737332   507.211900746697   505.648005245532   495.473922734316   495.379281012161
 0.0530033622   0.053008112   503.329051728137   502.289392022044   507.076450589959   507.468691872983   505.823946030892    505.13757052339
 0.0531288572  0.0531597997   503.329051728137   510.933977016401   508.501265376092   507.802268279475   507.063389495332   507.243388279759
 0.0532294388  0.0532829146   510.202821333392   510.933977016401   506.997982982347   507.630704665596   501.174234377835   501.279909309143
 0.0536443537  0.0536709803   508.303887373022   510.933977016401   511.644431605782    506.21872657949   502.462181231013   502.514311802896
 0.0538834023  0.0538910862   509.635676292057   510.933977016401   515.721354535096   517.469598417423   506.320308059945   503.894766000725
 0.0543763438  0.0544149043   509.635676292057    496.64287673309   515.247079950595   516.767268163876   513.556122876608   502.811810747153
 0.0544583478  0.0545086847   509.635676292057   508.459998807439   513.420372685542   504.425711786619   504.621789013125   504.755014238405
 0.0545234587  0.0545371774   517.406335325729   508.459998807439   514.997914502375   514.435697203843    515.60715326845   513.065601991164
   0.05455115  0.0546168936   517.406335325729   508.194888419487   518.228678291735   513.091069445009    524.21239817737   513.495859291707
 0.0547267234  0.0547285715   517.406335325729   511.615588344731   518.486016493427   513.411702841551   514.919842633917   514.576029506438
 0.0547380278  0.0547401367   526.370002137051   511.615588344731   526.309402423775   513.894421725856   526.336342510764   513.001572273822
 0.0547555458  0.0548111068   526.370002137051   529.898025730514   524.536696073604   519.688151547113   522.041707661267   522.643961650708
 0.0548819153  0.0548819256   526.370002137051   528.481093730482   529.179505974658    536.06548973559   531.407137832988    533.09236386075
 0.0549178711  0.0549367351    533.41442062779   528.481093730482   530.199672018031   530.806806497035   531.297876671564   531.127410513769
 0.0555829348  0.0556116461    533.41442062779   522.728398494162   536.476559635312   534.743557356936   537.639568057923   528.382372038446
 0.0556171484  0.0556556516    533.41442062779   532.152755332462   534.770542621203   529.781837279624   524.520127282073   524.220113486691
 0.0560409474  0.0560707576    533.41442062779   537.023129676824   540.637632600119    539.96930740427   533.641785202101   532.479557624381
 0.0561950211  0.0562073788   533.602859395952   537.023129676824   535.235092624937   535.246859471575   541.055502385991    542.59170097327
 0.0562442536  0.0562637354   533.602859395952    545.72237158261   538.616371907052    539.76371250454   539.127918937894   536.046416334061
 0.0563603743  0.0564209512   549.341586177882    545.72237158261   542.342056348269   551.509600893683   538.872774541732   538.487689177885
  0.056596705   0.056597306   549.341586177882   548.617808354357   549.947263433401   548.704648536196   551.418511726375   550.575464196314
  0.056617887  0.0566786094   549.341586177882   550.442286413967   556.620766130029    556.28638386169   557.934569556699   559.300999065599
 0.0566808015  0.0567037922   553.582727012224   550.442286413967   552.896808755992   553.291592093166   545.475684109511   554.286427299915
 0.0571023618  0.0571052571   553.582727012224   552.811409771174   557.495609550734   555.685976598738    555.26597104314   555.055392687833
 0.0577912087  0.0578454002   553.582727012224   556.850737427542    556.93620806356   556.596982981599   552.103999761883   550.640308758921
 0.0579669082  0.0579950613   555.457255384658   556.850737427542   559.383307509298   561.826289328585    562.52077636695   565.561853778766
 0.0580125241  0.0580177995   556.084170130842   556.850737427542   556.523763362136   556.567652928619   547.762985609681   547.707737004544
 0.0581131872  0.0581324386   556.084170130842   550.377528336486   563.923970263641   564.593731764316   564.139225906321   557.308921815574
 0.0581366456    0.05816491   556.084170130842   562.203436459222   559.832059694065   556.304569611701   555.029318565345   554.143950607689
 0.0584252758  0.0584487462   560.963652148126   562.203436459222   563.835988880989   567.547616049536   563.722480316101    564.22734801991
 0.0585556502  0.0585707932   560.963652148126   561.478160808961   565.975339041811    566.55872262804   553.194549894016   553.033135344334
 0.0587258145  0.0587269818   557.284039676622   561.478160808961   563.512787524494    560.34651939625   560.910572904172   562.805300336402
 0.0587733396  0.0587857066   557.284039676622   558.316013713844   560.412132951511   563.485054287349   556.126136041477   554.513174824392
 0.0590332856  0.0590489621   557.284039676622   558.828089120716   563.624360461234   564.127503541935   553.281965365194   548.981675775397
 0.0594654398  0.0594753086   559.426103129167   558.828089120716   562.273842249837   563.358630116789   552.724764834772   552.947918036955
 0.0595328987  0.0595462699   563.619427458557   558.828089120716   561.296710800406   561.157357845868   559.541555453917   559.954955883902
 0.0596611582  0.0596869343   563.619427458557   562.176136194615   570.593920460992   567.002979591294   554.203302368633    554.16969180719
  0.059721049  0.0597484035   563.619427458557   568.745174954521   567.621827548774   566.860173300896   566.264752731729   569.442852336164
#[time: 0.06]
 0.0602925146  0.0602951379   576.015948781687   568.745174954521   567.999746555063    572.69418894812   565.606176647913   565.625645120474
 0.0604727974  0.0604758865   576.015948781687   577.274159367679   581.666347089817   578.365603048486   567.405970714074   567.047135611662
 0.0607502873  0.0607525946   583.421725870629   577.274159367679   582.671374521228   583.291834278437   573.005036555644   572.185571644679
 0.0611126666  0.0611806303   583.421725870629   579.160973840075   590.967511833558   585.964071800986   588.254055204657   585.711157428692
 0.0612531115  0.0613016174   583.421725870629   585.399743474603   588.080675752286   585.920692774171   581.613031965404   579.227400991573
 0.0614049254  0.0614853396   589.823889703059   585.399743474603   586.907716937259    587.24868624434   589.991961735382    587.92332459832
 0.0615429803  0.0615531528   589.823889703059   602.017614247073   597.616703594899   594.125482075569    597.03245272412   603.088901938629
 0.0616063211  0.0616103745   600.521932609436   602.017614247073   598.155995685099   604.526401511321   603.034764683318   609.419837393232
 0.0616683477  0.0616698096   611.867652934016   602.017614247073   602.710140557273   603.460987569356    621.62696751344   611.566934797816
 0.0617369158  0.0617445119   611.867652934016   614.392732506566   613.643828182726   609.811952562947   613.853537557859   617.459922685049
 0.0617528438  0.0618342159   611.867652934016   609.901296466346    616.19420170691    617.34642209641   610.139131882094   601.412873734112
 0.0626502379  0.0626540528   595.711359783341   609.901296466346   613.352648247543   612.851662601829   602.056262556437   606.270442218396
 0.0626796323  0.0626821785   612.203490259245   609.901296466346   605.684391512754   616.870914313655   603.128330450581   605.621161838231
 0.0627785458  0.0627855036   612.203490259245   620.701906870549   616.791346093033   615.175904454083   618.023532359089    626.58240381287
 0.0631827072  0.0631982492   614.752587744539   620.701906870549   618.897999898376   623.695419155891   615.710386714834   612.800937140433
  0.063267826  0.0633351744   627.701479815509   620.701906870549   624.167690151707   628.304857464779    626.91110402067   623.069867483189
  0.063743587  0.0637695019   627.701479815509   638.089691092506   629.016404125001   626.580830264632   632.938809238348   632.538627127204
 0.0637974265  0.0638025397   650.096739668625   638.089691092506   632.755562588085   633.907442214654   642.899082864054   643.858888152932
 0.0639326457  0.0639595481   641.565263257855   638.089691092506   654.365473046937   646.418110135625   631.202379371243   633.216969461411
  0.063985392  0.0640077816   641.565263257855   642.894723356399   643.534618266616   641.973391858549   641.942399320728   641.747245574679
 0.0644138365  0.0644506983   643.590742079857   642.894723356399   645.181915077858   646.120574988793   650.117063720024   649.731469549431
 0.0645969945  0.0646120129    654.58990687795   642.894723356399    647.94916414134   647.598161282978   658.444598967245   649.544265034431
 0.0647490492  0.0647946607    654.58990687795    657.79955507572   658.191007346585    650.08057800272   652.583660118803   652.308772886572
 0.0649682455  0.0650255612   669.079773400905    657.79955507572   660.583293418295   662.005679372388   667.933398942412   664.317924164311
 0.0650610358  0.0651202979   669.079773400905   686.828877325798   669.202566486978   664.842863197435   676.729583222746   680.355285810671
 0.0651564708  0.0651593068   691.125783707924   686.828877325798   675.383272000081   681.734581112699   691.068399603818   687.137946682563
 0.0653517906  0.0653838632   691.125783707924   694.278940241279   695.167222042305   692.823825945563   685.610830909671   685.761277150731
 0.0653877306  0.0653890497   691.125783707924    699.61501278993   699.817368629852   702.205522539168    695.31504045888   695.392577724113
 0.0655545483  0.0655575874   697.652299997344    699.61501278993   698.070233845094     701.3948181023    700.84083723073    703.39636494123
 0.0655908999  0.0656035514   706.018454274469    699.61501278993   701.154783440521   702.060456011317    702.41059426788   702.820485183244
 0.0657164656  0.0657258511   706.018454274469   707.468970663411   710.385377230092   706.506618914091   698.076035871702   697.219467051937
 0.0658123318  0.0658666386   706.018454274469   701.972415980958   710.146486094704   710.909657436811   695.907226093221   694.930801456124
 0.0659505021   0.065955322   703.225322632714   701.972415980958   714.904192968639   710.911892650973   705.103790696517   704.562694288312
 0.0660420427  0.0660437208   701.028630497895   701.972415980958   707.631717888157   706.909077988191   699.231132873858   698.764586952123
 0.0660775652  0.0661003419   701.028630497895   697.893927387873   706.869595632602   707.682186212953   690.587455078324   691.062402596997
 0.0661112715   0.066181172   699.165276976764   697.893927387873   706.768324593735   704.439193630972   691.646943682933   694.051954596084
 0.0662678277  0.0663129758   702.936005869823   697.893927387873   697.260534150588   700.316454432708   699.916488386529   700.360950445275
 0.0663246434  0.0663374785   702.936005869823   708.441582682328   705.997304999123    703.62928843483   705.228249600177   707.933023322654
 0.0665131811  0.0666021263   712.667574145393   708.441582682328    706.70898767024   709.843770431854   719.176089825461   713.996568634798
 0.0668450169  0.0668479924   703.647444209813   708.441582682328   716.646200757781   713.472031657072   703.899512005681   702.848836111343
 0.0669157712   0.066938203   705.034639816621   708.441582682328   711.841015241156   714.569808483576   707.453049181079   708.079035556342
 0.0671097756  0.0671639397   710.186359658159   708.441582682328   711.486681666853   714.447049020991   712.002845513608   711.409536208378
 0.0683994464  0.0684347487   710.186359658159   711.359690455126   710.433468594804   709.376506173782    703.58273711257    703.70127694689
 0.0687165024  0.0687202448   710.186359658159   691.451353642029   718.741268324456   720.180108196838   712.417650795756   697.339592201085
 0.0687205849  0.0687279181   710.186359658159    719.78776982983   712.238680229992   699.525437019759   713.106245105761   712.333920987346
 0.0687629615   0.068778207   722.519396111548    719.78776982983   719.531338058119   726.321605095712   730.636843069664   727.436897397832
 0.0689022913  0.0689305459   722.519396111548   737.279250823779   721.664034835872   721.543234396751   728.676104186172    736.11495633692
 0.0690090361  0.0690203038   731.821006666852   737.279250823779   731.765421221435   735.895822878745   734.633488669746   735.788840291938
 0.0690210277  0.0690954879   743.564329816257   737.279250823779   735.465341991242   741.470635155062    741.77591796827   740.400292188384
 0.0692099883  0.0692432718   743.564329816257   741.729304164205   742.001689127476   741.444079306627   738.797060962057   739.932706412042
 0.0693272785  0.0693642153   751.890459954062   741.729304164205   748.490214703593   747.545218674977   755.113119322678   744.199627559667
 0.0698521891  0.0698679142   751.890459954062   752.583417052963   754.785469298002   750.689535294068   742.541955866024   742.485673288605
#[time: 0.07]
 0.0702174123  0.0702478729   754.890136927964   752.583417052963   758.270033988844   758.847927182386   746.271037663999   747.104864934719
 0.0705932993  0.0706283772   759.629128444258   752.583417052963   758.809164775825   757.333296954955   750.378078389262    753.39153704956
 0.0706547719  0.0706606169   759.629128444258   767.167704958563   758.534496214338    757.14846352907   763.709506110558   767.748748398562
  0.070841677  0.0708524738   770.726222971781   767.167704958563   765.393057843288   767.787107758715   761.312489414031   762.121229930505
 0.0709096463  0.0709151249   769.267165867432   767.167704958563   772.397851209641   771.473587378596   760.942638439718   761.010196518973
 0.0712236598  0.0712273814   769.267165867432   764.161384430171   775.537768800046   774.396983755852   762.694947230342   766.551958282093
 0.0713023109  0.0713448878   769.267165867432   771.860624950982    775.15154442186   771.421081308273   762.057790059302   762.561982125991
 0.0716209302   0.071669588   776.109477194661   771.860624950982   771.435716418255   764.688289636098   765.927900564854   767.963430971559
 0.0716812051  0.0716869326   776.109477194661   787.913171303401   774.439360940508   774.204944430208    781.75908165758   782.775429629059
 0.0717537474  0.0717600557    790.27449359313   787.913171303401   783.089381571044   791.568839371989   786.087036199045    790.11727088637
 0.0724580823  0.0724586035   791.533061017469   787.913171303401    795.12028548494    794.01054526883   784.660496420415   789.442967360264
 0.0725582981  0.0725590976   790.379460351562   787.913171303401   801.527758779865   797.718869891287   781.767241695886   785.141562261522
 0.0726576432  0.0726643664   790.379460351562   792.032626600599    790.54909632315   790.195956923091   790.181114910407   790.045248027974
 0.0728022331  0.0728391546   794.879336978084   792.032626600599   797.897779769915     799.1812727103   787.612526278098   794.551448898596
 0.0730504655  0.0730533267   794.879336978084   801.833008349327   799.000337513714   797.541809951637   794.419550265612   793.488775002143
 0.0731939087  0.0732021872   810.976553536798   801.833008349327   797.731313576816   797.344213882438   803.488149380204   805.109043429909
 0.0732226611  0.0732303231   810.976553536798   818.429098173757   816.065952741802   810.902734889311   814.981439328541   813.537773100005
 0.0733148462  0.0733209759   816.645614754505   818.429098173757   813.179367240458   813.185684152316   811.577663156928    811.18096227627
 0.0733513687  0.0733596749   814.812541374627   818.429098173757   823.170835908117   824.476937811202   807.587674304196   808.407040590694
 0.0733698147  0.0733829532   823.652362572384   818.429098173757   819.560071776898   822.105234675699   816.940471610581    819.99541719847
 0.0734304025   0.073430538   808.344912927237   818.429098173757   828.173236592861   825.362100355324   809.823072423977   820.740599047477
 0.0735909039  0.0736618972   810.625602351743   818.429098173757   814.385197710455   819.502069111822   814.789868025958   816.822197751658
 0.0736939391   0.073711816   815.023498990077   818.429098173757   820.299641696717   823.524735629983   813.617362948027   813.510462198213
 0.0737425374  0.0737449568   825.743300116573   818.429098173757   817.804650923752   820.843413752175   821.485675932485   822.568465886247
 0.0738925513  0.0738967913     821.2858841641   818.429098173757   829.283884924128   823.713857886389   811.756375002345    811.94626119009
 0.0739680284   0.073971538     821.2858841641   822.425638214427   822.164307667827   821.025824123329   828.061601300664   830.118920845733
 0.0741875076  0.0742350037     821.2858841641   808.050326404824   821.528685476251   821.525790641772   823.003118408894    813.54166782229
 0.0742434554  0.0742545562     821.2858841641   827.881664174592   816.774069470901   814.909694400715   822.444163562407   819.200674662232
 0.0743584943  0.0743598748   829.578414542603   827.881664174592   827.242568623812   830.047819021093   837.548048051794   833.988863625984
 0.0747906338  0.0748116202   829.578414542603   816.285669583134   836.880116541682   835.820660123609   838.376328209683   822.531438146023
  0.074819141  0.0748342402   829.578414542603   831.708559952861   831.774989323834   824.902602164376   823.059808677545   822.315974152144
 0.0749560142  0.0750202449   830.363431840902   831.708559952861   836.080628762612   836.830583666797   828.016149148393   826.276520268907
 0.0752407407  0.0752524481   828.044702643175   831.708559952861    836.59536978593    837.74299872152   826.004595111288   826.095799632349
 0.0754646982  0.0754841169   827.967227921674   831.708559952861    830.47894635406   831.106693132737   831.790607511712   834.522600854767
 0.0760371474  0.0760688936   833.154745017485   831.708559952861   830.026701039052   828.943688390397   824.996784329101   826.059145120018
 0.0763666203  0.0764494859     832.2662342023   831.708559952861   832.690041160253   832.646009003818    823.20478793545   823.465114461381
 0.0766454257  0.0766482436   827.604300108445   831.708559952861   840.570084458843   840.219181981314   833.747749740946   835.442743505794
 0.0766890169  0.0768497161   837.086471389985   831.708559952861   835.162527326781   837.332418754276   828.190731404537   829.848480219949
 0.0769968452  0.0770158845   837.086471389985   840.139497550937   841.586434028868   838.466821600845   835.953929114754   842.830957866388
 0.0774140881  0.0774309932   837.819194952116   840.139497550937   840.807518358987   841.832097392644   831.041601763313   835.636832933085
 0.0777490375   0.077763994   830.382785699205   840.139497550937   841.892182897621   842.435959630803   834.106916189823   840.085707990821
 0.0779073438  0.0779418408   830.382785699205   833.545730466312   833.671261533057   846.748834155141   824.453448918069   823.821597186035
 0.0779800479   0.077990908   841.655317439707   833.545730466312   835.328598004097   837.904952945574   848.445742000016   839.267196972729
 0.0783237719  0.0783813193   841.655317439707   838.571589244629   841.163572124485   839.791698067289   851.033649438435   845.777226646145
 0.0794533069  0.0794534391   837.661029575743   838.571589244629    846.99794589378   845.103227657012   847.250631877397   848.351164531612
 0.0797417322  0.0797580825   837.661029575743   837.132248875095   843.005859176898   843.554535449611   829.709651406448   829.975449168584
#[time: 0.08]
 0.0809722437  0.0809791816   837.865029858454   837.132248875095   838.570173054485   838.442742449766   834.287089004868   833.114725072504
 0.0812945023  0.0812977011   840.453649120274   837.132248875095   840.840881207246   840.650456758451   832.751710729776   833.939382075745
 0.0814143654  0.0814370416   840.453649120274   838.230579226737   845.511252133864   842.738708388353   839.205812457321   839.239268774162
 0.0816667878  0.0816791682   840.453649120274    846.15842479986   843.725267211417   842.761746574864   843.547647626605   841.908205475468
 0.0817198324  0.0817229404   846.718667842186    846.15842479986    844.21388552881   845.851275343112   848.492893589801   843.729987866049
 0.0817706733  0.0817796273   843.075404160423    846.15842479986   848.994231126218   848.724725883471   839.444747557146   838.510560896328
 0.0821276183  0.0821358447   829.458483476863    846.15842479986   849.048951347231   850.810686955013     836.0428683496   840.676104685633
  0.082176026  0.0821873635   829.458483476863     831.0771368778   838.568116146651   855.963041075069   822.866603434921   820.885280064961
 0.0832260166  0.0832374332   829.458483476863   816.327057278687   827.561681767684   836.280904125603   838.210907691134   820.323376951868
 0.0832562399  0.0832776774   829.458483476863   813.033134715552   834.321480208842   823.889953024525   828.468641135893   816.809448077472
 0.0834094526  0.0834105019   801.266562626408   813.033134715552   839.163288693537   821.738730925057   804.119625832774   812.436714530992
 0.0834416764  0.0834431461   811.095978965475   813.033134715552   808.747906685948    813.59820868737   808.795957856618   812.124338282849
 0.0835253327  0.0835574483   822.946847680812   813.033134715552     817.0152049073   818.048149835942   814.403525551921   814.316401401318
  0.083695919  0.0837117223   822.946847680812    825.54044415587   822.095320732095   819.328500175095   818.112428176316   817.057772663113
 0.0837254326  0.0837394154   822.946847680812   825.464325190192   824.744503829322    825.87063368669    818.20356675479   818.403106939446
 0.0839305704  0.0839317562   822.946847680812   824.737822436215   824.064411759006   823.999974166569   815.021541550701   814.794397184607
 0.0840777839  0.0840838326    827.26029771089   824.737822436215   825.055386549353   825.261347584724    819.13613650152     820.9271213674
 0.0843520604  0.0843822227    827.26029771089   826.362096945372    835.12413560844   833.299899055336     823.0686601751   823.731863400775
 0.0844408945  0.0844439501   830.540304437515   826.362096945372   832.631992500149   832.029907192465   822.119062710845   822.059102636414
  0.084450468  0.0844664877   830.540304437515   842.235575591713   831.949307886292   830.252922093807   837.480858987178   841.427357079953
 0.0846522161  0.0846703785   848.215747116466   842.235575591713     840.5486461847   848.283268498022   838.108403962563    840.69795475597
 0.0847992967  0.0848031706   843.536462059267   842.235575591713   851.694229411473   848.744345293853   833.847883001763   834.080499609953
 0.0849262986    0.08493747   843.536462059267   855.814030699026   853.835862214049    852.57593728144    850.93531142414   856.288793083445
 0.0849659012  0.0849877698   857.252137478418   855.814030699026   852.581273045957   861.671138806767   848.553231670104   849.492148632918
  0.084988173  0.0849979428   857.252137478418   864.714919449201   858.244227068739   856.589925431496   854.941614279201   855.137711820977
 0.0850202318   0.085038055    869.53751368559   864.714919449201    864.25463901379   869.008784229498   872.020908230921   869.124363953784
 0.0852136145  0.0852479084    869.53751368559   872.434010116651   877.260090888515   873.946635447442   862.728043216838   862.993231643527
  0.085467109  0.0854757327   884.636009222766   872.434010116651   871.598350066949   873.763188650877   882.160642055471   873.242041181078
 0.0856073087  0.0856138914   884.636009222766   875.772489724415    881.64837790428   878.992833241599   891.323124198599   882.559941564665
 0.0856211113  0.0856738957   884.636009222766   886.785700949794   889.827136222904   884.709280157047   877.268182230381   877.261574643697
 0.0857505852  0.0857821035   862.416930470053   886.785700949794    889.91014308162   890.963888700888   870.988399020382   895.909671436205
 0.0857973846  0.0858067294   885.723562467741   886.785700949794   871.303376799444   882.363554490704   881.541644115201   881.296331784073
  0.086097337  0.0861053284   882.303394183944   886.785700949794   888.837305629819   889.324812639578   885.492234903359   889.282702589243
 0.0862287951  0.0862365308   890.945056352069   886.785700949794   887.390306537547    890.56615558701   880.775668059878   880.475364412434
 0.0864079059  0.0864881042   890.945056352069   897.034293711803   891.689485569285   890.797942017078   893.384241195878   892.022591265034
 0.0865580935  0.0865979914   912.605548424584   897.034293711803   898.916297764328   903.472333082546   911.365848728521    903.97897319136
  0.086603075  0.0866048021   912.605548424584   917.624932863684   918.772728054663   905.412838780134   916.165393004263   917.695825509305
 0.0869803365  0.0870148722   916.173717604352   917.624932863684   914.844132665629   914.538272864975   915.615358639348   915.465760523922
  0.087289128  0.0872950554   916.173717604352   915.619482668083   918.476002481313   918.717147146862   908.051160953649   910.380689418678
   0.08749758  0.0875053926   916.173717604352   918.972405699826   918.591555958197   918.373266512724     911.0254229319   910.758823443663
 0.0877982734  0.0878279251   916.173717604352   915.139842902906   920.813118481861   922.011628204482   906.145803085015   906.398057531271
 0.0879328274  0.0880328419   916.173717604352   912.557929746027   925.374758909239   924.351572727857   908.177487721601   908.128413172657
 0.0883084869   0.088309515   916.173717604352   910.848084271395   920.721188592475    918.97651777935   924.680901552615   918.645555488147
 0.0883707859  0.0883902331   916.173717604352   922.370931006608   915.865424838834   914.672928227691   916.698985440052   916.727770714948
 0.0884564835  0.0885448039   916.173717604352   920.183528767491   916.053398865925   930.484752720821   916.239698776514   913.208976545249
 0.0887166937  0.0887245405   922.514176608739   920.183528767491   919.342669555382   920.419361013728   913.903603029191   914.583547516551
 0.0888233068  0.0888318871   922.514176608739   923.435565616126   926.903926031585   925.238162093074   920.421122705977   920.362933756044
  0.088907527  0.0889223339   922.514176608739   935.651969193909   926.563586125282   926.916875910312   930.888262892583   927.239598335935
 0.0891648078  0.0892008833   922.514176608739   926.134835592727   928.394559688232   940.744082712425   919.806766238999   917.431974467707
 0.0894888519  0.0895078474   926.775250231023   926.134835592727   925.259881751216   925.994528191338   916.356795296239   918.183765832323
 0.0899010291  0.0899078979   923.326835893406   926.134835592727   932.450529904273   931.972249728634   927.302630528124   928.054019444459
#[time: 0.09]
 0.0904097109  0.0904339184   894.822218736093   926.134835592727   929.119778412375   929.956242069281   903.033428034812   921.716362520329
 0.0904459848  0.0904511977     923.9433303383   926.134835592727   905.282931470533   923.721059914685   927.365452815207   928.283215042843
 0.0910724066   0.091094299     923.9433303383   926.938559588186   928.138087218048   929.036253461226   927.231892834864   927.750863836658
 0.0913688321  0.0913813642   933.070454256732   926.938559588186   931.092495150475   932.708038612895   930.230495035339    930.00447186333
 0.0914019002  0.0914157288   933.070454256732    919.20708556982   933.808536102836   928.734151505848   934.043970358629   927.377231672141
 0.0914426372  0.0914500016   933.070454256732   930.809183743383   930.821519515747    926.90638476054   937.759935873572   936.333431808645
 0.0916612606    0.09167774   933.070454256732   940.956498876437   932.956370531977   932.625147321595   937.010337766993   937.003959969509
 0.0917323515  0.0917400336   941.552835306099   940.956498876437   940.592130626484   944.243556918617   934.122634236675   934.055910109274
 0.0918879096  0.0918973711   941.552835306099   945.778993389324   945.894802660378   945.610226953591   940.895849934298   936.725130507918
 0.0920169125  0.0920669015   949.762414915441   945.778993389324   949.278694628525   951.733448059216   957.011819016757   953.846437044761
 0.0921441916  0.0921560784   949.762414915441    952.15089715484   950.053012802436    948.58910200651   951.363201573779   951.794917242607
 0.0922712815  0.0922877855   953.693352686443    952.15089715484   955.046238172805   956.081288387928   960.659177396334   959.148438574907
 0.0924800445  0.0924992319   953.693352686443   941.381810457267   953.415619995613   953.354681052349   954.611105965867   941.019819640364
 0.0925959942  0.0926072903   953.693352686443   957.304882591074   954.241822022442   949.905240501643   949.938496071228   948.301618183299
 0.0930927215  0.0931180932   960.369957483333   957.304882591074   959.481625518024   961.066465964544   951.339364366057   951.596762557655
 0.0932287253  0.0932839836   958.540634293836   957.304882591074   966.684270310017   964.931759974473   951.496354498947   952.088131840559
  0.093691066  0.0936972801   958.540634293836   957.527107718508   955.265010524173   955.662598776777   967.390467232724   965.749947555137
 0.0939045921  0.0939475336   958.540634293836   960.947620274341   965.552452334831   964.980104036782   955.911604736456   954.809488944814
 0.0942257106  0.0942524281   958.540634293836   962.663398253903   962.971228080961   964.161238471524   953.986976627733   954.096995858055
 0.0943388835  0.0943398333   967.974228774144   962.663398253903   963.619988142507   964.353075159741   964.222102606365   964.832014759709
 0.0946921123   0.094693328   966.087292781821   962.663398253903   976.141355886748   970.322610839123   956.531978623878   956.829277251516
 0.0951287283  0.0951402026   953.891246042446   962.663398253903   971.770408057103   969.333137299981   955.308459383706   965.247268833657
 0.0952236707   0.095234662    963.38094317932   962.663398253903   960.349445266935    963.54653397931   952.917954372146   953.177564175851
 0.0952393811  0.0952408801   961.022016339701   962.663398253903   970.023734853712   969.424974968073   956.169249043559    955.72642074179
 0.0954112575  0.0954578309   964.135209454714   962.663398253903   968.591749669785   969.356465496499   957.751592751217    958.06208255455
 0.0962017094  0.0962335545   964.135209454714   982.887161022193   966.799499795834   966.217866082741   972.956518750274   974.389080906585
 0.0962849611  0.0962864589   985.595403280889   982.887161022193   971.089354614204   984.106453311846   976.837247094135   979.862187469707
 0.0966428278  0.0966614484   985.595403280889   989.381702102473   988.404582836674   987.750915614267   993.291660637014   985.969204418061
 0.0966878943  0.0966970135   1003.48663977889   989.381702102473   991.080772886263   992.526306355175   1002.72901723482   994.865087470024
  0.096734711  0.0967404905   1003.48663977889    1004.1674333255   1010.75950195941   999.163221845178    996.92657786688   996.989945046744
 0.0967669935   0.096784947   1007.54630991766    1004.1674333255     1009.895831518   1010.56859107322   1005.58550340585   1005.70830123567
 0.0970260498  0.0970699308   1007.54630991766   1001.99058187493   1012.97680018997   1010.57752203491   1008.71846283188   1005.62446037456
 0.0971275197  0.0971387122   1007.54630991766   1008.77933208771   1010.13483336522   1007.39582418031   1003.78848006488   1003.55402762887
 0.0973500323   0.097378152   990.924441501616   1008.77933208771   1010.23269962002   1010.72541199624   996.946242287672   1010.85906454629
 0.0973892328  0.0974175859   1009.98869056318   1008.77933208771   998.346525151482   1004.17345730909   1012.89488004133    1012.0702965091
 0.0975066313  0.0975099765   1019.81909895442   1008.77933208771   1015.43666678432   1014.78525052683   1017.29970475635   1012.94543131099
 0.0976242783   0.097652379   1019.81909895442   1014.99133360609   1018.70315973313   1014.21292898183   1028.01659769822   1021.10937136942
 0.0976909217  0.0977101745   1013.52258276558   1014.99133360609   1022.21640099226   1020.49260882451   1017.09913794354   1017.70426254155
 0.0978281756  0.0979170945   1013.52258276558   1015.15082351239   1018.86128308819   1019.73549312046   1020.62233035057   1013.16484954692
 0.0981926908  0.0982003411   1013.52258276558   1021.59331117885   1017.17501279969   1017.60651569105   1017.59349310145    1014.0123305436
 0.0982242993  0.0982265517   1019.10769522546   1021.59331117885   1018.96685446349    1020.8154832336   1017.99746842867   1017.81893866319
 0.0982777049   0.098305177   1022.71704636801   1021.59331117885   1023.61991877058   1025.77593897101    1029.3037770303   1027.97198233054
 0.0984038664  0.0984266534   1022.71704636801   1022.09605863228   1029.67910893555   1028.57007196462   1023.84724354751   1023.69604372856
 0.0986428039  0.0987057224   1019.92156534226   1022.09605863228   1027.66045014197   1027.20653169027   1016.63457470854   1016.60331967577
 0.0994751837  0.0994874795    1017.5610120455   1022.09605863228   1023.37731618748   1023.82171845225   1020.12775326145   1028.63703475111
 0.0995189821  0.0995284649    1021.4499193166   1022.09605863228    1021.8358056154    1017.8885928452   1017.99939844603    1017.7902142272
 0.0996223678  0.0996240724    1021.4499193166    1022.3855349255   1024.80783564562   1025.23364399983   1024.44616511718   1028.42666229022
 0.0997204266  0.0997512449    1021.4499193166   1010.81776373491   1025.23058003649   1026.00978256714   1026.57401713944   1017.63443482169
 0.0998163322  0.0998212065    1021.4499193166   1027.89844339453   1021.04179117885   1018.18204382586   1026.16665052029   1026.87140069226
#[time: 0.1]
