# command line: ./generate_stepping_data --k_b 100000000.0 --k_ub 100.0 --cb 0.1 --cm 0.4 --ct 0.2 --ls 10.49 --lt 23.8 --eqb 120 --eqmpre 200 --eqmpost 224 --eqt 0 --dt 1e-10 --label paramSearch-exprun2 --seed 1.0 --runtime 1.0 --framerate 1e-10 --nomovie --exp-unbinding-constant -0.1



#********paramSearch-exprun2__k_b-1e+08,k_ub-100,c--0.1,cb-0.1,cm-0.4,ct-0.2,ls-10.49,lt-23.8,seed-1,dt-1e-10********
#time_unbind, time_bind, nbx_bind, fbx_bind, nmx_unbind, fmx_unbind, nmx_bind, fmx_bind
#[time: 0]
 0.0087229404  0.0087284101                  0  0.753387635054792   2.82479876179116  0.970237577722473   1.50875017841191   1.64729323535114
#[time: 0.01]
 0.0138971745  0.0139380001  -13.9897381833274  0.753387635054793   1.31637168542943    1.4219355392133  -8.95983419853175   3.87000522028621
#[time: 0.02]
 0.0287500475  0.0287518449  -4.56131844497831  0.753387635054793   -9.6087458321138   3.57685263777371  -3.56708533000174  -4.32874242675955
#[time: 0.03]
 0.0340262593  0.0340414932  -4.89840005851609  0.753387635054793    1.1891415849685   3.37516346318251  -1.63628843800424   1.68771364522765
#[time: 0.04]
#[time: 0.05]
 0.0519121022  0.0519174179  -4.89840005851609  -3.52407682872688  -1.47940211319552 -0.435509774979232  -5.75974975229718  -6.02782058424688
 0.0553202992  0.0553759995  -4.89840005851609  -5.73830384462469  -2.25006330812857   -1.7223879208639  -15.1502149061853   -15.060305107196
#[time: 0.06]
 0.0670038905  0.0670184032  -4.78654780568084  -5.73830384462469 -0.458051381986965 -0.938660400912482  -12.9033108895824   -11.047160683588
 0.0674933255  0.0675047527    -6.780562405999  -5.73830384462469  -1.71533031866091  -2.22324988845312  -4.76987976323652  -5.50262299117255
#[time: 0.07]
#[time: 0.08]
 0.0852698717  0.0852729274  -7.80655627150271  -5.73830384462469  -5.33264540441036  -5.23849472815124  -18.2960668248386  -7.31977284275496
 0.0876629487  0.0876759545    -2.889037475511  -5.73830384462469   -5.1271122648349  -4.36348898794023  -8.42967855792244  -7.65970045919749
#[time: 0.09]
#[time: 0.1]
  0.100891167   0.100907358    -2.889037475511  -14.5086453355869  -1.45491936515478   -2.0262288667322  -4.34354136625759  -10.4265458383714
#[time: 0.11]
  0.114229284  0.1142791972    -2.889037475511   7.18337881721123  -1.95906851517162  -7.71037899350046  0.774635302564135  -2.41665959940108
#[time: 0.12]
 0.1286859233  0.1287202034    9.3945260210506   7.18337881721123   2.06437625251852   5.81336990776304   10.4833492560425    9.8369821146868
#[time: 0.13]
 0.1331782455   0.133208824   9.64310786358118   7.18337881721123   13.5222158899815   12.0857337778577   10.5940809176264   9.90889065595647
#[time: 0.14]
 0.1468657725  0.1468726514   9.78636607486178   7.18337881721123   12.8984133774576   12.1524704517688 -0.191896836368459 -0.698860964633536
#[time: 0.15]
 0.1513613817  0.1513761416   7.82116451436404   7.18337881721123   10.4722526868581   8.87853560249233  -2.03414497168755  -0.44774619119277
 0.1566728604  0.1566875391   7.82116451436404   -11.120414044024   8.71764094585126   8.51117334138843   4.86054176500067  -4.23547341449512
#[time: 0.16]
 0.1628262371  0.1628359857  -20.7242254201515   -11.120414044024   4.70532347470993  -2.39216803925093   -15.001014365077  -4.41043531517312
#[time: 0.17]
 0.1753841321  0.1754003759  -9.54031401640703   -11.120414044024  -16.0771927706274  -14.7418046670792  -8.80481132984287  -8.97259115986791
  0.177177949   0.177202553  -9.54031401640703  -1.35757017689369  -5.22089375428663  -6.03401361064457  -4.62112152675165  -7.29852859495392
 0.1780974675  0.1781174748  -12.4073642721281  -1.35757017689369  -4.00844430035322 -0.649242881013692  -7.70714628942897  0.281278754218802
#[time: 0.18]
  0.182446463    0.18249307  -12.4073642721281  -13.4033631846335  -4.39204742265108   1.12546502914585  -16.6297908635776  -16.4456581550788
#[time: 0.19]
 0.1959993584  0.1960098099  -12.4073642721281  -8.67921847000959  -9.37142735072496  -9.62436007904228  -17.5673039523656   -17.591441172653
#[time: 0.2]
 0.2028778303  0.2028857319  -6.45328826826211  -8.67921847000959  -11.0417875153561  -8.77312219566987  -16.8456022874469  -15.5508639888599
#[time: 0.21]
#[time: 0.22]
#[time: 0.23]
 0.2338078752   0.233816088  -6.45328826826211  -9.05194891214053  -5.18552896810159  -5.38039267923839  -16.3463531280425  -16.8335095847544
 0.2370895278   0.237102625  -6.45328826826211  -5.83778076007707  -6.00594141319513  -6.74392953452278  -14.3468256292595  -15.2546050195332
#[time: 0.24]
 0.2497516966  0.2497820725  -6.45328826826211  -7.35476591140756  -3.29125956406083  -3.03254744092976  -6.54199942335037  -6.60629264884393
#[time: 0.25]
 0.2554629114  0.2554818956  -6.45328826826211  -8.45442311040454  -8.41533850207326  -6.13238407899515  -1.70983045075227   -3.0217316046848
 0.2585041253   0.258581834  -3.10054200045126  -8.45442311040454  -6.00894202909094  -6.37378118661671  -10.8824052749251  -8.00005239707803
#[time: 0.26]
  0.266625613  0.2666359315  -3.10054200045126  -6.33502027578674 -0.747931700163143  -2.06645671374543  -2.23771629155857  -3.08265307032557
 0.2694118925  0.2694529769 -0.717126676823092  -6.33502027578674   1.26827785225376 -0.223488118115661 -0.411710320718955 -0.944671078667254
#[time: 0.27]
 0.2747401264  0.2747481364 -0.717126676823092  -21.8546691497064 -0.212692491587497  -2.18714715745767 -0.376956767371751  -17.4818637483995
 0.2788091311  0.2788304083  -33.9438046075316  -21.8546691497064   2.17820130663856  -12.3404339191847  -28.1585404356815  -18.6644461550498
#[time: 0.28]
#[time: 0.29]
#[time: 0.3]
#[time: 0.31]
   0.31052324  0.3105609824  -33.9438046075316  -38.3767498520812  -27.9431342220753  -23.1290628048162  -32.9289116011573  -33.9235904917251
 0.3109167295  0.3109198619  -37.8237406118258  -38.3767498520812  -29.6154339094122  -31.4466896724615  -31.0607265650355  -32.2511608458634
#[time: 0.32]
  0.325971417  0.3259974852  -37.8237406118258  -37.0339938239205  -36.7923285701056   -37.155917289536  -38.5950403139764  -38.9040493202918
#[time: 0.33]
#[time: 0.34]
#[time: 0.35]
#[time: 0.36]
#[time: 0.37]
 0.3745130978  0.3745156922  -37.8237406118258  -34.8614488642273  -35.6251811908389  -35.4025336672519  -43.3016955889026  -43.4698635102412
#[time: 0.38]
#[time: 0.39]
#[time: 0.4]
 0.4040827612  0.4040909812  -37.8237406118258  -34.0126511258475  -32.2243268393372    -31.35749778402  -43.4090513448859   -43.755310784163
 0.4055412223  0.4056355517  -31.9021596781155  -34.0126511258475  -33.8884100158614  -32.7832581346626  -42.1346810951377  -33.6994967547832
#[time: 0.41]
 0.4104435731  0.4104483986  -28.2920810298495  -34.0126511258475  -28.1554314449663  -29.0000304633121  -36.2481119914303  -33.8902776634161
 0.4115615596  0.4115791626  -28.2920810298495  -24.2315164677808  -32.7621991223083  -32.0575631374344  -22.5124472438215  -20.5628609873608
#[time: 0.42]
#[time: 0.43]
#[time: 0.44]
 0.4485139224  0.4485176104  -28.2920810298495  -38.8993812582909   -25.320182754594   -24.854742876051  -25.5077871407564  -34.0760212451583
#[time: 0.45]
  0.451231339  0.4512353432  -28.2920810298495  -35.6645133370779  -24.5585573853013  -35.6397382480289   -26.545451567181  -30.7101525646224
#[time: 0.46]
 0.4656381215  0.4656709305  -25.0582871822564  -35.6645133370779    -28.72658815688  -32.0533269181095  -29.6437837515962   -30.626400078027
 0.4663827987  0.4663957499  -33.0724542653842  -35.6645133370779  -29.1694789577532  -30.1700751933509  -43.5350112849041  -43.5704529109311
#[time: 0.47]
#[time: 0.48]
 0.4847270776  0.4847299675  -33.0724542653842  -34.8529464408602  -33.0005038015729  -33.2664368968856  -34.4631118510484  -34.4491188761741
#[time: 0.49]
 0.4976098177    0.49764712  -31.0031447350958  -34.8529464408602  -30.1777732807534  -39.8980394514901  -41.3176292110611  -42.1770085312689
 0.4992546713  0.4992708402  -23.9763217163986  -34.8529464408602  -32.4827683023198  -32.6372597767095  -27.6540098744992  -29.6799830476061
#[time: 0.5]
#[time: 0.51]
#[time: 0.52]
 0.5295529358  0.5295578732  -23.9763217163986  -29.3383776923458  -23.7530531676845  -30.6940149291384  -21.3112861320014  -25.7290745698788
#[time: 0.53]
 0.5392220268  0.5392340974  -23.9763217163986  -23.4551520648252  -22.3197961505839  -25.0214433918264  -31.7016913416144  -33.7662675064967
#[time: 0.54]
 0.5467668147  0.5467785703  -20.4146735917418  -23.4551520648252  -17.6106105905669  -17.2543979403542   -26.738916320602  -26.4897391709125
#[time: 0.55]
 0.5536330962   0.553641936  -20.4146735917418  -24.7568949092632   -18.352557157018  -24.4281929982366   -26.772147077904  -26.3976163789631
#[time: 0.56]
 0.5633685392  0.5633784245  -20.4146735917418  -13.7301451352643  -18.1192516329877  -20.3586300798085  -18.3349311938282  -19.4957780382081
 0.5668624664  0.5668892689  -20.4146735917418  -18.8121976146705  -19.1275412623236  -12.8229883694172  -18.5510753076908  -17.9971427062477
#[time: 0.57]
 0.5759869958  0.5759956688  -20.4146735917418  -23.8934973134961   -17.941276401482  -17.2523307080582  -19.7609305473332  -23.7619399738896
 0.5776239107   0.577632084  -22.6064311685677  -23.8934973134961  -18.1840450159335   -19.144888500608  -24.1787844076681  -21.1325347383843
  0.578315765  0.5783447955  -22.6064311685677  -24.9262799208565  -19.3159639142448  -20.2044518728777  -23.5140118515237  -23.5504333752702
#[time: 0.58]
 0.5839631708  0.5839681957  -22.6064311685677  -26.6521154048901  -18.4168015117326  -19.4117256814145  -25.4874861721297   -24.388138871574
 0.5841961404  0.5842083255  -22.6064311685677  -15.8611441597154  -22.2677371195729  -23.3869318185831  -18.3363110939802  -22.5977869765579
 0.5896212142  0.5896390855  -22.6064311685677  -20.9002034323181   -20.971058467162  -13.0910340166468  -27.3238898048103  -27.9369476524786
#[time: 0.59]
#[time: 0.6]
  0.601633197  0.6016679393  -22.6064311685677  -23.7845042913647  -19.9026855989238  -19.1891129190227  -29.5544217871337  -28.9432698019389
 0.6067899272  0.6068102821  -22.6064311685677  -21.4501301966576  -23.0081711244541  -23.0384628566539  -26.1101515914163  -26.2797295816058
#[time: 0.61]
#[time: 0.62]
#[time: 0.63]
 0.6344059801  0.6344151212  -30.6735369687524  -21.4501301966576  -22.0349697309532  -22.0287038035547  -22.4680211750058  -20.5115777325483
 0.6373543281  0.6374197906  -22.8223962489674  -21.4501301966576  -26.1397607544703  -24.4905081389087  -29.4782172535727  -29.3965400450661
#[time: 0.64]
 0.6408536899  0.6409313459  -16.5039257066327  -21.4501301966576  -22.4202392352798  -25.9376474827108  -19.0031634980486   -18.988247196429
 0.6458043614   0.645852354  -16.5039257066327  -20.9176447970794  -11.5255899990452  -14.2199881285035  -14.7445053343751  -17.1118075874368
 0.6464148577  0.6464696184  -3.37691056730865  -20.9176447970794  -15.9072649816014  -17.0387024081544  -3.20461173778221  -12.9697470524345
#[time: 0.65]
#[time: 0.66]
#[time: 0.67]
#[time: 0.68]
#[time: 0.69]
 0.6903032229  0.6903082361  -25.1167609730873  -20.9176447970794  -4.67772093082825   -15.459842643366  -22.6889651188708  -18.5825815138195
#[time: 0.7]
#[time: 0.71]
 0.7121912485  0.7121972428  -31.0048277477295  -20.9176447970794  -19.3597661092829  -18.1625851737801  -26.6900978337773  -19.3031273422913
#[time: 0.72]
 0.7292535753  0.7292974632  -22.4627041864453  -20.9176447970794  -24.9150279288651  -19.3388738397389  -14.5114047628243  -11.6139393325754
#[time: 0.73]
 0.7318008391  0.7318796009  -19.1698384782342  -20.9176447970794   -20.577766542256  -20.2297654864542  -17.7774197946317  -18.7353132113835
 0.7395389695  0.7395558495  -18.4648659814599  -20.9176447970794   -18.466105378368  -18.6865693004272  -17.1648193101675  -17.9299845823519
#[time: 0.74]
 0.7413650154  0.7413650156  -18.4648659814599  -20.9176447970794  -18.9152597608951  -19.1395259358673  -18.9284995551785  -19.1403644695491
 0.7433213268  0.7433374259  -18.4648659814599  -22.3817109676225  -17.5160940395241  -18.1376211873883  -17.0972072540113  -20.0671608640414
 0.7482626583  0.7482670194  -25.5535416211565  -22.3817109676225  -15.3068268503476  -17.0621911620569  -21.5944661951718  -20.0174259933711
#[time: 0.75]
#[time: 0.76]
#[time: 0.77]
 0.7758107174  0.7758227852  -25.5535416211565  -18.7253111300606  -19.2356481795327  -17.6960674140726  -23.1729224843274  -24.1095601752429
#[time: 0.78]
 0.7893859679  0.7893864066  -22.5443779963219  -18.7253111300606  -20.8645673968535  -17.3016290903458    -21.64699047015  -12.8018873192492
#[time: 0.79]
 0.7925429201  0.7925615101  -18.2099172733242  -18.7253111300606  -19.7341478214058  -18.8895284401624  -27.7644364237497  -26.1490904759424
 0.7967874704  0.7968329623  -18.2099172733242  -15.3824132833192   -16.646089640749  -16.7968990344226  -21.7184426570033  -22.2664461415938
#[time: 0.8]
 0.8000822331  0.8001176144  -34.7814811100896  -15.3824132833192  -14.0747911970962  -12.6050352294949  -29.1998323366063  -9.77078998894875
#[time: 0.81]
 0.8147099337  0.8147182192  -13.3950352648092  -15.3824132833192  -27.5050753043694  -19.9752005687712   -18.635043045545  -17.1549508392588
 0.8148293667  0.8148790492   -21.001058032472  -15.3824132833192  -8.71939683006376   -10.134539374869  -13.5308196824815  -7.52161469276614
 0.8173540682  0.8173567884   -21.001058032472   -28.763028023211  -15.6925961029678  -14.0478069174905  -10.8970104567968  -19.8804857402408
#[time: 0.82]
#[time: 0.83]
#[time: 0.84]
 0.8438263705   0.843872082  -33.2402947381838   -28.763028023211  -18.4889244628753  -27.1306530335302  -27.0719540144935   -20.814658278069
#[time: 0.85]
 0.8575601082  0.8575984836  -33.2402947381838  -32.3173681219902  -29.4627122921776  -28.2621259719611  -38.5169587077944  -39.4789334299555
#[time: 0.86]
 0.8637480024  0.8637542994  -33.2402947381838  -30.4275429383062  -32.3448399274715  -32.1425863377174  -30.3086876297201  -27.1041330626777
#[time: 0.87]
 0.8722868605  0.8723755727  -35.2898252788288  -30.4275429383062    -30.21464962278  -29.1374091146329  -26.5124626516409  -21.2256780196881
 0.8775144418  0.8775156123  -35.2898252788288  -42.3025458844235  -31.6385236675242  -30.5442269373116  -36.0914903290714  -37.9525925002135
#[time: 0.88]
 0.8852916897  0.8852975565  -40.8602040557323  -42.3025458844235  -40.9330959029486  -39.4536502542401  -46.2827671396488  -46.0474280895702
#[time: 0.89]
#[time: 0.9]
 0.9038571255  0.9038648108  -44.6512784497481  -42.3025458844235  -44.2839128631921  -44.2277901429729  -40.0981995827288  -38.2477109287795
 0.9082509628  0.9082854377  -44.6512784497481  -41.5316419486215  -43.6391355338412  -42.7858624061516  -49.7862436263351  -51.6120126590852
 0.9083093432  0.9083322594  -44.6512784497481  -39.6228238308718  -39.2185466780632  -37.3199192101731  -38.8648998213357  -36.7897291656425
#[time: 0.91]
 0.9133577598  0.9133614991  -44.6512784497481  -48.6385187282769  -39.7311187613459  -38.4215187129367  -54.5706882306881  -51.1980720582314
 0.9183876382  0.9183886229  -44.6512784497481  -38.5257175979086  -42.9651396185824  -45.3714706886563  -37.4175274010103   -32.699675181845
 0.9197868832  0.9198085288  -44.6512784497481  -50.6931571632105  -40.3699144326755  -36.8149606469564  -37.3126743249441  -48.5912827120645
#[time: 0.92]
 0.9296832681  0.9297052065   -53.852744000499  -50.6931571632105  -47.0168263865776  -47.7293108856449  -52.2818536740249  -49.3150445572252
#[time: 0.93]
 0.9342959234  0.9343347243   -53.852744000499  -52.6003124913764  -51.5372455857468  -51.0521149965477  -62.7939666262529  -62.7591686818272
#[time: 0.94]
 0.9414812912  0.9414977644   -53.852744000499  -58.4710126275589   -54.008194846047  -54.2237585440686  -50.3299004990411  -57.1676589041209
 0.9449609455  0.9449675431  -60.1824425184342  -58.4710126275589  -47.9425122259117  -52.6039457205712  -58.4934287573865  -58.1877718729562
#[time: 0.95]
#[time: 0.96]
 0.9601930355  0.9601960451   -54.757420475532  -58.4710126275589  -58.5706774852585  -57.9366665006942  -59.6826625312364  -59.3830438945718
#[time: 0.97]
 0.9703502245  0.9704381069   -72.787509154097  -58.4710126275589  -53.2635397965331  -55.3919938470572  -71.4273842695682  -53.5036271320804
 0.9708179758  0.9708270766   -72.787509154097  -89.8280930804398  -64.9824843109629  -58.2194201075099  -64.0488088671726  -81.6409852917332
 0.9714491607  0.9714767132  -84.4863695931501  -89.8280930804398  -75.8735639288687  -81.5978440222358  -94.8527788813248  -93.9709990074672
#[time: 0.98]
#[time: 0.99]
