# command line: ./generate_stepping_data --k_b 100000000.0 --k_ub 100.0 --cb 0.1 --cm 0.4 --ct 0.2 --ls 10.49 --lt 23.8 --eqb 120 --eqmpre 200 --eqmpost 224 --eqt 0 --dt 1e-10 --label paramSearch-exprun2 --seed 1.0 --runtime 1.0 --framerate 1e-10 --nomovie --exp-unbinding-constant -0.2



#********paramSearch-exprun2__k_b-1e+08,k_ub-100,c--0.2,cb-0.1,cm-0.4,ct-0.2,ls-10.49,lt-23.8,seed-1,dt-1e-10********
#time_unbind, time_bind, nbx_bind, fbx_bind, nmx_unbind, fmx_unbind, nmx_bind, fmx_bind
#[time: 0]
 0.0010242011  0.0010639019  -1.58894316608944  -3.50527106182634 -0.293658949620166 -0.847641821623875  -6.08295768813244   -5.7842310780029
 0.0087179403  0.0087361503   11.1775198435413  -3.50527106182634   1.44664108335169  0.454154811285133   9.95656920208264   2.47403449068995
#[time: 0.01]
 0.0101688956  0.0101795507   11.1775198435413   13.4039253240121   17.5797526537812   3.15753878156384     4.523771604531   4.18761578632323
 0.0138890561  0.0139017674   7.38848588365545   13.4039253240121   13.0704888203016   13.3012445212409   12.0079024454698   13.6393461169363
#[time: 0.02]
 0.0287457234  0.0287471799   7.38848588365545    4.5932924673917    11.089452138441   17.5668006377683   4.92777290878188    5.3670835384459
#[time: 0.03]
 0.0340219633  0.0340319231    5.1589449381655    4.5932924673917   12.2419888639171   10.7746066683822   2.16378815216005   2.26553470883014
#[time: 0.04]
#[time: 0.05]
 0.0519085701  0.0519295552   9.35025846918458    4.5932924673917   8.03984179437546   7.80199757426814   2.41040154882412   4.32796168648047
 0.0553146731  0.0553171522    13.343093204328    4.5932924673917   10.4722215954631   8.28981206310652   6.77949224715401   10.3622637316883
#[time: 0.06]
 0.0670047936  0.0670100323    13.343093204328   10.8218261810713   16.7181399323591   10.9328600269183    16.859188847482   15.4620400241093
 0.0674955158  0.0675029028    13.343093204328   12.7944215147798   16.1189383953482   14.7933732309128   9.45145958442932   9.62197891837443
#[time: 0.07]
#[time: 0.08]
  0.085272542  0.0852826892    13.343093204328   8.22406808780634   14.1108318441761   14.0604908915542   14.0765577721256   12.0214870612438
 0.0861965638  0.0862122395    13.343093204328   25.2883594728993   14.8348707048653   11.6856393777749   20.0905409337648   28.1082331444416
 0.0876626731   0.087672199   16.1652825874286   25.2883594728993   19.2303574528144   20.5678796196127   20.2671621442027   23.9816493891848
#[time: 0.09]
#[time: 0.1]
 0.1008913111  0.1009169511   31.9998659054168   25.2883594728993   22.7833331181808   25.9070619975964   37.2621375741186   31.0866743097446
#[time: 0.11]
 0.1142283137   0.114248768   26.4356411258132   25.2883594728993   34.6375719518714   31.1811602898594   16.0961787146703   15.8701753683591
#[time: 0.12]
 0.1286888373  0.1287069359   32.9931271901093   25.2883594728993   27.2877998423992   26.9934474303375   26.6110228456062     28.77807336781
#[time: 0.13]
    0.1331833  0.1331835022   32.9931271901093   32.3163240183417   37.5983357799198   31.4751686440117   42.2147129489183   41.4459060586533
#[time: 0.14]
 0.1468749097  0.1468775392    56.695834776697   32.3163240183417    36.703167155687   36.5065071009879   53.0619933351864   41.1532659720717
#[time: 0.15]
 0.1506701794  0.1507215039    56.695834776697   49.8075373433776   59.3369685734353   38.2443130225612   58.8202833270558   55.2512901248464
 0.1513623439  0.1514360954   51.2624984021197   49.8075373433776     56.00010875565   52.7095414246534   54.7945925686936   53.7400040453852
 0.1566656892  0.1566719704   51.2624984021197   53.9494791988856   52.4787282741157   51.8567682585782   43.8072892278936   43.4627915130692
#[time: 0.16]
 0.1628208858  0.1628477619   51.2624984021197   47.7683075398458   52.0904179520372   51.9149066307855   43.0712379999315   42.3978028146163
 0.1652132995  0.1652255986   45.2789791141786   47.7683075398458   54.5304891191066   52.2290355972152   41.8877804354503   40.9610010013813
#[time: 0.17]
 0.1753749205  0.1753770082   49.7760576389161   47.7683075398458   47.0112022417699   47.8338302432127   48.1996349215624   48.3035811383712
 0.1771706021  0.1771939731    37.089486203281   47.7683075398458   53.9403749252842    52.919874330294   42.4277592512732    57.710064251475
 0.1780901986  0.1780930928    37.089486203281   37.7363720907659   43.4674240968151   48.0042507043102   33.2233287140177   33.1680398253527
#[time: 0.18]
 0.1824415258  0.1824911837    37.089486203281   40.5155098437048   41.8120877632521   42.0727906059427   38.4668104500704   38.2489889212052
 0.1893301802     0.1893341    37.089486203281   40.8527174269741   42.2452860360014   44.0003520020157   30.0974955131023   30.9639764511802
#[time: 0.19]
 0.1959935246   0.196039487    37.089486203281   49.2920728125965   42.7315731666588   44.2509614818124   42.8518755444498   43.8482414047773
#[time: 0.2]
 0.2028670772  0.2028719488    37.089486203281   36.5453601625032   38.0979429184977   49.8113216320985    30.650638058427   32.5189662308118
#[time: 0.21]
#[time: 0.22]
#[time: 0.23]
 0.2337974805  0.2338321597   45.6714418839675   36.5453601625032   39.0669923169642   39.0212283548455   45.9055625476198   39.6075564340126
 0.2370756499  0.2370907588   30.8739240896261   36.5453601625032   43.8503427147065   41.2581128974842   36.8481306482576   42.6804036274431
#[time: 0.24]
 0.2497374654  0.2497438596   30.8739240896261   25.5553292471687   33.8589348982947   34.2736459992961   29.5780985476748   28.8883621656865
#[time: 0.25]
 0.2554517697    0.25548246   26.8966022692511   25.5553292471687   32.6883576644692   30.4988863103935   26.8473774776832   27.6504734697647
 0.2584913889  0.2585360734   26.8159289905065   25.5553292471687   27.5509577095134   27.3210371209479   18.0298760632971   15.1107760563412
#[time: 0.26]
 0.2666170222  0.2666295255   26.8159289905065    26.014208830332   29.5860594132462    29.433049062058   18.3570727970489   18.5694993566773
 0.2694030447  0.2694151575   31.0507406133795    26.014208830332   31.8640758004152   31.5006923290167   21.0056186883755   22.9155188937124
#[time: 0.27]
 0.2747350868  0.2747642046   31.0507406133795   17.5641230272719   31.6998872980841   29.9605858203551   31.0460218314321   25.2101201104964
 0.2788021769  0.2788145288   26.1311777384313   17.5641230272719   34.4550342649456   26.1852144009753    17.999580353068   21.7903341075127
#[time: 0.28]
#[time: 0.29]
#[time: 0.3]
#[time: 0.31]
 0.3105177059  0.3105208799    26.861700384069   17.5641230272719    26.700237610875   22.9857520224334   18.1411735932544   20.5991771168569
 0.3109158496    0.31095235    26.861700384069   28.2204361911973    31.520019563041   25.6309213527565   19.8594298982458   19.9184572088477
#[time: 0.32]
 0.3259658739  0.3259742779   26.1644562083748   28.2204361911973   27.8858793240123   28.5785252065869   23.6543685973587   21.5475994702267
#[time: 0.33]
#[time: 0.34]
#[time: 0.35]
#[time: 0.36]
#[time: 0.37]
 0.3745097729  0.3745129616   27.0045967939523   28.2204361911973   28.8909465284667   29.4871212310998   23.5054867393445   22.2977330845172
#[time: 0.38]
 0.3803299096  0.3803399372   27.0045967939523   24.5436062189147    32.068629531298   32.7220125827026   20.7057978116769   26.2594159571659
#[time: 0.39]
#[time: 0.4]
 0.4040780661  0.4040862354   27.2593062252631   24.5436062189147   30.6424665098771   29.9990857739177   17.8807378008706   22.1297479879054
 0.4055365021  0.4055632083   26.1203240074735   24.5436062189147   30.3391542164607   29.2514009351987   24.2209484767902   24.6067001885494
#[time: 0.41]
 0.4104476211  0.4104497702    25.245095024239   24.5436062189147   30.0253345725147   29.4006141774979   25.7717532782137   24.6265850390722
 0.4115659342  0.4116267607    25.245095024239   22.2950754853288   23.6708248838637   23.7883088240901   24.7398359722683   24.5495132303165
#[time: 0.42]
#[time: 0.43]
#[time: 0.44]
 0.4485129523  0.4485445988   23.2927804495122   22.2950754853288    26.646678692587   26.2005431277149   14.8559267241251   16.6093413832405
#[time: 0.45]
   0.45122676   0.451241697   23.2927804495122   33.7561848743694   24.7619625105304   23.1396254088699   28.0934233943287   26.6971047988131
#[time: 0.46]
 0.4656319621  0.4656831088   33.1941698666196   33.7561848743694   28.0075595020932   31.4609660496669   24.9722241129636   25.0796241197653
 0.4663742816  0.4663932535   33.1941698666196   32.5281784755432   34.5921568965735   34.6657935732732   25.0409355688768   22.0583777684068
#[time: 0.47]
#[time: 0.48]
 0.4847177254  0.4847940835   33.1941698666196   31.1479443396044   34.0553527771403   33.9897066396493   34.7420852211455   34.1999798214507
#[time: 0.49]
 0.4975907529  0.4975927536    33.878056503445   31.1479443396044   36.0197180457035   26.1455387551281   24.1237253915026   25.5438309931276
 0.4992404447  0.4992412873   28.3871437944407   31.1479443396044   32.8940872845284   32.7989177066492    25.378907918821   24.8377072806479
#[time: 0.5]
#[time: 0.51]
#[time: 0.52]
 0.5295410219  0.5295728867   34.8892181191093   31.1479443396044   29.9789786651238   30.7109192972424   27.3338449881708   27.9050338420366
#[time: 0.53]
 0.5392064035  0.5392802168    43.716977883038   31.1479443396044   36.8135106547593   35.0126383657226   44.0285398740623   37.7285707312693
#[time: 0.54]
 0.5467426721   0.546766033   33.7683287040061   31.1479443396044   46.8325676944595   39.4573908536288   24.3259496046898   24.7353380999292
#[time: 0.55]
 0.5536074391  0.5536128029   38.6748097546971   31.1479443396044   35.6099360410049   29.9834850223984   32.1209012965239   33.7953979437834
#[time: 0.56]
 0.5633434013  0.5633977403    27.053254565906   31.1479443396044    40.631270390946   36.4154737573243   27.1006161591836   23.8252941386602
 0.5668315148   0.566882021    27.053254565906   35.3791738058434   26.8917226931628   31.7621703925953   31.3805747898235   32.1730098767775
#[time: 0.57]
 0.5759528947  0.5759615711   31.9003500840891   35.3791738058434   31.1581980831027   34.3625902098413   32.0319074236958   36.0329168502522
  0.577589813  0.5775899082   31.9003500840891   25.4744768555178   37.5479560898136    38.983487614268   39.0942737224614   31.9931638754618
 0.5782827448  0.5782828733   31.9003500840891   26.2855393139043   33.1695360533798   29.6488899789961   38.0000718134617   30.1921387677302
#[time: 0.58]
 0.5839338368  0.5839552313   31.9003500840891   34.7682978780493   34.9155742637081   32.5323604882347   33.4511077214068   33.5360914862309
 0.5841646286   0.584184454   31.9003500840891   11.2276474151132   34.5058790476855   35.2641870206473     26.19862929097   19.3404947433497
 0.5846372875  0.5846581698   31.9003500840891   38.6949679455672   29.2636707359013   21.1773775279494   34.1413249176563   42.7851379485918
 0.5895859177   0.589688017   42.2039012150822   38.6949679455672   33.5473768653672   41.4650950924886   33.3310638746775   34.1058669292437
#[time: 0.59]
#[time: 0.6]
 0.6015871491  0.6016151408   27.0816526069037   38.6949679455672   42.6325335942633   41.5633978627526   32.2855607482429   47.3221101955466
 0.6067446965  0.6067726901   33.3597398679832   38.6949679455672   32.9951530902212   34.9120111514867   35.5790152987812   39.7941081609547
#[time: 0.61]
#[time: 0.62]
#[time: 0.63]
 0.6343598085  0.6344567664   39.6376833103862   38.6949679455672   35.2403068722513   36.0271464276006   41.0531689581102     38.62340859781
 0.6372966197  0.6373340107   37.0956731317954   38.6949679455672   39.0321659705828   39.1446390963058   39.6379742458652   48.1166758003517
#[time: 0.64]
  0.640799504  0.6408356935   37.0956731317954   38.3382197149172   37.5570174086191   33.9898428120305   31.4578526641822    29.318636745582
 0.6457555968  0.6458054349   37.0956731317954   39.4156152389042   43.3159848267886   43.9610459076181   40.3991979359945   36.9821834663829
 0.6463657704  0.6463797762   37.0956731317954   32.8918200099075   39.1286424461811   39.4414031295529   28.5576506588005   27.8646728746827
#[time: 0.65]
#[time: 0.66]
#[time: 0.67]
#[time: 0.68]
#[time: 0.69]
 0.6902623549  0.6902816155   40.0518495378334   32.8918200099075   36.1245051504281   34.8595425767175    38.428724395253   38.0021789093114
#[time: 0.7]
#[time: 0.71]
 0.7121485499  0.7121738483   40.0040726093301   32.8918200099075   42.6900593634497   40.2157528640171   41.9185152651287   36.1362530305508
#[time: 0.72]
 0.7292084184  0.7292360879   40.0040726093301   38.2459921244239   41.3977449727006   37.3866317690045   33.9686549235712   40.7764740469358
#[time: 0.73]
   0.73175782  0.7317642328   40.0040726093301    39.368555823839    40.735169579113   40.3063445619046   44.9380364970977   46.9068232542273
 0.7354376075  0.7354444356   37.3922791094454    39.368555823839   44.2600940046259   43.9588750143398   34.0302646720406   33.6887157711088
 0.7395045586  0.7395197335   37.3922791094454   40.4136220737227   39.3449204761616   39.5324769873783    32.156009394689   32.3604349002949
#[time: 0.74]
 0.7413308436  0.7413308438   37.3922791094454   40.4136220737227   39.9064876623985   40.2333673358974   39.8975959577606   40.2030302641952
  0.743287154  0.7433045341   37.3922791094454   43.4446049966187   39.9215132600933   40.7918570839676   35.8859329346768   36.3240393854266
 0.7482283203  0.7482555921   42.4697992948502   43.4446049966187   43.7741795256835   46.8621053535322   45.2638093890291   46.9919463117792
#[time: 0.75]
#[time: 0.76]
#[time: 0.77]
 0.7757732361  0.7757852608   50.2728354877138   43.4446049966187   48.4422961295022   48.9579069189794   44.8885864425308   45.8252241334467
 0.7785438182  0.7785709556   50.2728354877138   54.6660327485209   51.5774338329309   47.3855322543441    54.537277274949   55.3305279537265
#[time: 0.78]
 0.7893449134  0.7894341552   50.2728354877138   54.2639377189841    54.400110238375    56.572292851685   55.9914823482469   45.7234070611551
#[time: 0.79]
 0.7924902031  0.7925532621   54.9944095773022   54.2639377189841   53.1166241207485   53.9819913927481   47.1538698874277     47.05582227409
 0.7967292068  0.7967346878   54.9944095773022   53.4327880042187   56.4813176812409   56.2672815161883   44.7216816725333   44.7355602648152
#[time: 0.8]
 0.8000294924  0.8000534273   54.9944095773022   59.4052918903094   57.0614483279775   56.2078310109367    49.624060539577   50.6029447045062
#[time: 0.81]
 0.8146604208  0.8146951653   54.9944095773022   57.2586653887257   57.3115679744298   57.6170541058389   50.5280425482117   47.7136749742818
  0.814776279   0.814841112   54.9944095773022   58.5597289294146   59.7818623042659   61.2870161709461   54.3694150538934   53.0697448566797
 0.8172988798  0.8173023074   54.9944095773022   57.5526397471776    59.834097439791   61.1153305354919   56.2140311278092   56.1975996047556
#[time: 0.82]
#[time: 0.83]
#[time: 0.84]
 0.8437711405  0.8437778755   64.0968141633978   57.5526397471776   55.9853257952196   58.5673796821175   55.8966976171567   62.3093248527158
#[time: 0.85]
 0.8575099671  0.8575232486   59.3588163570319   57.5526397471776   64.9866980021991   62.5672179839133   51.3546711926766   51.1903287462699
#[time: 0.86]
 0.8637012526  0.8637238039   59.3588163570319   64.5006912703394   60.9985320205564   58.9455020790362   60.0278397462956   59.6522739809727
#[time: 0.87]
  0.872237962  0.8722601331   59.3588163570319   48.2508483438485   62.6444467390801   64.1919366364423   60.7701667797492   54.3861798894401
  0.877473822  0.8775239862   59.3588163570319   62.9528316237101   57.7808911910785   54.5983059781844   59.4455761511822   57.5271439545814
#[time: 0.88]
 0.8852447414  0.8853037577   59.3588163570319   62.5269640683407   60.4027745963183   60.1446553354742   57.8091873215652   54.1815197563021
#[time: 0.89]
#[time: 0.9]
 0.9038032373  0.9038771564    63.270294823849   62.5269640683407   58.0433845136002   57.8687994464377   61.7912187234059   69.1227407785202
 0.9081888418  0.9082050209    63.270294823849   52.6472859862903   59.8765722910627   65.6709563179271    70.667842343482   61.2885143471417
 0.9082498472  0.9082506832    63.270294823849    62.752639541939   65.1695343936275   59.5418930776469   68.9233786299826   67.3124566267498
#[time: 0.91]
 0.9133012616   0.913305386    63.270294823849   61.7114095355289   65.5250300800265   65.4239465792626   54.2476095400325   55.4195689505453
 0.9183310929   0.918331124   52.0243547263936   61.7114095355289   65.8316967129112   64.7836763780731   55.7555931438587   61.2119775322002
 0.9197305057  0.9198258368   56.4607964929915   61.7114095355289   56.3055417625117   63.1883451669554   57.2569465633817    53.182287361684
#[time: 0.92]
 0.9296174811  0.9296220831   60.2603449192375   61.7114095355289   59.5084604617134   57.6907644803026   56.9164121066493   56.0651746477683
#[time: 0.93]
 0.9342324648  0.9342400939   60.2603449192375   56.5742913279544   61.0073445801523   61.0288978060897   55.3654570441074    55.946143999187
#[time: 0.94]
 0.9414217702  0.9414308554   60.2603449192375   60.9025181466109   58.6221680278683   58.5162708999908     53.04567066769   53.0530063991624
 0.9449023911    0.94493268   71.4285951609718   60.9025181466109   65.8653793601737   66.4663368648553   62.1992479861061   62.3278929446108
#[time: 0.95]
#[time: 0.96]
  0.960131433  0.9601828684   71.4285951609718   76.7754110711323   73.2909387902033   64.4639813320611   74.3120284214903   75.3555359234984
#[time: 0.97]
  0.970282021  0.9702870433   71.4285951609718   72.5313185171255   76.0784746699147   80.4416043321776    67.652488121843   67.3123793289192
  0.970760393  0.9709059489   71.4285951609718   76.5543285109316   73.1908883318762   73.4920919442928   72.7547233593629   68.8809565055844
 0.9713735274  0.9713794058   71.4285951609718   72.0093040294238   74.2863221106592   74.5564991749916   68.1157916925678   68.1146186225732
#[time: 0.98]
#[time: 0.99]
