# command line: ./generate_stepping_data --eqmpre 200 --seed 1.0 --eqmpost 224 --runtime 6.0 --dt 1e-10 --lt 23.8 --eqb 120 --cb 0.1 --ct 0.2 --eqt 0 --k_b 4000000.0 --cm 0.4 --nomovie --label paramSearch-fitparamsrun2 --ls 10.49 --k_ub 75.0 --framerate 1e-10 --exp-unbinding-constant -0.35



#********paramSearch-fitparamsrun2__k_b-4e+06,k_ub-75,c--0.35,cb-0.1,cm-0.4,ct-0.2,ls-10.49,lt-23.8,seed-1,dt-1e-10********
#time_unbind, time_bind, nbx_bind, fbx_bind, nmx_unbind, fmx_unbind, nmx_bind, fmx_bind
#[time: 0]
 0.0086816058  0.0087757182                  0  -6.66914478609113    4.0378692805174   5.97184761074787   3.16200937632329  -2.88430065392845
#[time: 0.01]
 0.0138440034  0.0139428836                  0   3.27290426357701  -4.70537520846292  -3.95244617555727   2.74950677699334    4.0158397885306
#[time: 0.02]
 0.0286893562  0.0287028209                  0   14.3689625332226   3.74744852358177    7.4832252707889    5.3523959239305   14.4993221159175
#[time: 0.03]
 0.0339639823  0.0345689032   18.5348116777289   14.3689625332226   7.64142178989528   14.8531118467683   11.6504926863542   12.2741644136069
#[time: 0.04]
#[time: 0.05]
  0.051771859  0.0519758413   18.5348116777289   21.9108487052711   20.9491809674047   19.0446576919758   19.4643847205527   18.0287869217844
 0.0551542618   0.055713097   18.5348116777289   12.3037248107225   21.8025384438835   23.1091929992302   16.9151213905983   16.6368628566206
#[time: 0.06]
 0.0667722372  0.0671698636   18.5348116777289   22.2739286063066   22.2458314402918   18.3090226332526   21.0798239445086   21.5128299911096
 0.0672108583  0.0672500734   9.78635696596704   22.2739286063066   21.2609047109496   23.1450676192084   17.1938223019613   23.7656510185001
#[time: 0.07]
#[time: 0.08]
 0.0849833156  0.0852368069   9.78635696596704    3.4756052688634   17.2894510145931   21.6198848790436   7.87209514987926   6.12602201791381
 0.0873440106  0.0883423421   9.78635696596704   6.07924480618377   9.93955626180352     8.333982275269   11.9653988566973   10.9860183127202
#[time: 0.09]
#[time: 0.1]
 0.1004418328   0.104813746   9.78635696596704   15.1919558625129   10.9420130122494   10.1761604706582   12.6458910982754   10.9336982600133
#[time: 0.11]
 0.1132075432  0.1135189387   9.78635696596704   8.21730140554529   15.2014429615353   18.4887775489169   14.8544670727756   13.8434836846015
#[time: 0.12]
 0.1276294014  0.1293931143   9.78635696596704   8.28277335966208   10.5167549176193    10.103516462907 -0.438161117004983 -0.250971967788249
#[time: 0.13]
 0.1318948866  0.1320344635   9.78635696596704    9.0361803623091   13.9397416050702   12.9826417672242   9.64380784677644   7.52664586836387
#[time: 0.14]
 0.1455679286  0.1465141901   9.78635696596704    15.906418289377   13.4778694195777   13.2594914157468    11.500010334683   10.0991799603104
#[time: 0.15]
 0.1499381524  0.1505526632   9.78635696596704   7.42646043182361   12.8911099696418   12.7234780780032   11.2606786754179    9.6926819406199
#[time: 0.16]
 0.1613260199   0.161582027   2.22281435805963   7.42646043182361   8.11674262393795   8.22028139768345   8.89597491340343   16.6411414901257
#[time: 0.17]
  0.173851593  0.1738961644   19.2232193699131   7.42646043182361   4.85495384349537   5.24835183440161   24.3922163344212   15.9139631884406
 0.1756416385  0.1757452336   19.2232193699131   24.1164333757939   16.4264320504663   13.3410877363421   16.5953814381652   15.6837470175039
 0.1765503405  0.1767175522   9.89047497728957   24.1164333757939   23.6156619566583   25.6251405138969   17.4290099876442   22.2518666365385
#[time: 0.18]
 0.1808798802  0.1818078635   9.89047497728957   14.0361330385699   18.5392534462361   26.4673751799705   11.6132360046823   10.3065322445605
#[time: 0.19]
 0.1943172457  0.1946892332   14.6345209635829   14.0361330385699   15.7143092224115   17.4647846105046   4.93989461730463   9.17410380546257
#[time: 0.2]
 0.2011473026  0.2022011213   14.6345209635829   14.0975507366915   14.3919369484328   14.0313756394035   8.68038196465671   12.9488801639575
#[time: 0.21]
#[time: 0.22]
#[time: 0.23]
 0.2319395576  0.2324629068   14.6345209635829   20.7817519745321   16.6125179974353   16.5674585901931   18.0629068578227   16.1097769962702
 0.2351529896  0.2353908076   14.6345209635829   12.4201369561433   18.2401947092111   22.0456604853318   9.34915907338726   9.22303352801211
#[time: 0.24]
 0.2477851952  0.2479004294   14.6345209635829   12.5608130803888   17.1036919580883   16.1528137915558   5.14820326815794   5.94818593359001
#[time: 0.25]
 0.2534848969  0.2536355777   7.82092241628098   12.5608130803888   16.8804846323313   16.0974185156472   10.0867475894897   18.5170709634291
 0.2565086088  0.2584068753   7.82092241628098  -19.4979187653603   11.3027475098808   12.4375138371203   7.65348979599685  -10.4378463116045
#[time: 0.26]
 0.2643834569  0.2644041853  -17.4564735021311  -19.4979187653603   14.8400899610674  -12.4436975441563  -27.6883379353458   -27.234201547308
 0.2671682061  0.2675058457  -18.6042539420961  -19.4979187653603  -12.7538756511964  -13.6870438883831  -29.0791840740376  -29.1719562336461
#[time: 0.27]
 0.2724570604  0.2726255871  -18.6042539420961  -20.9173147989815  -19.4232543953017  -19.0442985772753   -25.387488261377  -24.1091241837604
 0.2765052552   0.276925732  -18.6042539420961 -0.569785828982397  -13.4597665343879  -14.7958423510896  -13.5955205279589   -4.6409363762275
#[time: 0.28]
#[time: 0.29]
#[time: 0.3]
 0.3081643675  0.3083276618  0.161308862256787 -0.569785828982397  -11.2909057905393  -2.87534328190823  -7.47489219596923  -7.16351392623369
 0.3085412233  0.3087110195  -3.84108484328835 -0.569785828982397   4.77524809673439   4.53534139846161   -5.9164823653587  -6.59750780223876
#[time: 0.31]
#[time: 0.32]
 0.3235739692   0.324551814   2.71055661893933 -0.569785828982397  -2.08349102451693  0.563319067835469   -3.1521846550021 -0.463016913107763
#[time: 0.33]
#[time: 0.34]
#[time: 0.35]
#[time: 0.36]
#[time: 0.37]
 0.3719897286  0.3727472712   2.71055661893933   1.71042079629174   4.33221935624523   3.11222421908154   3.85839045943057   6.34864813390067
#[time: 0.38]
#[time: 0.39]
#[time: 0.4]
 0.4014612232   0.402289144   2.71055661893933  -1.20689973147908   7.50027917611291   7.17287720370657   1.59767783956146  0.717787698494696
 0.4028122637  0.4029066283  0.903591716254786  -1.20689973147908    5.8100323874219   4.07971661932218  -9.32892970076879 -0.893745360417582
 0.4077146497  0.4079645583  -2.71648117866878  -1.20689973147908   4.65031994940343   3.80572093105685  -11.0045278567113  -11.2522836099861
 0.4088004669  0.4098474082 -0.544265141336336  -1.20689973147908  -2.96343503019105  -3.21002125411157  -9.37679995470793  -9.12523922338811
#[time: 0.41]
#[time: 0.42]
#[time: 0.43]
#[time: 0.44]
 0.4456174534  0.4461226228 -0.544265141336336   2.17136925341378   1.75535528364048   1.65460491665845  -1.36226798424158  -2.00037436276834
#[time: 0.45]
 0.4482684404  0.4500680571 -0.544265141336336   5.76355511177303   1.05942998968486   4.44303220904124   2.49671463921209   8.31987396884259
#[time: 0.46]
 0.4624366982   0.463695449 -0.544265141336336   1.36766948597955   2.97491894007077   5.04998574867546  -4.68423887619951   -5.3358707134859
#[time: 0.47]
#[time: 0.48]
 0.4813672712   0.482277851 -0.544265141336336   1.36412077190331   1.63734649844742   1.86474478197222   -5.8007061353131  -5.84625088051495
#[time: 0.49]
 0.4941295926  0.4942119364 -0.544265141336336    1.8997230488068   1.89183752300296 -0.672514373508006  -2.28146649524863  -2.75961288961237
 0.4957683957  0.4961445877   9.03989153192088    1.8997230488068   1.53153639366689   1.75475303798543   -1.3255464017907  -2.30689907086384
#[time: 0.5]
#[time: 0.51]
#[time: 0.52]
#[time: 0.53]
 0.5356887264  0.5361381412   9.03989153192088   19.1996084037429   10.4782827791092   6.67473186253065   13.2127034642763   11.0316545552186
#[time: 0.54]
 0.5431752977  0.5433904529   24.1091265913392   19.1996084037429   16.8023950671714   24.5051441275143   15.5266771504898   24.7837748482745
#[time: 0.55]
 0.5500145026  0.5503211339   24.1091265913392   25.6206541479637    26.895707145221   19.0148449837834   20.7096320900616   26.6129912072987
#[time: 0.56]
 0.5597107011  0.5601005031   30.8639032332836   25.6206541479637   27.8197635392043   28.6017162433803    20.477136394605   19.2097742723564
 0.5631549074  0.5635919051   30.8639032332836   33.0998062520125   32.4973677135388    29.141871671002   29.7645747847461   26.3126894428204
#[time: 0.57]
 0.5722249168   0.572481191   30.8639032332836    33.437855522925   33.4781261199746   34.4190373860296   24.7404318883706   24.4637094792697
 0.5738293323  0.5740374703   20.7680100246075    33.437855522925   36.1044206430529   37.0848354753343   25.3493697357347   34.1982732251593
 0.5744941579  0.5745491659   42.7823466158076    33.437855522925   26.2167382946042    37.766449777059    34.065912146833   35.4786611950245
#[time: 0.58]
 0.5801381772  0.5806207869   42.7823466158076   42.1770355884423   44.7849271936394    40.598500391194   32.3696740892272   32.2199537135139
 0.5857349538  0.5858484684   42.7823466158076   45.3336686499213   45.3211106695303   44.9409518284418   34.3714437043993   35.0080458729928
#[time: 0.59]
 0.5977345455   0.597920094   46.1309893539303   45.3336686499213   45.7199649749972   46.7804902360729    42.703803508117   42.9291870240426
#[time: 0.6]
 0.6028718529  0.6032152518   44.3726703769303   45.3336686499213   46.2558644891877   46.1905729441728   37.5683481050748   37.0624336509894
#[time: 0.61]
#[time: 0.62]
#[time: 0.63]
 0.6304455134  0.6305077713   44.3726703769303   55.6936662986259   44.4911869005536   44.5737407955207   44.7327407841475   53.3451197533052
 0.6333870572  0.6334474284   44.3726703769303   44.8769253991367   49.5313375939301   52.6701375280189   40.8191190541865   40.7620057886297
 0.6368869923  0.6379660181   38.0585562387428   44.8769253991367   45.3286892565787   43.0717386783399   35.7814675884914   41.1813579876361
#[time: 0.64]
 0.6417051628   0.642208884   38.0585562387428   27.0097343419802   45.5114230928281   49.0182318729102     39.69931818175   28.2758013723101
 0.6422553327  0.6423342997   34.3774803169905   27.0097343419802   38.3264684829881   33.7205922023044   32.0768468832766   30.6810780479941
#[time: 0.65]
#[time: 0.66]
#[time: 0.67]
#[time: 0.68]
 0.6861430876   0.686517869   34.3774803169905    36.750060020931   33.5218392735911   30.1866685418401   31.4517677878444   30.1343214660606
#[time: 0.69]
#[time: 0.7]
 0.7079824854  0.7080948021   34.3774803169905   41.3903153508277   39.3379452650547   40.0089638925446   38.5361874808703   40.9372015452543
#[time: 0.71]
#[time: 0.72]
  0.725030837  0.7281447778   34.3774803169905   37.4806085382839   39.6324604928586   43.3360586108342   38.3328409563293    35.186670512625
#[time: 0.73]
 0.7387036461  0.7395619374   39.4313430345613   37.4806085382839   36.9154756662767   37.7875895057532   32.8382412474595   34.2183075710453
#[time: 0.74]
 0.7435341996  0.7437453275   39.4313430345613   38.2143141978406   42.0996709395421   41.0905722744961   46.6140638715598   42.9687258736681
#[time: 0.75]
#[time: 0.76]
#[time: 0.77]
 0.7710546439  0.7716965216   37.1694317518835   38.2143141978406   45.0069457038636   44.3144498178176   27.8529353354643   28.1434656604283
#[time: 0.78]
 0.7845469509  0.7849100285   43.6923093392116   38.2143141978406   40.3895617304538   40.8831336431586   34.0896232573536   35.4332924129672
 0.7876560018  0.7882518644   43.6923093392116   47.2351057127741   45.3076593895798    42.734972633623   39.0639602550565   38.6173265526604
#[time: 0.79]
 0.7918240911  0.7928398236   48.2477677831597   47.2351057127741   46.8614322134384   48.0095498900462   37.7698378397583   38.4322512176536
 0.7949916068  0.7973344741   48.2477677831597   50.9048466664755   51.0731254328079   50.5329211784592   47.6770796716369   47.0269450390269
#[time: 0.8]
#[time: 0.81]
  0.809317326  0.8103188927   48.2477677831597   49.4460717446461   50.0774995885906   50.5873278209719   54.9480925182781   55.5317245228474
 0.8118369801   0.812041381   52.6588123405585   49.4460717446461   48.8369147039051   51.1613658794739   46.8321343077096   47.3593558676282
#[time: 0.82]
#[time: 0.83]
#[time: 0.84]
 0.8382827183  0.8413024963   53.5271828607984   49.4460717446461    53.554779774961   50.3273954447011   48.9010864458784   50.8239296025581
#[time: 0.85]
 0.8516242295   0.851761197   44.7072447786514   49.4460717446461   55.2396187549004   53.7021654821355   45.3150250189426   52.9560369553165
 0.8577989934  0.8585420917   40.5107647503924   49.4460717446461   49.3751323003018   44.3504041850619   45.2843746185761   45.7793106394031
#[time: 0.86]
 0.8662399936  0.8675532716   40.5107647503924    42.726849230683   45.3878261291818   47.9987475432272   37.8697708489189   36.8100023806784
#[time: 0.87]
 0.8713053685  0.8722426964    44.977674467335    42.726849230683   43.1049937733795   43.5938603278394   35.1804676329349   41.6609872988096
  0.878958868  0.8789817964    44.977674467335   45.8961053818229    42.575223283658   42.8830776531225   44.1661202749973   43.3342824116468
#[time: 0.88]
#[time: 0.89]
#[time: 0.9]
 0.9019169351  0.9021193382   36.7743937320818   45.8961053818229   45.4363706984446   45.7242354122514   41.3429686809759   44.8458538422932
 0.9070045858  0.9080691912   36.7743937320818   39.4769835847435    43.305339130395   46.4813655231598   32.7824300927035   29.7157082793585
#[time: 0.91]
 0.9118945151  0.9119714092   41.7307055540746   39.4769835847435   40.0791971662001    41.815991390489   32.3689427705484    32.436876094181
 0.9132834675  0.9140027323   38.6012542009441   39.4769835847435   43.2050692007978   41.9867215522079   28.8249420151041   28.9870254227304
#[time: 0.92]
 0.9230885524  0.9233170427   38.6012542009441   53.3933577682691   39.3396001334215   37.4106966900944   39.3871615075839    48.801687793103
  0.927674187  0.9285380263   38.6012542009441   43.7984031064556   45.1069831311869    50.665632941925   32.3333448341956   33.3516440147873
#[time: 0.93]
 0.9347498758  0.9355305243   48.6439117431453   43.7984031064556   40.8308658623123   39.9808424371572   45.5707570467885   45.9571587769921
 0.9381293746  0.9385003072   48.6439117431453   40.7897280169592   54.6359421951311   49.6955616489082    48.812653878477   46.0449548596038
#[time: 0.94]
#[time: 0.95]
 0.9533137682  0.9539205145   48.6439117431453   51.2052535319828   50.1379640805422   44.6039176210716   41.6232515879974   41.2650142138687
#[time: 0.96]
 0.9633913013  0.9634218949   44.5634413256491   51.2052535319828   52.5881121478986   54.4746123962709   54.5832348916579   61.6943991527207
 0.9638664006  0.9644218303   44.5634413256491   46.0223310968055   49.6829819133869   52.2957436879667   38.2197158009276   38.1128985564386
 0.9644256864  0.9645539717   44.5634413256491   46.0765732941508    46.177971147506    46.342032256037   38.0787496251703   37.1225446970345
#[time: 0.97]
#[time: 0.98]
#[time: 0.99]
#[time: 1]
  1.002145461   1.002265702   48.2978938326644   46.0765732941508   45.9735702728094    46.412648168109   38.0699180802506   42.2433011870557
#[time: 1.01]
#[time: 1.02]
  1.023979639   1.024877385   48.2978938326644   49.8103008519855   49.3818093736566   48.8218051031041   39.9939616359563    39.334609348812
  1.025329649   1.025581813   48.2978938326644   50.1166727667133   49.5233585973776   49.8002757614376   47.4269473019196   45.8117035157972
#[time: 1.03]
#[time: 1.04]
  1.041042498   1.041876509   48.2978938326644   42.4103695872768   50.3647531524864   50.6512221990597   55.9812906115884   46.3766223618117
#[time: 1.05]
  1.053588662   1.053836059   48.2978938326644   47.3877755652767   48.0293045571367   45.7330784790283   49.8267967209665   49.6480058110568
#[time: 1.06]
#[time: 1.07]
  1.074756055    1.07596788   48.2978938326644   38.3749190284274   53.5968787871639   53.0673821888088   50.6462222123235   42.5107912996318
#[time: 1.08]
#[time: 1.09]
  1.094434205   1.094853391   39.2159910363261   38.3749190284274   43.8016057585999   42.9538460987804   32.4916794728562   32.9036344044971
#[time: 1.1]
  1.103174524   1.103497214   8.33848170773131   38.3749190284274   42.9029623690889   42.6722549369913   15.6537828897733   34.9859659649932
  1.104534344   1.105884518   42.8650842126035   38.3749190284274   15.7368073356571   38.4326335193521   34.7977450344468   33.9882301807838
#[time: 1.11]
  1.113744385   1.113757197   42.8650842126035   48.9481925300594   39.2109868787351   40.4071484317738   47.0071944395922   47.4125760179629
#[time: 1.12]
#[time: 1.13]
  1.136637687   1.137077479    45.867782304133   48.9481925300594   45.8987026072507   44.6505821937847   50.7042478549279   53.8142196338078
  1.137952552   1.138312076    45.867782304133   48.0129538594027   49.0884932127396   50.3076151003513   44.9710119671998   44.5540617884304
#[time: 1.14]
#[time: 1.15]
#[time: 1.16]
  1.165628117   1.166748357   56.1199455111087   48.0129538594027   47.5864308641086   48.0830347879802   53.2981595359462   50.8808482797932
#[time: 1.17]
  1.171341138   1.172418404    39.526791538805   48.0129538594027   50.5704584069035   52.7158677831189   43.8783636221763   44.6853073959115
#[time: 1.18]
#[time: 1.19]
   1.19124148   1.193169252   50.2102145638685   48.0129538594027   47.8626900221699   52.8556993532186   41.6123096672523    41.572548531361
   1.19731181   1.197391301   49.0551192237486   48.0129538594027   51.1768252059314   49.9455900893192   39.8418759517527   39.8975028130203
#[time: 1.2]
  1.206620928   1.207804133   49.0551192237486   51.2722559936728   52.7539879405025   52.3492386727908   44.2345088698351   42.9836690334925
#[time: 1.21]
  1.215608671   1.215939939   55.0260151642963   51.2722559936728   52.7936326405149   54.4361424215925    45.649922591546   47.9819006799023
  1.219382487    1.21940028   53.2786801120231   51.2722559936728   59.1401854638942   57.4176267209493   44.6211196335628   44.4178063566399
#[time: 1.22]
#[time: 1.23]
#[time: 1.24]
#[time: 1.25]
  1.256760336   1.257521079   53.2786801120231   54.0535620797181      56.3325386015   55.8250619886587   44.3554902107219   44.1233022105759
#[time: 1.26]
#[time: 1.27]
  1.269822582   1.270125205   54.8794733511694   54.0535620797181   53.5842241544783   53.5177274622815   46.7827066037359   48.2881974347535
  1.275721812   1.276043371   54.8794733511694   60.2799046643979   56.6006064240314   56.3732058800287   57.5820268819593   57.6015788483701
#[time: 1.28]
#[time: 1.29]
#[time: 1.3]
  1.309286429   1.309517503   54.8794733511694   61.0676544524955   58.4302167864016   60.2283880001093   56.9666982368436   51.0087976135753
#[time: 1.31]
  1.314160745   1.314288869   63.0035684633581   61.0676544524955   58.2076296485586   56.2408517028222   52.7004269912484   52.5784067407696
#[time: 1.32]
#[time: 1.33]
#[time: 1.34]
  1.342717569    1.34326875   53.0127391525242   61.0676544524955   62.8189735680288   62.7473701294192   55.7931564033082   60.4235159094511
#[time: 1.35]
#[time: 1.36]
  1.360947683   1.361175578   53.0127391525242   56.8605952150487   57.8296592782792   58.7440209938889    57.436341070541    58.618195972685
#[time: 1.37]
#[time: 1.38]
  1.384076972   1.384109908   53.0127391525242   52.3227840888555   58.7228881030606   59.8474241082338   46.9090714284054   49.8475945571427
#[time: 1.39]
#[time: 1.4]
#[time: 1.41]
  1.413338059    1.41343432   66.8544644647851   52.3227840888555    55.962966228022   55.6992413433337   61.2224164670884   58.5629038977843
#[time: 1.42]
  1.425251841   1.425623287   66.8544644647851   71.1695786077199   63.1552711844445   57.9898067897104    69.955281096277   71.9645241713224
#[time: 1.43]
  1.438912045   1.439520775   66.8544644647851   63.4707425954333    70.810143508318   71.6415154817573    70.085777014892   64.1118378000132
#[time: 1.44]
  1.440756443   1.441562512   66.8544644647851   57.0289099063534   67.6260404733178    66.675334105532   74.7596761233405   63.7380464094965
#[time: 1.45]
#[time: 1.46]
#[time: 1.47]
#[time: 1.48]
#[time: 1.49]
  1.497317615   1.498862021   66.8544644647851   66.1959875202488   68.2670069401775   60.6645641099357   56.5526402580375   56.8383437534866
#[time: 1.5]
  1.509085776   1.509242604   66.8544644647851   69.1358358024279   74.1240600514345   73.7928400862538    63.890854864775   63.1010784092548
#[time: 1.51]
  1.515241756   1.516166668   63.8746551565343   69.1358358024279   72.1121993475691   72.7794804058447   68.1199451628272   69.7055710583265
  1.516423792    1.51666733   71.2995392947219   69.1358358024279   67.4055351707739   68.2478426681273    61.013374325073   61.5284102372528
#[time: 1.52]
#[time: 1.53]
  1.531846953    1.53208656   71.2995392947219    75.551473439103   72.4509391860427    71.902523584982   74.5270562969367   75.6330953160822
  1.533994318   1.534875181   71.2995392947219    68.563024736757   74.7793716938352   78.0241282371351   65.5841760119946   66.8516928385305
#[time: 1.54]
#[time: 1.55]
#[time: 1.56]
#[time: 1.57]
  1.571536946   1.573010422   71.2995392947219   73.5284161426208   75.8899503731704   74.4047065858732   64.4925099493453    64.211526383953
  1.575548715   1.575878792   74.5941437482247   73.5284161426208   75.2061516807726   75.9169392000694   65.2318308902298   67.7472250880538
#[time: 1.58]
#[time: 1.59]
  1.595431203   1.597295394   74.5941437482247   80.2469989639711   77.6277426374289    76.842515565137   71.8080820259188    71.536536898552
#[time: 1.6]
  1.605662046   1.606388663   74.5941437482247   77.4301531912073   77.6422640708964   79.7943359866209   77.3023840960508   78.6934747565654
#[time: 1.61]
  1.618136346   1.618304738   74.5941437482247   75.1143418799514   76.9874344091635   78.3432607512321   69.4455141955834   69.4028599373822
#[time: 1.62]
  1.622135124   1.623021064   84.5405091356161   75.1143418799514   77.7930403986453   78.2315384052406   85.6153947100909    79.405359878886
#[time: 1.63]
#[time: 1.64]
#[time: 1.65]
#[time: 1.66]
  1.659911508   1.660558162   76.3737977487355   75.1143418799514   82.9003745519775   82.0650781321872   69.4494396095634   70.8957227410974
  1.663576283   1.664252772   76.3737977487355    84.307013172363   78.2241299761528   78.0728053964425   81.6120938082032   82.8326729716087
  1.667107389   1.667190297   84.9631328717686    84.307013172363   83.4109523007166   85.2367362164937   84.0341818606902   84.0803900398165
#[time: 1.67]
  1.669716449   1.670531461   68.9906884143852    84.307013172363   90.1104957325841   89.5621537107675   74.3491966487041   82.4124930408152
  1.675308048   1.675567893   85.3570122451568    84.307013172363   77.2601367326962   85.2029591243118   75.3461490624846   75.9325320794728
  1.677988891   1.678052275   85.3570122451568   75.9964420727535   86.5712497192627    86.377347661343   90.9191930323203    76.818181794188
#[time: 1.68]
  1.684975429   1.685243015      75.3517240583   75.9964420727535   91.6364822734256   80.0329209182538   67.7376685719155   67.6621644140269
  1.689236474   1.689241707      75.3517240583   97.5096837549082   82.1264699298343   82.4697551309518   82.8310700758206   93.5833342630982
#[time: 1.69]
#[time: 1.7]
  1.701894752   1.701945797   95.2828064070728   97.5096837549082   83.1420318456094   94.4552659121344   97.3074492243372   97.5899411160586
#[time: 1.71]
  1.710288963   1.710842802   95.2828064070728   100.973638773632   96.2775946696224   96.2514264472615   92.6700654819595   91.6191490157363
  1.716031705   1.716766674   87.7069718814849   100.973638773632   99.2542148166698   101.640551673726   95.3046039558585   104.667691605582
  1.718097418    1.71857987   87.7069718814849   94.6760548443458   95.4894093511198   109.262953666819   91.3324421669464   88.2768426828717
#[time: 1.72]
#[time: 1.73]
#[time: 1.74]
#[time: 1.75]
  1.754782956   1.755261302   87.7069718814849    94.298004895332   91.5554164141192   102.009299879969   91.0206740109069   89.2713764290681
#[time: 1.76]
#[time: 1.77]
#[time: 1.78]
#[time: 1.79]
  1.790234003   1.791645981   87.7069718814849   89.8926172929396   94.1501401477579   96.3962611027728   96.7460082384614   99.6416896550342
   1.79294111   1.793091725   87.7069718814849   78.3513537913737    88.691049087301   88.6562605290818   92.0551259949407   80.3990401978536
  1.796589035   1.796798795   81.8196994110763   78.3513537913737   90.0355221871266   84.4171528080501   73.3907851534677   73.0415419671479
  1.797968802   1.798153756   82.5629185452327   78.3513537913737   83.8997034678384    82.819679113138   77.5410879315861   78.5990902873841
#[time: 1.8]
  1.802323325   1.802662034   82.5629185452327   84.0076260464654   81.7127405444096   80.6985741950654   78.0588155168078   77.2860896252358
#[time: 1.81]
  1.810456196   1.811421013   82.5629185452327   85.0744719148091   83.5064798685131   83.8025271847153   75.9254621049654   76.2489926059693
  1.812618551   1.812924406   82.5629185452327   80.6728969279978   83.2819616741995   83.1318766286873   72.2665494725645   72.8232890916251
#[time: 1.82]
#[time: 1.83]
   1.83913126   1.839804945   79.1717427890308   80.6728969279978   87.4110212721133   86.5144262878881   79.4434540215001   79.2193951890696
#[time: 1.84]
  1.848176066   1.848681848   75.9904664010503   80.6728969279978   83.4046022411881   83.9898588535515   72.2270525639566    71.271171491084
#[time: 1.85]
  1.852184481   1.855699979   78.8861416688768   80.6728969279978   80.1795488219615   80.8314367661062    72.454261097599   72.2560812092347
#[time: 1.86]
  1.867477953   1.867783826   78.8861416688768   79.8584201116587    80.282348320091   83.0249829002407   71.8531772425533   71.5137909440663
#[time: 1.87]
  1.877832294   1.879934075   88.5787232060032   79.8584201116587   79.6157719971996   79.6938628175276   79.7762235271679   80.0724104949263
#[time: 1.88]
#[time: 1.89]
#[time: 1.9]
  1.906780467   1.907068694   79.0049551211716   79.8584201116587   88.4911634899916   86.1939508488133   72.3081856405607   71.7544194964438
  1.907158362   1.907480673   84.7678588565747   79.8584201116587   79.4619645078966   80.1619260775213   75.0527830516114   74.8784777908593
#[time: 1.91]
  1.917169507    1.91760805   84.7678588565747   83.7323552437729   90.4610753344143   87.3532299615633   83.5918823556544   80.4289866121438
#[time: 1.92]
#[time: 1.93]
#[time: 1.94]
#[time: 1.95]
#[time: 1.96]
#[time: 1.97]
  1.972231008   1.972349733   90.7242861853016   83.7323552437729   86.0715078680845   85.6163560350422   87.5017797096874   87.3171261900735
  1.976703138   1.976724053   90.7242861853016   84.2702258248422   87.2388564115092   87.2329784284438   92.2945987385473   85.1107294841276
#[time: 1.98]
  1.981576925   1.981809971   90.7242861853016   97.3291526747933   93.2741261140966   90.8494606757295    95.427963452955   93.2555529860192
  1.987225724    1.98763673     99.34908005098   97.3291526747933   94.5385347293466   97.4318008425374   94.2195315106516   94.5679336045331
#[time: 1.99]
#[time: 2]
#[time: 2.01]
  2.009940597   2.010160129   109.717915083739   97.3291526747933   97.7437822712836   97.8451336177375   107.156554946837   101.918118721927
  2.014656847   2.015296283   109.717915083739   113.081499323447   111.631121688058    104.85963872736   111.318131278661   111.890763894555
#[time: 2.02]
  2.021074246   2.021637083   109.717915083739   118.036467929395   115.983954595834   119.697167186588   113.757196383727   113.218448051445
  2.025019784   2.026658667   117.305520058975   118.036467929395   115.976872469483   119.158761107279    124.02773295595   125.670380910678
  2.027441794   2.029263189   117.305520058975   123.507520951649   120.603953762456    121.18267213078   117.448219086821   116.348881834196
#[time: 2.03]
  2.036570519   2.037539326   126.394400502991   123.507520951649   122.454003867091   124.429445824858   116.840473474542   116.526322838786
#[time: 2.04]
#[time: 2.05]
#[time: 2.06]
#[time: 2.07]
#[time: 2.08]
#[time: 2.09]
  2.090227147   2.090633664   128.302407235068   123.507520951649   127.308857590745   125.340712966512   121.929390085911   124.333905195674
  2.091626877   2.092031363   128.302407235068    116.30639311815   127.015537561561   126.656282302369   127.915180844306   113.890705775682
  2.095707357   2.096670255   128.302407235068   129.352031122654   133.900810730957   124.462964141695   130.336398400255   124.519443777598
#[time: 2.1]
  2.100530768   2.101748154   128.302407235068   133.675601073037    130.47083098824   130.607452364297   130.137451232555   128.571091019391
  2.108471917   2.109407707   135.100498723038   133.675601073037   133.641288274753   135.299744701871   125.996547872824   125.901446684443
#[time: 2.11]
  2.111423877   2.112021397   139.015655497589   133.675601073037   138.782479264428   137.980880167683   129.582042719773   129.767786383555
   2.11908386   2.119828375   135.375645747774   133.675601073037   139.682134108007   137.930960047192   125.033173576344   126.271403162161
#[time: 2.12]
  2.123512203   2.123957299   135.375645747774   143.691321090936      134.066345337   134.388055005782   138.403953011977   142.590291386941
#[time: 2.13]
  2.131175331   2.131395166   135.375645747774   138.217641118212   138.295583622164   144.920197727756   140.767404304461   142.583483701543
#[time: 2.14]
  2.142656365   2.142815025   137.226914933382   138.217641118212   135.935129685566   135.766479083193   133.470660718968   131.891923874982
  2.148374719   2.148486021   137.226914933382   140.078645148028   132.984946071047   137.763958522854   131.755551318804   131.922019577392
  2.149039989   2.149046771   137.226914933382     138.4699732109   142.454075377199   144.680672276534   136.109445988591   135.726030121627
  2.149084826   2.149827213   109.432172099291     138.4699732109   141.604612748759   142.230689132717   113.973708964489   135.912835743428
#[time: 2.15]
#[time: 2.16]
  2.164316829   2.164674288   109.432172099291   107.253072804034   117.750082133527   141.104206062394   118.868859958962   114.164240903878
  2.168575877   2.168866399   109.432172099291   112.604632187769   108.785626481709   108.671505585069   111.476903164735   106.572473818408
#[time: 2.17]
  2.175350219   2.175420754   109.432172099291   107.429957164449   115.492292951212   117.753729661845   102.253225768076   108.290155600095
  2.175449145   2.175464975   105.684775170078   107.429957164449   108.266246873227   108.324117622272   104.360444111396   103.421316527286
   2.17758109   2.177609443   101.444436687304   107.429957164449   112.038943416295   112.454758842461   104.742517784926   104.969100764363
#[time: 2.18]
  2.182929379   2.183235491   112.214128964182   107.429957164449   104.883684780319   105.522404270856   102.039990287288   101.800306566574
#[time: 2.19]
  2.192972032   2.193341836   112.214128964182   111.359935857851   117.029494628616   113.555785357447   103.600192026347   103.444136044432
  2.195637645   2.196334558   109.814079224571   111.359935857851     115.1215058548   114.678778277372   119.610365658767    121.32956841173
   2.19884112    2.19935627   114.800486725185   111.359935857851   111.768099399933   112.924632054725   104.479673490897   103.747941780216
#[time: 2.2]
  2.205271414   2.206257085   114.531368035794   111.359935857851   117.798379399565   115.883767279453   112.308259642383   112.471665289463
#[time: 2.21]
#[time: 2.22]
  2.221560632   2.221566001   114.531368035794   120.217381186832   115.116109036038   114.557732327325   117.858373607834   118.404694062624
  2.226282664   2.226310672   119.225906990065   120.217381186832   118.581438933061   119.476312244373   125.908197187996   125.417638960306
  2.226955748   2.227166843   124.933241710758   120.217381186832   122.482359588554   122.916680904064   120.214136924376   120.837107831464
#[time: 2.23]
  2.236840071   2.237107257   124.933241710758   131.370898952298    127.58657616357   126.310228862666   128.160421571451   127.599720052321
#[time: 2.24]
  2.241047829   2.241721452   133.083315502006   131.370898952298   130.008447813916   132.193614594212   133.130378505551   132.516515027942
  2.243021087   2.243392553   133.083315502006   134.149702515679   138.195630583618   137.368545610822    126.36317842576   126.418598376264
#[time: 2.25]
#[time: 2.26]
#[time: 2.27]
#[time: 2.28]
    2.2809373   2.281400784   133.083315502006   138.490862322804   140.498398343872   141.304596084131   135.469836652514   134.760165277601
  2.282864147   2.283103228   139.411087945458   138.490862322804   137.448852806364   138.581033398085   139.439332790607   139.237919411235
  2.284494862   2.284510759   142.054379949802   138.490862322804   140.389772199434   140.333557947094   148.866428355345   144.674013034737
#[time: 2.29]
  2.290901269   2.291428694   142.054379949802   146.936367002812   141.463466714499   141.129239441474   145.308880484027   146.533876876292
  2.292235997   2.292236108   139.974205683663   146.936367002812   146.501583871098   149.100071533866   144.363629143199   152.422450517018
  2.297923185    2.29856312   144.523909943245   146.936367002812   148.746322596437   153.446711188402    144.03224038937   143.686339236348
#[time: 2.3]
#[time: 2.31]
  2.312072626   2.312105028    140.26390470425   146.936367002812   148.684471312077   149.927825652606   143.590390594518    143.42106059165
  2.318141518   2.319004306   153.876095507613   146.936367002812   142.966600169529   142.662836273629   162.997454155133   149.842721062916
#[time: 2.32]
  2.321152334   2.321404263   153.876095507613   155.333021461556   151.233252341205   150.256112433348   151.328826756356   150.669966663818
#[time: 2.33]
#[time: 2.34]
  2.340493228   2.340693869   153.876095507613   157.850930140195   156.650189557257   156.875452278925   158.230597898567    152.09218070661
  2.347704835   2.348194107   153.876095507613   151.534945471054   157.120439333602   158.355499579775   146.552702375021    146.53329218457
  2.348692383    2.34935179   150.985437737625   151.534945471054   155.511020008034   154.256349570851    145.36754095555    145.22142341704
#[time: 2.35]
#[time: 2.36]
#[time: 2.37]
#[time: 2.38]
  2.382035743   2.382781622   146.699462488244   151.534945471054   154.814220679731   155.113843864683   150.083576009899   150.724792027275
  2.383990256   2.384016287   146.699462488244   147.540608012669   151.769420414494   154.885685537347   148.429152462119   148.882289065707
#[time: 2.39]
#[time: 2.4]
#[time: 2.41]
  2.414159252    2.41419978   140.723542233529   147.540608012669   152.717510838144   153.444779876855   146.045222037529   150.762788729159
#[time: 2.42]
  2.421326424   2.421812491   145.327470681461   147.540608012669   142.114332600399   151.022192519978   146.167082883332   145.700384765598
    2.4222279   2.422717936   143.818223245557   147.540608012669   145.298551780712   148.757502542949   147.325961075002   148.525464031019
#[time: 2.43]
  2.430956985   2.431256325   149.639358993562   147.540608012669   147.976805129866   149.898291096251   139.316260444544   138.993854494075
#[time: 2.44]
   2.44853876   2.448947231   149.377648395229   147.540608012669   149.169350560766   148.777602873223   139.441105435518   139.504903144299
#[time: 2.45]
  2.451864156   2.452274352   153.431148960344   147.540608012669   154.333026543013    153.14555373051    149.23650980681   149.817645962328
#[time: 2.46]
#[time: 2.47]
  2.472226684   2.472543819   153.431148960344   158.183331073271   149.210936709027   150.176268841678   153.175155691981    152.23655877381
#[time: 2.48]
  2.481182784   2.482740628   162.447048214409   158.183331073271   157.693712581763   158.237602338392   152.844921298213   156.941507448007
#[time: 2.49]
  2.497605603    2.49764557   162.447048214409   169.374055733996   166.615437494448   164.046099360662   165.892665964937   164.437273721728
#[time: 2.5]
  2.502876039   2.505080327   162.447048214409   163.492021023453   167.484969424957   169.341261651318   155.065111069784   155.009205157643
#[time: 2.51]
  2.513042446   2.514021361   162.447048214409   165.659259694361   159.852874722848   159.590173779804    159.85432753793    159.17458504124
  2.515386761   2.518560924   162.447048214409   143.753636107869   162.591168794071   169.798865223621   156.488262050906   150.472917529856
  2.519075921   2.519284049   162.447048214409   159.907225671347    165.46707130123   151.423458137333   165.319432685769   161.044029869153
#[time: 2.52]
  2.520170924   2.521312825    163.95142201957   159.907225671347   160.494905020359   160.719192616914   158.160697599031   159.228848321748
#[time: 2.53]
#[time: 2.54]
  2.547097631   2.547223449   158.277434156259   159.907225671347   167.372290442078   165.895019188742   159.129087575484   158.714211129902
#[time: 2.55]
  2.555059034   2.556223167   158.277434156259   161.908390450176   160.120449646277   160.603112427793   161.592129708394   163.318938663653
#[time: 2.56]
  2.561887252   2.562159705   158.277434156259   156.487223695889   161.183860515251   163.833626111606   148.948929992751   148.973739326151
  2.566633295   2.566807942   158.277434156259   155.967323601266   161.106819822525   160.152189454766   164.728282441912   162.395646862864
#[time: 2.57]
#[time: 2.58]
  2.588478696   2.588840208   158.277434156259   146.330762937228   158.745392443302   157.660002150834   161.374349173936   150.194242889567
#[time: 2.59]
  2.599644858   2.599889991   150.529926984041   146.330762937228   156.329122508482   153.483426786503   140.904956705904   140.307041280344
#[time: 2.6]
  2.601958212   2.602362311   150.529926984041   143.176542855015   152.155561754108   150.561791339039   143.257063001848   145.990646914398
  2.606021689   2.608592353   140.688266035793   143.176542855015   149.118193466967   147.519980296644   134.832950477238   134.838095418821
#[time: 2.61]
  2.612201986    2.61292923   144.027034204261   143.176542855015   145.675700985287    146.42726894008   134.405851875494   134.756082019816
  2.615290436   2.617313347   144.969859647734   143.176542855015   148.083143403634   147.785834351285   135.308592292235   137.757975001942
  2.619380601   2.619688229   144.969859647734   141.321227459371   150.963678734214   149.980289599974   140.004446241753   139.636527231515
#[time: 2.62]
  2.626588289   2.627451387   142.246306501512   141.321227459371   146.891908774391   145.548055775351   140.646792534585   140.772292079244
#[time: 2.63]
#[time: 2.64]
  2.644869949    2.64496273   143.411303412808   141.321227459371   143.782059531443   143.433041362188   138.160642771036   138.536270148904
#[time: 2.65]
#[time: 2.66]
#[time: 2.67]
   2.67352185   2.674271096   143.411303412808   145.106683733693   144.462129891302   144.104770236739   140.514732006448   140.476330933069
#[time: 2.68]
#[time: 2.69]
#[time: 2.7]
#[time: 2.71]
#[time: 2.72]
  2.722762525   2.723134668   143.411303412808   149.020673807219   146.765994877354   147.671351056312   138.455582240605   138.585260656605
  2.724517704   2.725036346   143.411303412808   145.798264620934   147.593150650027   148.920031294389   143.441766339829   142.730963038081
#[time: 2.73]
  2.732557311   2.732749542   143.411303412808   135.567151254025   149.191320666127   150.490428535987   146.458853634279   137.017695019768
  2.733725737   2.733959919   137.767520429398   135.567151254025   137.927258184609   139.030951086597   132.273727474968   133.020260208013
#[time: 2.74]
#[time: 2.75]
  2.756006182    2.75611884   138.322419186134   135.567151254025   135.850104127899   136.332196500695   137.978749528571   137.582310376438
#[time: 2.76]
  2.759894157   2.760691523   138.322419186134   136.336202670613   139.016588498268   138.300928117763   133.436480451431   133.717196989468
  2.763829013   2.765121217   123.422181501445   136.336202670613   144.440880575626   143.397991241807   127.252936538417   140.132175825733
   2.76721825   2.767515238   143.382341266594   136.336202670613   131.785486449542   140.239277352128   137.074309085308   138.824515897346
#[time: 2.77]
#[time: 2.78]
  2.788084376   2.788619028   143.382341266594   140.876638471681   145.725980019125   141.986460069499   138.654659607053   131.808978352397
#[time: 2.79]
  2.791124575   2.791865296   143.382341266594    146.09506834111   145.222435862578   144.532831408651   145.624519703119   145.787998026026
  2.792091647   2.794048181   121.534229938894    146.09506834111   145.223697589972   145.632747684175   128.703147131752   145.756437619087
  2.796984437   2.798769853   145.010472218541    146.09506834111   130.144960114751   146.694127990225   144.724551957875   144.631087113575
#[time: 2.8]
  2.807027512   2.807430378   145.010472218541   148.848445515329   150.956555307146   151.586577139482   138.277043350983   138.500864737369
#[time: 2.81]
  2.811821836   2.811967295   145.010472218541    149.19781298424   147.592550945492   148.597222679938   139.978518175478   139.046945901102
#[time: 2.82]
  2.828801552   2.829612787   141.495565434563    149.19781298424   149.701923314066   151.574799385678   141.291586422161   156.652576757509
#[time: 2.83]
  2.839068933   2.839228946   141.495565434563   140.893511240229   146.196742734291   147.687078747859   134.305042739714   134.277468266469
#[time: 2.84]
  2.841546612   2.842656698   138.926230866468   140.893511240229   142.837490234837   142.687141802251   130.583864081151   131.013814644089
#[time: 2.85]
#[time: 2.86]
#[time: 2.87]
  2.875499832   2.875516111   138.926230866468   146.303918836085   139.954954884943    139.96479657703   139.215087163206   137.473729569938
#[time: 2.88]
#[time: 2.89]
   2.89950839   2.899871295   150.992305617615   146.303918836085    143.08926773362   143.445374142635   141.871006832805   143.473200726154
#[time: 2.9]
  2.902762545   2.903188311   150.992305617615   154.049748908632   153.790623784884   151.306431519899   152.876610542864   153.223317405461
  2.907453445   2.908104868   150.992305617615   149.683305055477   156.252977786645   156.833605185344   148.384100053209     142.2900370043
#[time: 2.91]
  2.915224802   2.915493892   150.992305617615    152.36549700732   151.575977891382   151.448097627482   144.350104941268    142.36269059389
  2.917099797   2.917591714   148.736166992771    152.36549700732   154.550733138879   155.542965772347   154.229573635967   160.166724096258
#[time: 2.92]
#[time: 2.93]
#[time: 2.94]
  2.940577538   2.942297672   148.736166992771   163.206613845025   152.415258489589   154.051767428049   152.477148220646   159.614466668664
  2.948657948   2.949031602   148.736166992771   147.852261686579   156.732684248057   164.423924419226   142.718144099833   143.088203844522
#[time: 2.95]
  2.950090321   2.951265822   151.725871066739   147.852261686579   151.412766127256     145.3422467365   153.157044117474   150.493078488389
#[time: 2.96]
#[time: 2.97]
  2.969224073   2.970649667   151.725871066739   149.847973460541    148.85432415988   149.379243829634   158.723601952602   155.915221256896
  2.974281195   2.974317811   141.265943599202   149.847973460541   156.398357852803   155.359531408791   148.798395994957   152.871957283507
   2.97516626   2.975278628   152.061120513434   149.847973460541   148.177316229668     149.6010252864   152.265937612398   151.899409817131
#[time: 2.98]
  2.981430623   2.982383823   152.061120513434   146.718688368866    149.26010290399   150.596917859454   153.480599516833   152.295002120908
#[time: 2.99]
  2.989713441   2.991082902   139.763176475157   146.718688368866   149.337391881894   149.386545673423   144.176325151825   148.483082594117
  2.997290994   2.999257113   149.430877852125   146.718688368866   147.347553769236   152.426832363225   144.143604880129   144.364966937298
#[time: 3]
#[time: 3.01]
  3.011941576   3.012213573   149.545877669066   146.718688368866   155.168668994962   153.479113440686   140.369688335997   140.734498790067
  3.013111392    3.01326624   121.430735533755   146.718688368866   157.185830970085   154.442887629175   130.957847658669   152.005311611963
#[time: 3.02]
#[time: 3.03]
  3.031101144   3.032044021   161.252822844528   146.718688368866   130.581095437273   148.248486895578   153.097538629943   153.974132314351
#[time: 3.04]
#[time: 3.05]
  3.057164079   3.057690022   161.252822844528   162.034749675998   158.805467660946   153.002392506629   155.852535438126    154.67889802887
#[time: 3.06]
  3.061289385   3.061799956   161.252822844528   158.205734765298   163.855982823304    158.16188559131   156.287419895642   156.286582089146
#[time: 3.07]
#[time: 3.08]
  3.084160843   3.084473587   151.031173399278   158.205734765298   166.122613449764   164.868813014649   150.534277899522   149.841536839395
#[time: 3.09]
  3.089870618   3.090180598   158.879142244391   158.205734765298   157.257836568107   162.199046528167    148.45110217828   150.868426573285
  3.094548274   3.094592454   163.668124546345   158.205734765298   160.881712559166   160.700219303997   154.827937099747   154.889970987551
#[time: 3.1]
#[time: 3.11]
   3.11106418   3.111179127   160.465567943772   158.205734765298   165.319503452705   163.069425545377     155.6667835215   156.546599464137
#[time: 3.12]
  3.122999553   3.124431193   159.794200574503   158.205734765298   163.322900734707   161.861098209861   152.318166752126   154.858928661686
#[time: 3.13]
#[time: 3.14]
  3.141817351   3.141895064   159.794200574503   158.831800521086   163.602192070804   163.080038796247   160.561634736155    160.02893297949
    3.1422808   3.142347843   161.400510007848   158.831800521086   165.771272167591   165.047246082174   155.029802108597   157.302846367864
  3.143699814   3.146174963   161.400510007848   165.331002328462   163.449677730214    162.44212639161   161.787048128629   160.609061117293
#[time: 3.15]
  3.154063769   3.154643009   161.400510007848   164.260028131118   169.195544323828   171.832003872143   154.472668216002    154.78331070988
   3.15759816   3.158191863   161.400510007848   162.292837090143   157.606743602289   165.282765624719   170.855461348199   172.585192744077
#[time: 3.16]
  3.167644345   3.168007998   161.400510007848   165.560438372225   165.835096874257    166.41038498801   156.004122924868   155.168935996691
#[time: 3.17]
  3.177831466    3.17801769   163.430825313916   165.560438372225   164.054459051355   164.711568260756   166.865115454247   167.700506052239
#[time: 3.18]
#[time: 3.19]
  3.190862011   3.191767122   163.430825313916   169.863837403862   165.835758022762   166.764755534339   161.307808767705   160.079812303493
  3.196305666   3.196363139   172.280987665538   169.863837403862   168.970219454453   170.919587129076   167.347548515849   168.188236657354
  3.199099553   3.199157498   171.833007692028   169.863837403862   178.414104197722    177.02146050706   167.293786045233   167.707129627955
#[time: 3.2]
  3.201728086   3.202458753   171.833007692028   169.958035226747   174.834026619132   173.327453694179   166.365657452621   166.656981806781
#[time: 3.21]
#[time: 3.22]
#[time: 3.23]
#[time: 3.24]
  3.246365673   3.246896009   169.041915697016   169.958035226747    172.67010550548   171.889032564766   163.749191114853   163.443785948016
  3.248959398   3.249747773    170.53721200401   169.958035226747   170.422942334383   168.012960132943   180.937745947234   180.344610707602
#[time: 3.25]
   3.25145307    3.25160935   180.028280605913   169.958035226747    172.15565396206   172.094992010261   175.057575004573   175.017270813091
#[time: 3.26]
  3.260711969    3.26188519   180.028280605913   181.226746449728    172.44856035669   171.339444910881   189.991092492305   191.627148605452
#[time: 3.27]
   3.27399909   3.274634471   182.876536523475   181.226746449728   185.547820121932   186.161289540416   181.317697267836   181.637196032363
#[time: 3.28]
  3.286593125   3.286966834   182.876536523475   179.834464360479    183.23842415438   182.897061141002   186.297803582547    181.73409023898
#[time: 3.29]
  3.294407486   3.294477441   162.889715626175   179.834464360479    182.38112058172   182.117489922685   171.452985770705    187.96500485608
  3.296459473   3.296502943   162.889715626175   165.173239202802   172.382206189238   182.690298501109   156.204269429493   156.410967802391
#[time: 3.3]
   3.30407439   3.304703227   162.889715626175   157.810363636312   166.649523650347   167.262383863653   168.459338517703   163.025390549282
  3.306722246    3.30717927   155.624330687583   157.810363636312   163.726139755747   161.436475819109   161.232625677874   163.372198754401
#[time: 3.31]
  3.311075813   3.312187957   162.277678901819   157.810363636312   159.456078711765   160.267077772476   152.060154389742   152.327169819334
#[time: 3.32]
  3.319833738   3.320227478   168.982236259607   157.810363636312   163.592740776035   160.150199295039   161.529510206487   163.714901109718
#[time: 3.33]
  3.330877419     3.3319693   168.982236259607   174.430833369654   169.841658965413   164.059795802909   166.216135111226   174.077682533115
#[time: 3.34]
  3.340489205   3.340759411   176.341414350312   174.430833369654   171.960898622988   172.715820316859   176.188940319065   176.053887034176
#[time: 3.35]
  3.347963225   3.350170534   175.066093655119   174.430833369654   178.956668666154   177.455596183112   166.265109227013   166.100631550921
  3.353703568   3.355308529    173.25803663742   174.430833369654   178.608246033176   178.301408403083   166.242505526169   166.376494559627
  3.356340938   3.356644657   176.373624041702   174.430833369654    175.68696061127   176.113503126193   166.096251402443   165.616529726191
#[time: 3.36]
  3.364875517   3.365053598   176.940249722005   174.430833369654   178.540663073885   177.139150041443   166.943447802495   166.790830265011
  3.369425673   3.369640536   176.940249722005   178.603904574744   185.004523687976   183.368245461013   171.550401085909      171.034910257
#[time: 3.37]
#[time: 3.38]
#[time: 3.39]
  3.398052077   3.398316467   175.685387361805   178.603904574744    179.68788375839   180.072232285117   174.155200125456   184.827961801949
#[time: 3.4]
  3.408355096   3.409016622   175.685387361805   176.881562603693   181.030132776476   182.014947746558   166.945550157843   167.134019056172
#[time: 3.41]
#[time: 3.42]
#[time: 3.43]
  3.437525392    3.43772179   175.685387361805   176.519939031957    180.55752910795   180.802847232085   176.408607415142   176.470282456651
#[time: 3.44]
#[time: 3.45]
  3.456509072   3.457932302   175.708122030148   176.519939031957    178.11379941362   178.195548874612    177.30132879283   176.401388306133
#[time: 3.46]
#[time: 3.47]
#[time: 3.48]
  3.481057007    3.48341966   175.708122030148   183.185524075547   179.545026319729   180.138660529727   172.409819074443   173.060196259271
#[time: 3.49]
  3.492492752   3.492832666   175.708122030148   178.514660935146   180.425578949933   188.618024280936   171.696146827837   169.691224570739
  3.495396582   3.496369849   175.708122030148   177.609242093543   179.147936682797   180.117691244627   169.842721085903   169.339317026396
  3.499132891   3.499372853   178.405821600759   177.609242093543   180.262180173136   180.878510754621   168.362701298149   168.185199091819
#[time: 3.5]
#[time: 3.51]
  3.510628773   3.510847159   178.405821600759   184.174851435073   180.644399925781   180.326619983731   173.741117379062   174.526776530982
  3.514600076   3.514781626   188.945485179172   184.174851435073   183.709494949058   189.238658186551   191.421644896669   186.402368929477
#[time: 3.52]
  3.521175524   3.521180358   188.945485179172   194.269075064787   191.741017863732   189.479910575354   191.964246759916   192.240227286669
  3.523014543   3.524265319   188.945485179172   191.498979238945   195.455073921395   198.791824046682   188.460462386118    189.85413013788
  3.525939783   3.526442827   188.945485179172   183.181261612988   192.001626064838   192.845658799804   185.466389333662   181.148600368407
#[time: 3.53]
  3.537625811   3.537679384   188.945485179172   192.879246982921   190.353341381268   188.664321314998   183.176947590733   184.027547123211
#[time: 3.54]
  3.549229667   3.549369633   195.496315875974   192.879246982921   195.364862961843    198.14627057646   186.165200975146    188.01135686911
#[time: 3.55]
  3.556374994   3.557501249   195.496315875974    198.48265051317   196.646182360957   196.199067678495    193.77558460816   193.926376963684
#[time: 3.56]
  3.561613105   3.561863299    194.38615416606    198.48265051317   197.738906520707   199.287209604629   202.031233920272   207.983983344633
#[time: 3.57]
#[time: 3.58]
#[time: 3.59]
  3.593090624   3.593140819   208.037029055175    198.48265051317    196.77444990637   197.431929880852   204.278780355938   203.588486826936
  3.594284183    3.59444306   208.037029055175   208.700360299786   211.020111377906   201.374437977435   199.940194955225   199.947119833126
#[time: 3.6]
#[time: 3.61]
   3.61139349   3.611565399   212.769328542619   208.700360299786   211.933733250626   212.210784794055   204.730622430776   205.488223618879
  3.617410694   3.617941296   212.769328542619   207.361491612428   212.810210466335   211.778697781439   223.073979210501   215.152035895776
  3.618892065   3.619396897   212.769328542619     210.5337527402   215.726145675964   212.429925571045   220.433582922679   209.091126900926
#[time: 3.62]
  3.620691838   3.621231543   215.053016636952     210.5337527402   216.866461185284   215.763489748818   206.454511253014   205.824264507771
  3.622100731   3.622152407   213.416585463481     210.5337527402   217.013247365638   213.337773739952   207.830497918578   208.203766115133
  3.627763906    3.62811749   214.403635735012     210.5337527402   217.483396982638   215.767688668798    210.44178624812   211.746678485544
   3.62841817   3.628818606   216.238981444703     210.5337527402   213.251369217947   212.737275990109     214.0481495701   213.444582303046
#[time: 3.63]
  3.629886811   3.630720458   216.238981444703   217.684758541547   218.837704585482   212.556109343204    211.76204663695   211.183848853339
  3.637687166   3.638149619   216.238981444703   223.458432172742   218.287127310061   218.537078676217   217.875239877172   215.241318425672
#[time: 3.64]
  3.640636838   3.640647325    217.43732131634   223.458432172742   221.558737756321    226.56428314275   222.662326232996   225.406684827544
  3.646238583   3.646411893    217.43732131634    219.82594618832   221.575582128261   222.409985101656   212.179932068859   211.483310333078
#[time: 3.65]
#[time: 3.66]
  3.662319662   3.663055097    217.43732131634   226.466405776662   217.765228497608   219.999231673783       225.44425259   235.967827393994
  3.665181056   3.665426622    224.53658197519   226.466405776662   221.835395192299   223.171663315827   225.648969344065   225.313941275451
#[time: 3.67]
#[time: 3.68]
  3.681316463   3.681529776   227.038725623486   226.466405776662   233.491911946905   234.733540817844    216.84062991818   217.164994298717
   3.68410474   3.684165693   227.038725623486   228.503088547744   229.899609116082   225.597049230566   229.728710103897    233.88825310773
#[time: 3.69]
#[time: 3.7]
  3.705279865   3.705779673   229.867915368554   228.503088547744   229.170811098489   229.472336281533   235.280747871192   233.364320372757
  3.709215285   3.709793939   229.867915368554   231.724301771545   231.863105479254    231.68167743071   231.973465429596   232.582115191922
#[time: 3.71]
#[time: 3.72]
  3.725790905   3.725878189    235.15457384964   231.724301771545   231.834428872275   232.004169253038   233.834444837656   233.749848695888
#[time: 3.73]
  3.739364526   3.739560394   230.858979719348   231.724301771545   235.561577958872    234.13380283512   239.232615066748   240.116609780322
#[time: 3.74]
#[time: 3.75]
#[time: 3.76]
  3.767765068   3.768011181   223.810987844228   231.724301771545    235.21795608473   235.547568300563   228.081987724996   228.831425154876
#[time: 3.77]
  3.770134728    3.77096472   223.810987844228   219.415055852923   229.779966448369   232.270804683176   228.284554256899   218.821904756522
#[time: 3.78]
  3.779893636    3.78050205   223.810987844228   226.770104820284   221.132034333823   223.199209137479     218.1591297687   218.519766767727
   3.78445436   3.785313228   232.081324475578   226.770104820284   225.347579713961   225.858659123161   222.325760579315   222.194525050336
#[time: 3.79]
  3.791154087   3.794273421   232.081324475578   247.966680162273   232.065259687448   230.285152525342   240.007889963747   242.084060427557
#[time: 3.8]
  3.806837256    3.80726503   232.081324475578   223.599142762181   238.299424376337   251.405424874846   237.020691504996   227.921474673773
#[time: 3.81]
  3.814925978   3.815120581   232.081324475578    235.43904710946    230.73639312858   227.463530816308   230.105771069053    229.37079799657
#[time: 3.82]
#[time: 3.83]
  3.836180143   3.836676022   239.077179341441    235.43904710946   236.225209818666   239.927645966158   234.646918211894   235.130067693432
#[time: 3.84]
  3.845027026   3.845030247   239.077179341441   241.587535928164   242.174241735376   240.859465526742   236.755842698655   235.217137877439
  3.849468838   3.849875815   236.291900847618   241.587535928164   235.444298833847   248.083788205859   245.898592098579   251.912846527887
#[time: 3.85]
   3.85051372   3.850793053   240.807215912977   241.587535928164   240.946060418229   242.038079570867   232.082641109227   231.957457360376
#[time: 3.86]
   3.86243408    3.86311445   240.807215912977   252.622213845718   249.553199492024   250.058629235613   246.561900363778   247.601188337743
  3.866023945   3.866996703   253.673268886368   252.622213845718   246.639238253912   247.360016564777   261.073734347109   259.179959976982
#[time: 3.87]
  3.869849385   3.870306421   253.433648195933   252.622213845718    255.32925404793   255.063713755585   247.359589411129   247.369269199539
#[time: 3.88]
  3.887692427   3.888042931   254.586699676294   252.622213845718   255.398071009131   251.141960912142   244.394236021216   243.894294732535
#[time: 3.89]
  3.895585292   3.895836745   254.586699676294   257.204141982816   255.871801886974   255.417666925202   253.392679356535     248.7276367465
  3.898756787   3.899041885   254.586699676294    259.37943128401   256.668536317191   257.134461686669   252.848790845677   251.983402144896
#[time: 3.9]
  3.904463805   3.904641144   254.586699676294   258.454811696324   255.923213984649   255.014018099211    251.39775714826   249.635841583094
  3.907519753   3.908354054   254.586699676294   258.732619472566   259.500602842001   261.986241977486   253.355526619624   253.048180183286
#[time: 3.91]
#[time: 3.92]
  3.920967729   3.921950334   254.586699676294   249.725083691144   258.596950658709   260.535158219954   244.399913646224   243.196910838417
#[time: 3.93]
#[time: 3.94]
  3.949231733   3.949850051   254.586699676294   270.261543600035   253.799835170285   253.031939508276    260.75409030723   266.062625317159
#[time: 3.95]
  3.957852815   3.958041973   272.358472692505   270.261543600035   261.553597233796   272.163809280521   267.385419067434   267.556313604222
  3.958775184    3.95897465   272.079663302212   270.261543600035    271.87920158976   271.766481730412   281.398026020244   278.521260769964
#[time: 3.96]
#[time: 3.97]
#[time: 3.98]
#[time: 3.99]
  3.992780518   3.993332332   272.079663302212   273.186921980386   276.010505528177   274.336794759431   270.012234235583   272.483536055572
#[time: 4]
#[time: 4.01]
  4.007741443   4.012000631   271.267333335259   273.186921980386   272.340960894559   272.292731064549   267.635026049052   267.161039516929
   4.01442108   4.014504882    278.81154413322   273.186921980386   270.623846215431   274.128808501086   269.483700452139   269.594467472963
  4.014815195    4.01640211    277.00308308709   273.186921980386   281.065534365439   278.016651506552    270.16875802362   271.057070548158
#[time: 4.02]
#[time: 4.03]
  4.030317274   4.032613372   277.286988038393   273.186921980386   278.085750083391   277.400700056338   266.840489675682    266.78257076061
#[time: 4.04]
#[time: 4.05]
  4.050070257   4.051406745   282.803323194002   273.186921980386   280.477031942494   277.594816235704   280.939663665616   279.052800083819
  4.051480373   4.053351773   282.803323194002   282.113642342462   279.900259455472   277.868921751353   275.164392620543   275.650422576877
  4.058450785   4.059795539   282.803323194002   284.011148567288    284.52270617717   284.178510045556   277.509969659729   277.583018564974
#[time: 4.06]
  4.069868815   4.069933489   282.803323194002   285.409909850009    283.79690844699   283.028539559921   279.272738801645   277.003433027684
#[time: 4.07]
  4.076462974   4.076580502   282.803323194002    285.05816560248   287.053168047147   287.658252261958   289.299366631211   293.922012473774
#[time: 4.08]
  4.082673718   4.082895254   282.803323194002   284.992076085203   287.384503415341     289.0073945791    275.92813122029   274.845629839406
#[time: 4.09]
  4.089701329   4.090050862   288.341140314553   284.992076085203   284.795352925436    285.13819270008   295.679482937762   291.743679594675
  4.092022067    4.09258037   288.341140314553   278.834874067908   288.807993091901   288.253438710449   295.939997596703   285.751877190184
#[time: 4.1]
  4.103078399    4.10308773   281.020447279886   278.834874067908   294.308712912356   286.762785353305   274.735282495303   275.703408765842
  4.105937754   4.106452746   281.020447279886   283.310335107941   282.733344612801   281.936545091115   280.651853713801   279.357507086374
#[time: 4.11]
#[time: 4.12]
#[time: 4.13]
#[time: 4.14]
#[time: 4.15]
#[time: 4.16]
  4.164125957   4.164614198   254.016924214853   283.310335107941   284.902518034864   280.810824021143   263.579194729741   279.824649884821
  4.166433507   4.168006705   286.568713352037   283.310335107941   261.664199966365   280.248483746302   277.719311329386   282.798496976755
#[time: 4.17]
#[time: 4.18]
#[time: 4.19]
#[time: 4.2]
  4.199710585   4.200406011   286.568713352037   294.184954426786   288.479665410634   287.566220162597   284.559827227366   284.417398644449
  4.204154106   4.204173766   296.997926062754   294.184954426786   292.933157127425   294.687248669691   286.776846470541   287.260926887298
#[time: 4.21]
   4.21660889   4.216648146   296.997926062754   301.238793216267   301.869471841009   299.942606877178   295.447239947625   295.079399112582
#[time: 4.22]
  4.220564511   4.220635074   296.997926062754   302.783701075134   300.650924953604   302.195024145963    295.87892892526    302.94925808774
  4.221637396   4.221748438   296.997926062754   294.428674883427   300.412446703618   300.721989141489   294.658530309633   295.187451721579
  4.224879649   4.226755651   292.481923675621   294.428674883427   301.667985533937   299.509180595832   293.567996804325   292.954017490359
  4.227737207   4.228121949   292.481923675621    293.50967078594    290.66033515618   294.041341010188   283.756222505763   284.042344143078
#[time: 4.23]
    4.2337295   4.233916869   292.481923675621   294.279416593419   293.972784759477   294.247458961561   286.706820703431   286.493402048507
   4.23563955   4.235743142    295.70417688142   294.279416593419   293.416674883386   293.430230182002   285.671309237625   286.118072492191
#[time: 4.24]
#[time: 4.25]
  4.249918884   4.250373411    295.70417688142   296.463073225746   295.001520223773    294.99830241657   288.758138863612   287.833233217762
  4.257268488   4.257279083   308.766360864751   296.463073225746   300.379280678386   300.832895231823   308.033399378729   302.031839805171
#[time: 4.26]
  4.260352379    4.26047721   308.766360864751   313.915637488806   305.945733846153   301.152624164125   306.365343654191   304.238653977192
#[time: 4.27]
#[time: 4.28]
  4.281051701   4.281922975   314.948954158171   313.915637488806   313.122110564265   314.613082228331   304.952678852815   310.999562729881
  4.283285298    4.28440175   314.915411689676   313.915637488806   318.531205599501   317.992233235144   310.478416022608   310.842440818757
  4.285329092   4.285785469   314.915411689676   320.596414139948   320.455199500503   319.696363086346   316.875417700105   319.678517817055
#[time: 4.29]
#[time: 4.3]
  4.301571706    4.30270106   327.413021724228   320.596414139948   319.854637372539   321.960384226837   323.988668692116   324.128663274158
#[time: 4.31]
  4.317377322   4.318024699    322.69639348541   320.596414139948   325.063547080408   324.026718266176   319.075840882686   319.108017303691
#[time: 4.32]
#[time: 4.33]
#[time: 4.34]
#[time: 4.35]
#[time: 4.36]
  4.363699047   4.363957701    322.69639348541   308.601889057328   329.906583575688    328.27629710473    328.59610767208   316.058626748467
   4.36686858   4.367857021   309.114478079942   308.601889057328   316.753297008911   315.492446518294   311.159623780022   310.995048731761
#[time: 4.37]
  4.371089989   4.372109494   309.114478079942   312.569355593231   314.216895262337   313.990907386217   312.574033887643   322.237709828852
#[time: 4.38]
    4.3824876   4.383228989   309.114478079942    311.46486585832   313.524448263933   315.397351590012   303.593317125469   303.293802803222
#[time: 4.39]
  4.397964046   4.399247228   316.566497306463    311.46486585832   314.415400326785   315.845662474722   306.443953380159   307.837594791493
#[time: 4.4]
  4.399511789    4.40074958   316.566497306463   320.460428645491   313.244655171812   313.446749480146   322.302307969043   326.450001293929
#[time: 4.41]
  4.417442858     4.4176858   316.566497306463   321.513145768275   321.484996892292   324.185159004032    310.81009085513   311.140034327748
#[time: 4.42]
  4.421849553   4.421881923   315.349651936793   321.513145768275   319.972578848626   321.115269862782   317.483250349539   317.018184511313
  4.422067482   4.422138074   315.349651936793   324.018448526152   322.035187695771   325.104962452012   316.574592740386   315.542698421088
  4.423124639   4.423168577   315.349651936793   314.795183266782   320.754190145153   323.897647743459   306.002259240748   305.965199816303
  4.428866632   4.429773937   315.349651936793   317.440496294724   316.970018030852    316.68176058872   312.734781876627   309.380450061985
#[time: 4.43]
  4.431782395   4.433121154   315.595585561271   317.440496294724   321.284515293593   322.821535564836   311.681719640918   309.749779167363
#[time: 4.44]
  4.448452646   4.448899167   327.163354960207   317.440496294724   319.702107381435   320.302861938228   317.237904589896   318.643937220222
#[time: 4.45]
  4.455068955   4.455437001   331.824872088077   317.440496294724   330.036848083512   322.425002598151   327.747954555207   323.130921855578
#[time: 4.46]
  4.460756891   4.461745094   331.824872088077   334.957175752432   335.569738748039   325.249181808859   328.153235196735   333.402356018245
#[time: 4.47]
#[time: 4.48]
  4.484206164    4.48472463   331.824872088077   338.238037821432   334.279244128256   334.798707170967   332.118331704297   338.543612821534
#[time: 4.49]
#[time: 4.5]
  4.500891753   4.501148221   331.824872088077   346.867755708289   337.970337400934    339.99948439535   336.172506884489   346.325517035681
#[time: 4.51]
#[time: 4.52]
  4.523934551   4.525050231   331.824872088077   318.391005926104   339.116251879804    343.88514129609   333.188622252356   323.927849331351
  4.529600305   4.529660919   331.824872088077    326.87779155013   340.470578704191   327.975299597026   332.881962966894    330.65895044048
#[time: 4.53]
#[time: 4.54]
  4.541006098   4.541499906   324.867201055113    326.87779155013   332.931217194669   331.439488571636    316.47680453197     316.6828664198
  4.542624043   4.542896411   324.867201055113   321.931700738857   328.058736918491   328.671618199544   326.010492864762   324.635678566558
   4.54811595   4.549863544   325.614892725697   321.931700738857   330.411728410069   328.889221887403   317.345875085006   320.832710652623
#[time: 4.55]
  4.552039349   4.552151677    317.40888654681   321.931700738857   329.140217116965   326.626438144395   320.273247040399   320.653697587212
#[time: 4.56]
  4.566578965   4.566987736    317.40888654681   318.551836389594   320.730172906733   321.285943351143   321.655639804912    322.76793144513
#[time: 4.57]
#[time: 4.58]
#[time: 4.59]
#[time: 4.6]
#[time: 4.61]
  4.611465044   4.612283594   319.871390463187   318.551836389594   324.957493168842   325.689652163797   311.154176850902   311.261803180727
#[time: 4.62]
#[time: 4.63]
  4.637468184   4.637630812   332.591660964293   318.551836389594   322.546006385084   321.970403481008   330.896538222894     325.7561800439
#[time: 4.64]
  4.640664921   4.643883894   319.724654162731   318.551836389594    330.27879659479    324.88112761567   310.150846150816   313.822983282347
#[time: 4.65]
  4.657299537   4.657638216   322.454204229687   318.551836389594   321.349511739298    320.71287167569   323.459240113999   322.442003359319
#[time: 4.66]
#[time: 4.67]
#[time: 4.68]
#[time: 4.69]
  4.690008998   4.690020484   332.392942783138   318.551836389594   323.555400167324   322.503413807185   331.809019713884   327.125492747043
  4.697501225   4.699857213   332.392942783138   319.901688675537   334.418878434595   326.999804592045   337.799114297581   327.084247029959
#[time: 4.7]
#[time: 4.71]
  4.711175213   4.711535668   332.392942783138   331.509766367224   332.643231537369   325.366211884459   321.918457598945   321.738931596028
  4.713790313   4.715037741      336.441341872   331.509766367224   334.621303187884   334.234046024196   328.660005272091   332.876621001041
#[time: 4.72]
#[time: 4.73]
  4.730284643   4.731036377   334.548287449177   331.509766367224   336.029626702457   335.068631634773   344.995751809813   341.059568420177
#[time: 4.74]
#[time: 4.75]
  4.757740848   4.758275312   332.329701165727   331.509766367224   339.422480771754   337.631529305224   328.618462040932   328.969242394373
#[time: 4.76]
  4.759369036   4.760278029   332.329701165727   340.051136765435    335.92945925572   335.530866126675   337.399970628312   338.742771504608
  4.762598536   4.763391636   332.329701165727   329.336649392272   338.595106179338   342.524522950511   327.663904654176   328.838342593435
  4.763725318   4.764082423     330.4080554334   329.336649392272   332.371449798267   331.308675711975   327.021277633103   327.298487762302
#[time: 4.77]
  4.769923644    4.77019338     330.4080554334   331.832880129634   330.569702780244   330.456750104259   332.190932685002   331.868355299412
#[time: 4.78]
#[time: 4.79]
#[time: 4.8]
#[time: 4.81]
#[time: 4.82]
  4.826084368   4.827543699     330.4080554334   331.333119366751   336.814233336448   337.537986969959    325.48352024931   324.418063646759
#[time: 4.83]
  4.832006085   4.832674423     330.4080554334   330.939235704723   335.193844109598   335.693490079428   330.789444076263   330.929648736445
  4.838508317   4.839202691   351.488453637047   330.939235704723   331.005796731924   331.058853232565   346.542195184709    339.61355399255
#[time: 4.84]
  4.841916345   4.842615238   332.690857960301   330.939235704723   355.568598964991   339.404735062325   323.707331101903   323.337850168431
#[time: 4.85]
  4.853206524    4.85515487   333.023167605031   330.939235704723   334.959161290707   334.108863177727   342.547194594378   340.492983236492
#[time: 4.86]
#[time: 4.87]
  4.878508033   4.878610877   333.023167605031    334.43776662178   333.707078316796   333.486068577828   331.702160591111   331.410655757631
#[time: 4.88]
#[time: 4.89]
#[time: 4.9]
#[time: 4.91]
  4.915217939   4.915738412   345.738759869891    334.43776662178   335.481981995367   335.738952606777   347.237839624469   339.910862750128
#[time: 4.92]
  4.923347564   4.924189819    337.07548203392    334.43776662178    352.64463604283   342.629082050535   328.946360849651   331.806112432451
  4.928305238    4.92898375   336.061393758709    334.43776662178   341.572137758024   336.987466043134   326.824660339185   327.981528330836
#[time: 4.93]
  4.929909546   4.930014562   337.810523379905    334.43776662178   344.315677994191   342.585850391649   341.886806499176   338.950215427426
  4.930852057   4.931068242   337.810523379905   346.600963624251    341.99179562695   338.640943591392   342.524605864557   341.880618284027
#[time: 4.94]
  4.940957855   4.941384819   348.349281275268   346.600963624251   341.651975935254   351.377313208111   341.609481479682   342.711141929563
  4.943596582   4.943923561   348.349281275268   351.995935622777    350.36323221526   350.287817617982    341.48786728223   342.243783862332
  4.949498985   4.949743163   350.441728863525   351.995935622777   350.596198169433   352.032387018142   344.359883899285   344.365885572243
#[time: 4.95]
#[time: 4.96]
  4.963605667   4.965680607   350.441728863525   348.771014267981   355.473757548645    356.02666950228    342.41677912824   342.907964093916
#[time: 4.97]
#[time: 4.98]
  4.980371382   4.980812528   355.325766791256   348.771014267981   355.859105377775   354.486643793918    351.37370518667     351.5711229148
  4.982649275   4.984149491   347.422601089597   348.771014267981   357.525781478124    353.44112298091   345.028181688773    343.59105189272
  4.985770051   4.986125573    349.55774295409   348.771014267981   349.350818626723   349.551652547807    345.13120791666   345.770250805088
#[time: 4.99]
#[time: 5]
  5.002477039   5.002594175    349.55774295409   355.315151190121   346.365069303356   351.742783531117   353.898949931864   350.372029798506
  5.005372357     5.0060969    349.55774295409   345.976722739665   356.052613779191   358.688659483539   348.343394164539   348.153912304874
#[time: 5.01]
   5.01233198    5.01251354   338.569432172299   345.976722739665    342.31555292747   346.012083943141   342.063486792303   341.888693364423
  5.016091149   5.016126577   338.569432172299   345.788684549269   344.711937968403    347.40483051414   345.287558338554   351.295025963561
  5.017322344   5.017389783   338.569432172299   341.752217556913   343.133007891909   347.678469498829   340.575594724189   340.871568385434
#[time: 5.02]
  5.020850796   5.022090504   342.337390398598   341.752217556913   345.562909632673   347.208649498581   350.558366120057   349.874640732282
   5.02287956   5.023074984   342.337390398598   346.668484773682   341.266408004078   341.320183107995   341.641881329174   340.269203574637
#[time: 5.03]
#[time: 5.04]
   5.04436294   5.044393449   342.337390398598    350.39280820313   344.249656408423   344.135331963212   344.438957096347   342.476170559296
#[time: 5.05]
#[time: 5.06]
  5.065878076   5.068275703   342.337390398598   333.382059321137   345.272030844805   348.927420979625    343.28609196315   337.254963506192
#[time: 5.07]
  5.075681283   5.077268107   332.577386508443   333.382059321137   338.829023133205   338.376749608802   324.217784187131   324.162904455959
#[time: 5.08]
#[time: 5.09]
#[time: 5.1]
#[time: 5.11]
  5.112121516   5.113204663   348.579068337407   333.382059321137   334.945970540177   335.072807092471   348.481251313126   341.281977754433
  5.116831428   5.117989568   348.579068337407   349.479531507283   344.607725458777   340.265586581023   340.054006574589   339.503981625385
#[time: 5.12]
#[time: 5.13]
  5.129888813   5.130430851   354.068122258326   349.479531507283   354.875611130647   355.659650008147   344.975087844116   345.746431669339
  5.132221063   5.133484086   354.068122258326   354.994978398991   354.219120469678   353.121673424336   348.002421871896   347.523656272305
#[time: 5.14]
  5.143606675    5.14368759   357.555822383727   354.994978398991    356.99148494778    357.40051284632   349.836650281942   350.173713244981
#[time: 5.15]
  5.149742839   5.150665859   356.016935971889   354.994978398991    358.81525390132   357.831307300385   354.586962068537   354.762348359413
  5.157172673   5.157398471   356.016935971889   350.508316395312   357.389201025958   356.945102612001   355.287649281895   354.140676817642
#[time: 5.16]
#[time: 5.17]
  5.172941344   5.173004826   358.292460161847   350.508316395312   355.681786562986   354.566465606256   360.858726877516   353.710245937481
  5.176108176   5.176715186   349.776082884327   350.508316395312   362.444518178102   357.004204943467   342.773051349295   342.783898548331
#[time: 5.18]
  5.184844178   5.185012336   349.776082884327   342.995004295043   353.728120795133   354.145677017496   358.741369752224   349.318309594821
#[time: 5.19]
  5.191002961   5.191788363   347.619715454025   342.995004295043   354.618166049038   342.834783846865   342.487517119003   343.597961230789
  5.196057228   5.196735848   347.619715454025    348.23783243875   348.478620164656   346.739873030935   357.817647889948   358.574418799002
#[time: 5.2]
  5.199947639   5.200003675   349.510594052046    348.23783243875   352.136401800961   352.480463477344   346.267872333652   351.109068428616
#[time: 5.21]
#[time: 5.22]
#[time: 5.23]
#[time: 5.24]
#[time: 5.25]
  5.257934595   5.258823992   350.863234082406    348.23783243875   352.054439900458   351.266584193338   342.957050655618   344.281757665774
#[time: 5.26]
#[time: 5.27]
  5.278596841   5.278644486   350.863234082406   345.299501162009   351.055070750878     350.6105382865   345.952249760556   338.408384145021
#[time: 5.28]
#[time: 5.29]
   5.29751828   5.297883206   350.863234082406   341.938329216148   351.496345964103   347.644657112935    341.24285544463   344.318459048321
#[time: 5.3]
  5.303156493   5.304936038   346.483629690112   341.938329216148     348.7944203733   346.574553659621   340.210813927206   342.657353919682
  5.309193271   5.309434851   343.455201092918   341.938329216148   352.763329835005   349.441527325268   336.805879044091   338.016407114278
#[time: 5.31]
#[time: 5.32]
  5.326678609    5.32669452    340.35304561609   341.938329216148   344.649127887376   344.518589422685   336.209257104501   335.681245869024
#[time: 5.33]
  5.330633473   5.331123941   338.405408396147   341.938329216148   342.505395344349   343.145049284627   339.990043823966   339.921718164353
  5.334500695   5.335021305   341.309308692657   341.938329216148   340.444814784445   341.416619685535   335.827184378474   335.293880663343
#[time: 5.34]
#[time: 5.35]
  5.359482322   5.359537709   341.309308692657   344.275550912017   338.980065509199   338.905324771665   343.692665076437   344.372073211924
#[time: 5.36]
  5.368530282   5.369115648   341.309308692657   346.381172920354   344.503917616686   344.952008683522   343.833924760614   342.339207399169
#[time: 5.37]
  5.376715961    5.37688897   345.280510576616   346.381172920354    345.13646436941   345.876090966179   342.059665999034   341.402345074833
#[time: 5.38]
  5.380283403   5.381907094   345.280510576616   344.481787692639   347.078762230193   345.767213341349   335.550260976402   337.089692719382
  5.387487083   5.387501408   345.280510576616    348.02846069536   346.968270189588   346.627431131689    351.42559759694   353.645946414895
#[time: 5.39]
  5.392695373   5.393134258   345.280510576616   347.465807919345   347.286313979675   347.735221595881   339.347020750438   337.647336749061
#[time: 5.4]
#[time: 5.41]
#[time: 5.42]
  5.428868018   5.428993462   345.280510576616   348.258646699677   351.686839156088   353.071083798933   338.315992642939   337.800014369086
#[time: 5.43]
  5.436030781   5.436668904   345.280510576616   348.623227296371   347.930329666768   348.177606739812   342.256929013511   342.195992021448
  5.439452819   5.439606971   352.408707671747   348.623227296371    347.95330308943   349.515300379976   348.407012849831   351.444428997142
#[time: 5.44]
  5.447895828   5.447983779   352.408707671747   349.320831377367   352.788787968613    351.72538961016   346.166649613891   347.047801510385
#[time: 5.45]
  5.449867598   5.450374803   352.408707671747   344.315902521102   355.619790078381   354.780375958427   359.725152362013   350.586123933196
#[time: 5.46]
  5.466102864   5.467424586   352.408707671747   353.823559987884   356.042798953743   347.983838293198   354.353068032933   354.919241266357
#[time: 5.47]
  5.470546422   5.471514904   352.408707671747   354.318445843995   354.080601857638   354.410574112272   362.196067282045   364.789949373965
  5.477475904   5.478089142   352.408707671747   354.007724396164   353.984395479075   350.405821244792   349.088685433126   347.500437964603
  5.478853529   5.479121978   352.408707671747    335.45129198552   357.660382294375   358.817331717853   358.604948129801   338.731560840052
#[time: 5.48]
  5.483222507   5.483380376   339.044321109515    335.45129198552   349.612245451802   337.571223241171   331.236871226369   334.613140840839
  5.489079275   5.489199118   337.194186821677    335.45129198552   341.867253909896    340.28935860821   334.677204447062   334.957296308001
#[time: 5.49]
  5.498265749   5.498359304   337.194186821677    326.76212302236   342.751422910686   341.874632336959   342.251591386678   333.003933820479
#[time: 5.5]
  5.502266878   5.504041155   343.713479119974    326.76212302236   342.294943602587    333.83796373231   338.635590831907    332.05464520479
  5.507223062   5.508453407   343.713479119974    342.75211917128   340.327691240204   333.838399543703   343.951861852602   346.150639384163
#[time: 5.51]
#[time: 5.52]
#[time: 5.53]
#[time: 5.54]
   5.54489105   5.545921884   343.713479119974    347.93562617787   345.194094334624   344.941934500643   340.890371610376   340.546876090503
  5.546334832   5.546416044   343.713479119974   346.943455231394    348.18713162001   348.860975575438   348.316912679011   349.467928590607
#[time: 5.55]
  5.557449792   5.557897013   351.738252779871   346.943455231394   348.854441609529   350.406627411756   342.454750982687   343.089685749127
#[time: 5.56]
  5.560628369      5.560805   351.738252779871   332.525498349232   351.069051018001   350.482216822328   355.235896010066   339.715910502345
#[time: 5.57]
#[time: 5.58]
  5.586158279   5.586386427   351.738252779871   356.694340187175    351.65949374572   333.598041730825   351.772107391525   350.889733786567
#[time: 5.59]
  5.593651841   5.594121952   351.738252779871   363.530306296939   356.444863876884   359.008690441469   357.594870984766   357.309789556769
#[time: 5.6]
  5.600142921   5.601327154   351.738252779871   361.573925090843   359.438290814344   360.896191162961   359.837256881107   368.444512666399
  5.606089387   5.607319601   351.738252779871   355.672887165617   356.644326658451   357.387504390297   346.730670281475   346.002173085596
#[time: 5.61]
  5.610952612    5.61211787   363.006080280729   355.672887165617   358.115516952533   359.137431061349   365.161155220104    361.96211705331
  5.613746979    5.61473881   354.900045691147   355.672887165617   361.623318571548   359.029095764988   348.689387914357   348.319776787577
#[time: 5.62]
  5.624202092   5.625707508   354.900045691147   360.593322975725   355.820243738344   356.339592506897   358.043100284789   354.512910347592
#[time: 5.63]
  5.633675048   5.634308592   373.041298388891   360.593322975725   359.062942128472   360.024882681534   374.518799697552   367.768302836475
  5.637311893   5.639623447   366.788024328536   360.593322975725   371.244679348509   366.194813440055   357.931521370105   360.198346552162
#[time: 5.64]
  5.641520033   5.641680972   366.788024328536   372.333800507214   371.969667462187   368.109014231714   363.910893885866   362.114233512888
#[time: 5.65]
  5.653595639   5.654542992    382.04067076334   372.333800507214   372.907154599859   375.172623020718   382.177633612655   376.703786573572
#[time: 5.66]
  5.659756415    5.66042938   369.248078975588   372.333800507214   382.790600964594   377.962695361574   364.414005879064   364.288377122518
#[time: 5.67]
  5.674524317   5.674975874   369.248078975588   351.608253632981   369.566702611866   373.283497463496   369.079240148292    349.94641263166
#[time: 5.68]
  5.679636059   5.680341062    352.39632228637   351.608253632981   360.918554930695   360.136977193623   347.397203380177   348.535430247371
  5.685311519   5.685423993   370.021684151085   351.608253632981   355.428903791053   355.049018621594   366.690930017118   355.692618734349
#[time: 5.69]
  5.690609106   5.690641178   370.021684151085   368.599319171726   367.537831371721    361.02888116483   380.218864129132   378.542445867142
  5.696856437   5.697048988   370.021684151085   371.706120326258   369.658903860977   369.580306268775   364.624291657896   362.805797564498
#[time: 5.7]
  5.707278884   5.708447345   366.748783850708   371.706120326258   371.871685298745   369.722052049359   365.649648664907   363.428100895644
#[time: 5.71]
  5.712791852   5.712938732    375.90064501219   371.706120326258   367.233556091366   374.509586163772    365.81631176577   365.130301707937
  5.713951116   5.714337064   372.426627527815   371.706120326258   374.616688204196   374.365181297042   370.003822451466   371.233692351208
#[time: 5.72]
  5.729331951   5.729995418   372.426627527815   370.497530117512   376.812736666806   376.643279774058   363.942425889058   364.826858563729
#[time: 5.73]
#[time: 5.74]
#[time: 5.75]
  5.751039234   5.751834865   372.353602131684   370.497530117512   377.719619021965    374.69974230004   378.868383107581   375.813835854835
  5.758961016    5.75927988    372.64357933131   370.497530117512   375.036134360417   374.543352988415   364.826777979454   364.495400130719
#[time: 5.76]
  5.760279415   5.761009103    372.64357933131   375.029063871869   371.703874551445   371.693744334829   373.061319564584   372.410080238589
#[time: 5.77]
#[time: 5.78]
  5.785446785   5.785805354    372.64357933131   374.507983813691   374.946079394961   376.208363159305   367.596611571536   367.102363440238
#[time: 5.79]
#[time: 5.8]
  5.805373758   5.805583275   370.798265908129   374.507983813691   378.205619037344   379.158858870096   372.536748182158   367.781289563055
#[time: 5.81]
#[time: 5.82]
#[time: 5.83]
  5.836625578   5.837178265   370.798265908129   372.281677129877   371.867161897203   375.235370946866   365.985402647671   365.096146447055
#[time: 5.84]
  5.843985276   5.844035814   357.024090102681   372.281677129877   375.299456826966   376.050117854822   364.610046338813   374.167811450596
#[time: 5.85]
  5.853324292    5.85402136   357.024090102681   363.740206018033   363.066007864542   376.423639349909    359.55690158085     358.0952902826
#[time: 5.86]
  5.864350691   5.864367868   370.801936693868   363.740206018033   363.524708396315   366.938150427224   368.027937736913   367.360065234504
#[time: 5.87]
  5.869899544   5.871639131   366.220335229065   363.740206018033   371.556765071206   369.275961696084   356.252508217439   359.427454851096
#[time: 5.88]
#[time: 5.89]
    5.8929955   5.893562752   366.220335229065   368.191900396314   368.992647935256   367.669186760074   374.765699255803   377.044716743038
#[time: 5.9]
   5.90001097   5.901860578   368.766120582031   368.191900396314   372.391216614763   373.367135863103   358.852588779621   357.749497218199
#[time: 5.91]
  5.913412604   5.918484154    374.84297096965   368.191900396314   372.455264086954   372.147701103568   375.881209529164   373.280259890877
#[time: 5.92]
  5.928430786   5.929531162   374.601649688283   368.191900396314   374.561368184837   372.916183675014   364.864475284954   365.414374339605
#[time: 5.93]
  5.934978383    5.93546073   364.982988583633   368.191900396314   373.673872826796   372.798532148242    363.25411480268   362.415865130006
#[time: 5.94]
  5.948335506   5.949056297   369.053414451789   368.191900396314   369.688832460845   372.612357854814   358.645599230675   358.479529516624
#[time: 5.95]
#[time: 5.96]
  5.961845342   5.962235636   368.784199146572   368.191900396314   370.242292780015   366.555993972042   358.358157202852    360.22033377795
#[time: 5.97]
#[time: 5.98]
  5.980466048   5.980875156   367.149418217072   368.191900396314   369.724317715213   369.645553295031   377.184773104753   378.581089504167
  5.981542811   5.981847625   367.149418217072   368.164471460691   369.014325185698    369.49403667259   370.694679131872   371.456059620621
  5.988939374   5.988996004    367.23720303442   368.164471460691   372.251407365917   372.653422076024   362.713533347459   362.192951016549
#[time: 5.99]
