# command line: ./generate_stepping_data --framerate 1e-10 --ct 0.2 --exp-unbinding-constant -0.35 --cm 0.4 --ls 10.49 --eqt 0 --eqb 120 --seed 1.0 --eqmpre 200 --nomovie --label paramSearch-fitparamsrun2 --dt 1e-10 --lt 23.8 --k_ub 75.0 --k_b 100000000.0 --eqmpost 224 --runtime 6.0 --cb 0.1



#********paramSearch-fitparamsrun2__k_b-1e+08,k_ub-75,c--0.35,cb-0.1,cm-0.4,ct-0.2,ls-10.49,lt-23.8,seed-1,dt-1e-10********
#time_unbind, time_bind, nbx_bind, fbx_bind, nmx_unbind, fmx_unbind, nmx_bind, fmx_bind
#[time: 0]
 0.0087229404  0.0087284101                  0  0.753387635054792   2.82479876179116  0.970237577722473   1.50875017841191   1.64729323535114
#[time: 0.01]
 0.0138971745  0.0139380001  -13.9897381833274  0.753387635054793   1.31637168542943    1.4219355392133  -8.95983419853175   3.87000522028621
#[time: 0.02]
 0.0287500475  0.0287518449  -4.56131844497831  0.753387635054793   -9.6087458321138   3.57685263777371  -3.56708533000174  -4.32874242675955
#[time: 0.03]
 0.0340262593  0.0340414932  -4.89840005851609  0.753387635054793    1.1891415849685   3.37516346318251  -1.63628843800424   1.68771364522765
#[time: 0.04]
#[time: 0.05]
 0.0519121022  0.0519174179  -4.89840005851609  -3.52407682872688  -1.47940211319552 -0.435509774979232  -5.75974975229718  -6.02782058424688
 0.0553202992  0.0553759995  -4.89840005851609  -5.73830384462469  -2.25006330812857   -1.7223879208639  -15.1502149061853   -15.060305107196
#[time: 0.06]
 0.0674952767  0.0675359866  -4.11187161547998  -5.73830384462469  -1.80768197702593  -2.25524191182875  -11.6817120840864  -9.92446445983502
#[time: 0.07]
#[time: 0.08]
 0.0852678658  0.0852852068  -4.11187161547998  -2.57648414257201   -3.9927672184365  -4.13563607654666  -9.02387403101763   -9.6168617657592
 0.0876589995  0.0877102317   2.57706711366755  -2.57648414257201  -1.47129067660788 -0.932618295685509  -7.37235802109278  -2.61926709932273
#[time: 0.09]
#[time: 0.1]
  0.100882241  0.1008984171   2.57706711366755   -9.0425407464072   3.32265503651009   2.17956707312106   1.12256322290699  -4.96044124919326
#[time: 0.11]
 0.1142203431   0.114224267  -5.25786656591185   -9.0425407464072    3.5070360740073  -2.24427440432102    -14.81923888025   -13.413991008783
#[time: 0.12]
 0.1286828481  0.1287300779  -31.2523554607824   -9.0425407464072  -5.13560101723784  -6.26122384227287  -25.3937588942683  -6.14276517896925
#[time: 0.13]
 0.1331719708  0.1331796815  -31.2523554607824  -35.8692113821631  -23.6045544578242  -7.39284803198445  -27.8352430870144   -30.984312128544
#[time: 0.14]
 0.1468624556  0.1469488286  -31.2523554607824  -29.5288528660886  -28.1640017471835  -29.7903180410124  -31.3193083441027  -31.5841703757714
#[time: 0.15]
 0.1513477071    0.15134984  -26.4025422630625  -29.5288528660886  -29.8510592213121  -31.3696381451411  -20.2860046455199  -23.5098760015476
#[time: 0.16]
 0.1628167791  0.1628482712  -23.5261081150259  -29.5288528660886  -28.3445367797113  -28.2447809017653  -32.8562745566983  -31.7197233232301
#[time: 0.17]
  0.175371827  0.1753844513  -23.5261081150259  -25.7009781512744  -23.1941667763844  -25.5112443873784  -25.6218921965918  -25.4927769155777
  0.177166122  0.1771901291  -23.5261081150259  -21.9340959835036  -19.4236660173058   -20.524033383695  -28.9892756490432  -32.2343851515551
 0.1780856888  0.1781093401  -23.5261081150259  -19.9586309728941  -20.2764226170535  -19.6129808930099  -29.0839297906714  -30.2295711650229
#[time: 0.18]
 0.1824342911  0.1824432231  -17.8711208831186  -19.9586309728941  -17.7972083478941  -16.3318757662829  -26.0679554132501  -24.8550956425606
#[time: 0.19]
 0.1959921083  0.1959944985  -26.9664322101333  -19.9586309728941   -15.440623647097  -15.9340012126001  -21.2903592689759   -19.767311644627
#[time: 0.2]
 0.2028716115  0.2028727731  -13.0822340893742  -19.9586309728941  -26.3064267988879   -19.407944382295  -22.3617244610591  -21.1679247603396
#[time: 0.21]
#[time: 0.22]
#[time: 0.23]
 0.2338024852  0.2338080166  -13.0822340893742   -9.8294374384808  -13.5842697523656  -14.3333425261129  -19.3778361388822  -20.1011214491931
 0.2370844162  0.2371633086  -13.0822340893742  -8.91100590223353  -10.0865777212058  -8.56635044494421  -11.9393066929079  -12.2765266572988
#[time: 0.24]
 0.2497380132  0.2497605774  -13.0822340893742  -11.3491540118713  -10.2694818479273  -9.19694187700876  -14.0704985788767  -15.4527704627329
#[time: 0.25]
 0.2554502051   0.255477557  -8.91866017719874  -11.3491540118713   -9.9394315954358  -9.28546978370979   -18.860128306759  -18.6489934555102
 0.2584903309  0.2585249376  -12.9963352641097  -11.3491540118713  -11.2881844404961  -9.71041709865985  -17.0220924482798  -18.6439622131127
#[time: 0.26]
 0.2666173586  0.2666522531  -12.9963352641097    -12.33480086637   -9.3598870035535  -9.21211969423405  -8.26022130677922  -11.0976917450916
 0.2694003519  0.2694023686  -3.87808815020477    -12.33480086637  -7.61706208203405  -7.32637475217315  -12.7600138188972  -7.67658049686369
#[time: 0.27]
 0.2747336881  0.2747524766  -10.2481838301309    -12.33480086637  -4.34966854686135  -8.13678345102124  -18.9511983655839  -19.0382759031729
 0.2788021403  0.2788351779  -9.13685787596721    -12.33480086637  -5.03320084024555  -6.25063281339111   -17.868632793307  -15.4820366946646
#[time: 0.28]
#[time: 0.29]
#[time: 0.3]
#[time: 0.31]
 0.3105150244  0.3105952719  -9.13685787596721   -8.2170662762503  -8.14089616792016   -9.0797078563994  -13.7726064295793  -14.1177890561538
 0.3109029678  0.3109033029  -9.13685787596721  -14.2173485828747  -4.22719364575477  -3.86105551644562   -5.8332177405374  -9.63117314905708
#[time: 0.32]
 0.3259580338  0.3259617894  -9.13685787596721  -7.18746905968282  -7.37325712332994  -11.8450233492198  -7.80604437468839  -7.71138576750836
#[time: 0.33]
#[time: 0.34]
#[time: 0.35]
#[time: 0.36]
#[time: 0.37]
 0.3745025826  0.3745026917  -9.13685787596721  -3.24365471893199  -6.48991169204757  -5.93445173385058  -1.87658853706399   5.43687023889928
#[time: 0.38]
#[time: 0.39]
#[time: 0.4]
 0.4040725829  0.4040811106   0.34179063155453  -3.24365471893199  -2.75259277437001  -1.04234036998459   -5.3510409619866  -4.96622046491564
 0.4055309729  0.4055808016  -4.14765210068561  -3.24365471893199   3.42913453473949   1.88917222607629   1.20154669374676   1.62297625037812
#[time: 0.41]
 0.4104391058  0.4104413158  -4.14765210068561   9.27307571773785  0.799252765387143   1.17889632802778   2.02344243331682   4.22797858822671
 0.4115574218  0.4115923019  -4.14765210068561 -0.624317564316867   2.57154967531653   5.14957424183316  -8.63377125651809  -9.45648149056532
#[time: 0.42]
#[time: 0.43]
#[time: 0.44]
 0.4485076095  0.4485327667  -1.39038453008809 -0.624317564316867  -1.41960811255104 -0.985134120267462   8.23991974255805   9.26614141073544
#[time: 0.45]
 0.4512221549  0.4512344121   3.85046116075556 -0.624317564316867 -0.873663256094884 -0.618426872251068  -5.12293720429906  0.114388386613011
#[time: 0.46]
 0.4656277662  0.4656376109   3.85046116075556   3.28205391429834   3.65165446687024   1.82739344140848  -2.03254254863492   -1.9952031706268
 0.4663756497  0.4663942235   4.40639464368175   3.28205391429834    4.5196958878602   4.45916330366586  -5.20128958511633  -5.34071877835579
#[time: 0.47]
#[time: 0.48]
 0.4847192432  0.4847221297   4.40639464368175   2.62595744022786   5.08778097380659   4.97515759744419   3.01572315391747    3.0297165542269
#[time: 0.49]
 0.4976019799  0.4976392822   6.47575914598963   2.62595744022786   7.30109022163314  -2.41914215490971   -3.8387253299759  -4.69810465018131
 0.4992468335  0.4992630024   13.5025821646916   2.62595744022786   4.99613557876674   4.84164410437725   9.82489400659155   7.79892083348251
#[time: 0.5]
#[time: 0.51]
#[time: 0.52]
#[time: 0.53]
 0.5392146713  0.5392153064    11.766978915076   2.62595744022786   14.5895020273306   8.21355227431874   5.73425327318192   7.36629989710861
#[time: 0.54]
 0.5467608705  0.5468002536   -3.0768351886996   2.62595744022786   15.5511853123665   10.3053481740015   1.54183087620064   5.22982412114545
#[time: 0.55]
 0.5536233943  0.5536878512  -5.30144795220287   2.62595744022786  0.487862630614153   2.46007363819133  -5.69291460959375   7.28533844131664
#[time: 0.56]
 0.5633512868  0.5634653697  -5.30144795220287  -4.21056255796024 -0.0120772529928468   4.60394502978245  -10.3644526006514  -10.8034702486817
 0.5668314578  0.5668629612  -5.30144795220287  0.749010319765913   -8.4606556851762  -3.92612127465426   -6.1871223925362  0.504613044393786
#[time: 0.57]
 0.5759552857  0.5760021017   5.00044500671807  0.749010319765913  -1.77770928674377  0.558673505601003  -4.14901109060706  -2.64632172794407
 0.5775872046   0.577623921   5.00044500671807   4.12651465251199   6.86474641789629   5.70483509496127   2.08025067313553    2.2209640632364
 0.5782752434  0.5782835051   5.00044500671807   8.93333524645372   8.41466919225191   7.80316189814505   1.10068637621762  0.220165484864825
#[time: 0.58]
 0.5839253136  0.5839452342   5.00044500671807  -1.55290332380551   11.4981915199897   13.4260187673748   3.73866450109162   2.51818216419619
 0.5841564189  0.5841776287 -0.529404863383366  -1.55290332380551   4.62487577939004   2.79941994736962  -10.9864109536375  -11.1448942416765
 0.5895801384  0.5895947307 -0.529404863383366  -3.07402737377971    1.9016314358185   1.26300110152852  -8.18572214239164  -6.85128087658877
#[time: 0.59]
#[time: 0.6]
  0.601592462  0.6015989757 -0.529404863383366   2.09461865563075  0.342777847606208 -0.474050516979798  -8.11018247929949  -7.91042112799898
 0.6067527774  0.6067568298 -0.529404863383366   1.58002540145189  0.828636719353399  0.851133324949762  -2.19399843582748  -6.09210902046266
#[time: 0.61]
#[time: 0.62]
#[time: 0.63]
  0.634371003  0.6343711833 -0.529404863383366   -2.7950828683971 0.0859215993213733  0.297534823564777  0.518334248773182 -0.623141645503592
 0.6373205058  0.6373235775 -0.529404863383366  -2.37028315922195  -1.79436257404823  -1.65865759087439   6.08569261125895   3.68575391553425
#[time: 0.64]
 0.6408278826   0.640875851 -0.529404863383366   5.61045865988627  -3.13282515403311  -2.38845524465162  -2.68469486002184  -3.62328138965746
 0.6457824911   0.645796027    8.6237444266529   5.61045865988627   6.77368846800809   9.93413057333607  -1.12992878481426  -1.66911058379735
 0.6463977407  0.6464195301   7.37551299289407   5.61045865988627   9.50694275979317    8.7957218934193    1.8473547765066   1.70366789041884
#[time: 0.65]
#[time: 0.66]
#[time: 0.67]
#[time: 0.68]
#[time: 0.69]
 0.6902933722  0.6902936277   7.37551299289407   3.33739055367291   5.49183601528586   7.04974486849594   10.9315134628433   5.54536763404793
#[time: 0.7]
#[time: 0.71]
 0.7121821179   0.712189252   5.49521514897703   3.33739055367291   10.6333504402324   9.39757998477821  -4.77349160870168  -5.17147488530049
#[time: 0.72]
 0.7292443881  0.7292777915   7.77322453104486   3.33739055367291    8.0495015000157   6.93567363991535   4.02993252510563   4.57781792367368
#[time: 0.73]
 0.7317931654  0.7318046946   7.77322453104486   3.45151372528881   7.73908169334596   6.49544402318056   16.7268447403023   9.16430953357003
#[time: 0.74]
 0.7433245597  0.7433578158   9.11353894454315   3.45151372528881   8.04608825697903   6.97354055113566   1.21536009058945   2.16430978585065
 0.7482634938  0.7482702588   9.11353894454315   12.6480835804953     12.36036402989   9.60947632247463   2.08476545542571    2.1697078117773
#[time: 0.75]
#[time: 0.76]
#[time: 0.77]
 0.7758112602  0.7758148677   9.11353894454315   10.5057417759242   15.4883083561226   17.1797570529024    4.8343207419371    3.2360183677166
#[time: 0.78]
 0.7893875814  0.7893890992   9.11353894454315   5.02306181581295   12.4331719538277   13.0934285091769   1.84204098296684   3.23115915837815
#[time: 0.79]
 0.7925444043  0.7925536672   7.36148894347752   5.02306181581295   10.7864235647146   9.06347526792074   4.37589187035727   4.71084425156305
 0.7967902759  0.7968348911   2.86454940274756   5.02306181581295   8.35998176618068   7.63719365819349  -2.88899984795095  -4.68620728412775
#[time: 0.8]
 0.8000853845  0.8001116277   7.52226902178427   5.02306181581295    6.8679268865157   8.03391107845002   12.7757093053326   8.47570400076338
#[time: 0.81]
 0.8147160796  0.8147324061   7.52226902178427    4.8755015868914   7.38253043298861   6.91057352808395  0.237126026789859  0.823276325997827
 0.8148344234  0.8149155988   7.52226902178427   16.6351863387941   12.1521917024821     10.24942388711   12.3365961417272   13.1562816873954
 0.8173550306   0.817398444   7.52226902178427   19.2136959237245   13.9860986561436   17.3045398498246   13.6699974631259   11.8693683104845
#[time: 0.82]
#[time: 0.83]
#[time: 0.84]
 0.8438216669  0.8438310779   18.5088134482695   19.2136959237245   11.0168440580808    21.323352337906   14.2261416966453   14.0385217122474
#[time: 0.85]
 0.8575601563  0.8575601576   15.8866936527714   19.2136959237245   21.7091900745274   21.9717765974369   21.0985487182208   22.7127415635181
#[time: 0.86]
 0.8637531336  0.8637751147   17.9342626603622   19.2136959237245   20.3464001593373   14.6449407935858   11.8715973974248   10.6197920564867
#[time: 0.87]
  0.872289858  0.8723221158   17.9342626603622    22.344057116905   20.5110571002117   21.1249656270768   15.0434061492509   12.9760615269206
 0.8775243983    0.87752654   27.6569722723914    22.344057116905   21.3922459047174   22.3661461225338   30.7302480870087   28.0847231017191
#[time: 0.88]
 0.8853014702  0.8853358163   27.6569722723914   36.6443907748291   23.2965925775814   24.2925795504821    30.300997027792   26.9317313326961
#[time: 0.89]
#[time: 0.9]
 0.9038630199  0.9038873342   41.2084097914933   36.6443907748291   30.0020168697848   29.6501757660642   38.5390089528868   38.6711811379948
 0.9082549534  0.9083182817   41.2084097914933   42.6971227564928   36.6517747641459   41.4371929426297   35.0689493628555   34.7345448304994
#[time: 0.91]
 0.9133611195  0.9134626145   57.8472990264013   42.6971227564928   44.4365363299452   44.7499117990423   53.8910721927658   48.7885172479848
 0.9183780914  0.9183986148   57.8472990264013   69.7641868736333   59.2493159093841   47.8614985076026   63.5618820902874   72.6549675064275
 0.9197746761   0.919782537   74.0168269687601   69.7641868736333   62.2441289106579    71.419129429901    64.186314199943   66.2317013920064
#[time: 0.92]
 0.9296728971  0.9296816943   65.8122255595704   69.7641868736333   72.0627381042599   71.8996388490315   61.5744702915947   61.9734256925504
#[time: 0.93]
 0.9342872554  0.9343009386   65.8122255595704   69.6726909400284   68.4614758306871   69.0776773876953   68.0463740019513   69.2199588306264
#[time: 0.94]
 0.9449575159  0.9449649527   72.9128413107603   69.6726909400284   71.8577929674322   75.6295518663363   65.5852305691561   67.0694723875332
#[time: 0.95]
#[time: 0.96]
 0.9601895043  0.9602410099   75.0195068501874   69.6726909400284   74.3745247186713    72.575865769503   73.5996317025517   72.5561242005461
#[time: 0.97]
 0.9703401633  0.9703741437   72.8019363552924   69.6726909400284   75.9050727348087   72.9089146828286   72.9805234784553   72.2310542376531
 0.9708148322  0.9708408226   72.8019363552924   66.1262968454282    74.630671256228   73.5191384649004   78.0330070754833   72.6742972518079
 0.9714437537  0.9714451748   68.2198959285481   66.1262968454282   69.4888591522042   69.4716912924048   63.6150909883064   65.8918836350999
#[time: 0.98]
#[time: 0.99]
#[time: 1]
  1.009180251   1.009204804   68.2198959285481   54.3569753613163   67.7097964380443   67.4088804195207   70.1999217949415   60.4000181185425
#[time: 1.01]
#[time: 1.02]
#[time: 1.03]
  1.031026578   1.031127768   47.2726011757332   54.3569753613163   67.1344388984677   62.2780482159431   52.4271056446984   48.5408965010426
  1.032482098   1.032501847   47.2726011757332   35.3274977911017   50.7885889371986   53.1016432921078   55.2262111873043     40.74433527545
  1.039286872   1.039290289   47.2726011757332   51.1031869195655   48.0011869113576    39.388379326873   50.2411564097776   51.6094816943692
#[time: 1.04]
  1.048225579    1.04824555   47.2726011757332   46.7065165523671   50.1203806595048   50.7426257307246   51.9560884492916   51.3024249018972
#[time: 1.05]
#[time: 1.06]
#[time: 1.07]
#[time: 1.08]
  1.082078985   1.082102416   42.0556319370637   46.7065165523671   52.6055773135041   52.2774635863395   47.4073931533067   48.6656345446822
#[time: 1.09]
#[time: 1.1]
  1.101915608   1.101918319   42.0556319370637   33.9129127070545    44.212107738133   43.5744559621002   51.0873342279213   43.0334041323715
#[time: 1.11]
  1.110710892   1.110715821   35.4004997394342   33.9129127070545     44.40220899075   41.5835789292473   35.0095627365602   34.3537926767114
  1.112115036   1.112118244   36.0772509818737   33.9129127070545   37.5202975477387   36.9546077244763   28.1069602057002   31.5566449115385
#[time: 1.12]
   1.12150263   1.121530375   33.0078026989926   33.9129127070545   33.7766865831868   34.9683866036938   36.3346224033256   36.8146195643959
#[time: 1.13]
#[time: 1.14]
  1.144393911   1.144402054   23.3572116343235   33.9129127070545   33.7850095710841   33.8489560347606    26.534648079006   32.4530979021101
  1.145766085   1.145795335   23.3572116343235    19.698098691975   29.5700395267665   34.8744011475163   29.2574393848233   23.7790635283332
#[time: 1.15]
#[time: 1.16]
#[time: 1.17]
  1.173485335   1.173499549   21.2610869462935    19.698098691975   22.0919597415809   21.6735597402537   16.2249981013335   16.9259771364212
  1.179343173   1.179375879   21.2610869462935   13.9750857448559   20.4941290818492   20.4802911775141   26.0595009572971   19.5250070186902
  1.179628786   1.179662428   16.0122044649786   13.9750857448559   23.4660119733526   19.7879293025001   16.8407246384091   16.4960533901689
#[time: 1.18]
#[time: 1.19]
  1.199377045   1.199400366   16.0122044649786   28.6234495586823    20.977752517496   20.1348621008405     20.90170897706   26.9324407752917
   1.19941546   1.199431221   16.0122044649786   20.7895329542628   22.6816186132407   27.5691664831986   15.6574240933873   11.9699029826312
#[time: 1.2]
  1.205697209   1.205779813   12.9787721658381   20.7895329542628   19.1479135230435   22.1819053304464   17.7472988452707   22.3169585854767
#[time: 1.21]
  1.215005886   1.215025529   19.0832434001159   20.7895329542628    19.865760219828   23.7323001538389   22.0978510079646    22.750365469255
  1.215876896   1.215876991   29.5554343152277   20.7895329542628   22.0238109198984   22.2900949995056   23.3458730255367   24.4539997446431
#[time: 1.22]
  1.224146881   1.224150674   29.5554343152277   31.3034562049439   31.3278201591066   25.7137252848251   31.4741225443183   32.5167158404428
  1.227964797    1.22797141   27.9791607048961   31.3034562049439   34.8345289440536   35.5787324855619   22.1989930619071   22.5658226185824
#[time: 1.23]
#[time: 1.24]
  1.242427528   1.242431394   32.1046438880526   31.3034562049439   32.6224863448834   33.2652180560534   24.1576235881587    24.182501960206
#[time: 1.25]
#[time: 1.26]
  1.265343657   1.265343828    29.309970087385   31.3034562049439   35.4816952920596   35.2880787143834   22.4970651853093   22.8009899765643
#[time: 1.27]
  1.278505048   1.278553132    33.084880321478   31.3034562049439   29.4876476775182   31.0804571610446    27.604109636016   28.3796370673336
#[time: 1.28]
  1.284437788   1.284487585    33.084880321478   37.4896462899917   34.3056259220186   33.8375351698796   32.4959490450221   31.3872746266081
   1.28470205   1.284703706   40.6490900948583   37.4896462899917   36.8589902106209   40.4971660627129   31.0297694831341   31.9560096819574
#[time: 1.29]
#[time: 1.3]
#[time: 1.31]
  1.318038119   1.318038855   40.6490900948583   42.3736063991746   40.5456806922276   39.8202783804563   33.7934718817571   33.2970370496047
#[time: 1.32]
  1.322942419   1.322960264   37.2768462016972   42.3736063991746   44.1965449253282   44.9212696302958   41.0660576866027   41.8459640309328
#[time: 1.33]
  1.331734535   1.331774298    43.869606178537   42.3736063991746   39.9111268596756   39.9572620442176   34.4604674300491   35.3093290905904
#[time: 1.34]
#[time: 1.35]
  1.351508573   1.351539464    43.869606178537   43.3183634748083    43.845375134739   43.7942255182049   38.3697949394978   38.8395905209596
#[time: 1.36]
  1.369807889   1.369819828    43.869606178537   39.2279410853407   44.1801726715544   44.1454459472129   53.8866007660885   47.3963134645025
#[time: 1.37]
#[time: 1.38]
#[time: 1.39]
   1.39296539   1.393008082    43.869606178537   39.0771132645043   46.9446358410861   45.2695860414447   52.4171105472954   47.3077200919275
#[time: 1.4]
#[time: 1.41]
#[time: 1.42]
  1.422225205    1.42227146    43.869606178537   45.3028846904871    46.573467075618   44.2169634253331   37.0803148651916   36.8901496470115
#[time: 1.43]
#[time: 1.44]
  1.447855226   1.447859004   48.1303150080126   45.3028846904871   46.6069445817738   46.8752671914899   37.8836695842527   42.7575630186824
  1.449779132   1.449792248   48.1303150080126   51.6242253757936   48.9676158183964   48.2226687726111   47.7672077325408   44.9773727858596
#[time: 1.45]
#[time: 1.46]
#[time: 1.47]
#[time: 1.48]
#[time: 1.49]
#[time: 1.5]
  1.506444476   1.506460598   48.1303150080126   47.3495593936357   50.4247806201214   51.2985661693133   38.5532847669586   40.2166430026768
#[time: 1.51]
  1.518414294   1.518416624   48.1303150080126   43.4999997627849   55.3558568366576   54.9649900622308   52.3668083396988   49.1192271456613
#[time: 1.52]
  1.524590611   1.524595443   44.6701105924003   43.4999997627849   49.8209415893286   48.7674953997218   35.3389133484631   37.6103583838221
  1.525894131   1.525896121   44.6701105924003   42.7892955272031     43.91268990816   43.9346164517174   39.1235393776088   39.6455613619677
#[time: 1.53]
#[time: 1.54]
   1.54134951   1.541366949   43.8491088712105   42.7892955272031   46.0576619372429   45.5567108846139   42.4716964537449   42.6321325211975
  1.543526257   1.543597146   43.8491088712105   44.8480271675483   46.4807251648938   45.2804767316976   42.5113508312352   42.0500872359979
#[time: 1.55]
#[time: 1.56]
#[time: 1.57]
#[time: 1.58]
  1.581175957   1.581190182   43.8491088712105   52.6759469687471   49.1865082117914   49.7592777859169   48.6027738041948   45.9670447947332
  1.585381757   1.585392492   57.2133580655504   52.6759469687471   50.6735178951891   54.7539686122491   54.7378151291529   55.0087358933308
#[time: 1.59]
#[time: 1.6]
  1.605306519   1.605313698   51.0688033288987   52.6759469687471   60.1381733909983   56.8881979952058   54.9765743016601   56.3669529614476
  1.605813365   1.605834818   52.1351716348396   52.6759469687471   58.3920432606077   59.6846860131039    48.632406986206   51.7585249615926
  1.607400433   1.607456277   53.5692280418593   52.6759469687471   54.0140289628567   54.1858110383984   51.5337822876485   51.7488798491644
#[time: 1.61]
  1.615771824   1.615784588   50.6988310879158   52.6759469687471   55.4237305898062   54.7152227145654   46.3425426265276   44.3418152905746
#[time: 1.62]
  1.628340133    1.62834959   50.6988310879158   52.7126617876212   53.0425735993883   53.9097617417147    43.531205989962   43.6145143703661
#[time: 1.63]
  1.632359921   1.632404523   50.6988310879158   55.4810325992849   54.9512137387765   56.6430761692272   50.7175433488814   47.2369977443217
#[time: 1.64]
#[time: 1.65]
#[time: 1.66]
#[time: 1.67]
  1.670248324   1.670267621   50.6988310879158   61.2106190669563   55.0960623494951   55.2564053112771   53.8411456456812   59.1675086461881
  1.673996544   1.674038183   47.4145451016336   61.2106190669563   56.8210930340289   57.7507902784706   55.0276852714769   60.8125163550964
  1.677611411   1.677616405   66.5657904902329   61.2106190669563    56.185162202186   62.0207931100841   57.5510103635301   58.4373481009296
#[time: 1.68]
  1.680230602   1.680295419   66.5657904902329    71.251916358388   71.2528020144412   66.8956163444181   70.2295493806692   73.2013220214092
  1.685921087   1.685922706   66.5657904902329   56.7548598020796   71.5764950765793    73.290395015279   65.2936031882147   62.7055990136936
  1.688636121   1.688642368   59.2753923655674   56.7548598020796   63.7053006457954   62.3330388595116   54.2916473812111   55.4005114365533
#[time: 1.69]
  1.695630164   1.695637861   58.4810432846615   56.7548598020796    63.362073340803   60.8927438439379   48.4087727202423   50.0695343725453
   1.69992571   1.699940603   60.6506079877803   56.7548598020796   64.6663475051697   63.7940390511652   51.4893125224594   51.0877503012566
#[time: 1.7]
#[time: 1.71]
  1.712586455   1.712600612   60.6506079877803   61.2649226771576   62.2185181628087   60.5792274098031   53.0702372457541   52.5610686455827
#[time: 1.72]
  1.720985708   1.720994976   60.6506079877803   65.1150047550791   60.7192786526822   60.7055792955057   55.0238705042877   55.3147435552495
  1.726799914   1.726807976   60.6506079877803   59.9949571275565   64.2062003184662   65.8406305189182   62.7998996732184   52.8216603212925
  1.728962289    1.72897214   60.6506079877803   58.0404124151543   56.3731540406791   65.9903371543579   57.5746890847782   57.9246004860796
#[time: 1.73]
#[time: 1.74]
#[time: 1.75]
#[time: 1.76]
  1.765710693    1.76572437   60.6506079877803   57.1580116133443   67.1306689957193   64.9451827783315    60.047781039658   62.8956014125754
#[time: 1.77]
#[time: 1.78]
#[time: 1.79]
#[time: 1.8]
  1.801223333   1.801274094   53.6049692091989   57.1580116133443   64.0985043632975   62.8212665708006   54.7298819749774    61.077290345032
  1.804108605   1.804124568   60.4518604981842   57.1580116133443   55.2688987914309   55.2023940828585   53.1338407066426   53.0521361099998
  1.807774259   1.807786838   58.6767108478893   57.1580116133443   64.3092286619491   62.2052732343976   51.0457978210675   51.9968113767315
  1.809180464   1.809186062   56.3776571245644   57.1580116133443    61.607605081572    61.100050777294   52.3136588770118   52.0977017104485
#[time: 1.81]
  1.813558734   1.813593125   54.3845747749906   57.1580116133443    55.122201729446   61.7251854408156   59.2089274952713   61.5115059156045
#[time: 1.82]
  1.821731679   1.821757497   54.3845747749906   49.2777429107449   55.8872929706121   56.2135628979821   57.9139204522902     53.27754648421
  1.824017491   1.824068772     50.50662824099   49.2777429107449   48.8386752632828   50.3839387008548   47.1628882930014   47.4736323382876
#[time: 1.83]
#[time: 1.84]
#[time: 1.85]
  1.850563893   1.850584076   51.7587271490323   49.2777429107449   55.4937641531459   54.9129794859289   43.2933493596392   44.1546941860777
  1.859694078   1.859709354   51.7587271490323   52.6284736819434   54.8502908457733   53.9611594853507   51.8273701561529   52.1028868867361
#[time: 1.86]
  1.863766762   1.863824985   51.7587271490323   41.8436435829694   54.4465488962294   54.5718062122208   60.5357297873452   45.7199474415593
#[time: 1.87]
  1.879514318   1.879535365   51.7587271490323   56.7101864600692   56.5520520555477    46.225827827543   49.8703629955271   48.8370933637688
#[time: 1.88]
  1.889906194   1.889906223   51.1543784516798   56.7101864600692   54.3958020702971   52.8774172786979   46.0780511474934   59.0111836674762
#[time: 1.89]
#[time: 1.9]
#[time: 1.91]
  1.912930462   1.912973478   58.7974474482445   56.7101864600692   57.8514071235085   60.2209143707616   48.6036198312865    49.147441590544
  1.919125654   1.919160906   58.7974474482445   62.1897593522623   61.5709706342098   60.9301292838249   56.3978022837169   54.6157701155026
  1.919537196   1.919545717   58.7974474482445   59.5434888555951   58.7252061576093   63.0911483112203    60.355186670883   60.5446013957002
#[time: 1.92]
  1.929590313   1.929590481    66.743892537245   59.5434888555951   65.7022768166129   66.1799538384201   76.9496314642755   69.6256814126264
#[time: 1.93]
#[time: 1.94]
#[time: 1.95]
#[time: 1.96]
#[time: 1.97]
#[time: 1.98]
  1.984710272   1.984762814    66.743892537245   76.3841579225381   70.1181182594819   60.1607347949982   70.9235848947904    70.711085147569
  1.989190993    1.98919872    66.743892537245   69.5494590491092   72.1685301351601   74.5383141169289   71.8079801013985   75.3907199810408
#[time: 1.99]
  1.994066523   1.994092322    66.743892537245   62.8099599395701   72.7121387523637   73.7142757931282   70.5313754757022   66.9045002194226
  1.999742847   1.999764709   69.2173079070069   62.8099599395701   66.0505151308956   65.3784831038815   78.9667503532653   67.5034261761642
#[time: 2]
#[time: 2.01]
#[time: 2.02]
  2.022508995   2.022527246   63.7743478982525   62.8099599395701    68.245682981187   67.1215263097799   55.3462815153542   56.5980513492856
  2.027251654   2.027287539   63.7743478982525   57.8263906179873   63.0278048237932   63.7891228141728   59.0627564557006   60.4045628817907
#[time: 2.03]
  2.033748303    2.03375278   54.2925118433619   57.8263906179873   70.2216880740923    63.982520825003    49.256620512721   48.2097457587385
  2.037767233   2.037802815   59.2531727759397   57.8263906179873   59.0895192661844   60.4513772857106    57.564218410574   56.7712633737331
  2.038118333   2.038141269   60.4424347296503   57.8263906179873   58.4379688673204   58.4560711427384   53.3386213019613   53.3672333522377
#[time: 2.04]
  2.040398743   2.040402651   60.4424347296503   61.0748435601502   62.9941767459694   60.6953342634895   60.6054960838374   60.5615831869024
  2.042220009   2.042253605   60.4424347296503   49.3473039740103   64.2992767644596   64.8115764382551   66.1815107367603   56.4270752535642
  2.049761438   2.049763065    47.537037169535   49.3473039740103   63.0582099403636   55.7818268248969   50.2579345007224    55.519483612161
#[time: 2.05]
#[time: 2.06]
#[time: 2.07]
#[time: 2.08]
#[time: 2.09]
#[time: 2.1]
  2.103546447   2.103565137    47.537037169535   46.2939648571187   50.5074522415209   51.3319965952647   41.3058006445243   41.5808607840565
  2.104997817   2.105068023    47.537037169535   38.4690532013558   47.7352133053491   47.6559472785004   53.6982290083057   45.9919322164791
  2.109122385   2.109151686    47.537037169535   53.2349015305348   52.8790624525058   46.0842924131832    44.643632560661     43.86656015156
#[time: 2.11]
  2.114068359   2.114082861    47.537037169535   50.3502232328721   52.3609436079109   53.4879000343037   47.7619550499513   47.3067218138839
#[time: 2.12]
  2.122167948   2.122220905    47.537037169535   50.0551566482573   51.2892248980485   51.9159951768324   53.3477828993169   56.0376832870256
  2.125236101   2.125238045    47.537037169535   50.5149847880406   52.9795486661984     54.71104710481   43.0537145812628   41.2049600719732
#[time: 2.13]
  2.132975108   2.132993012    47.537037169535   49.7205273983465   51.0496935155512   51.9673796422147   49.1576673615354   50.8361038385928
  2.137499752   2.137528051    47.537037169535   57.8872377996259   46.1001766148557   50.5705458797827    52.671599881485   52.3758998222405
#[time: 2.14]
  2.145218015    2.14524303    47.537037169535   45.4743287271744   54.3513546908428   59.6460332242672   53.4787541023979   50.2334886062076
#[time: 2.15]
  2.156724756   2.156791879    47.537037169535   58.7733228844418   45.1368112534975    45.310300273076   52.7450568525168   54.6475319013473
#[time: 2.16]
  2.162455634   2.162485596    47.537037169535   46.9872641232518   53.1514616926748   58.0422357515862   41.6062552351287   37.1254010444276
  2.163131876   2.163172106    41.926609195894   46.9872641232518   52.6622002778102   52.2675874188947   42.8159906734143   50.0169184395032
#[time: 2.17]
  2.178524328   2.178568305    41.926609195894   46.4000391651109   47.7244076818675   50.0506770350007   44.7817943011593   48.6068748747756
#[time: 2.18]
  2.182824332   2.182825816   47.8905888908842   46.4000391651109   44.3144809564815   44.7886030581267   39.9080810630414   39.7223534913118
  2.189637655   2.189685237   41.2067205694841   46.4000391651109   53.9994946386112   52.8623339575844   42.1745773248953    41.787271493752
  2.189739473   2.189757094   58.4371934190889   46.4000391651109   44.9553263636353   46.4916538076517   55.9815875245335    51.318023737444
#[time: 2.19]
  2.191871047   2.191874108   47.4884960005914   46.4000391651109   63.3949464823578   56.3564743523987   37.3242722324247   38.8322578498439
  2.197222765   2.197223716   47.4884960005914   46.3452006587682   46.9763951003479   46.9724916661916   40.4178293159456   41.2409065022118
#[time: 2.2]
  2.207304605   2.207321986   44.0153894027173   46.3452006587682   52.6588627839167    51.819147669168   42.1545881734588    41.666293073542
#[time: 2.21]
   2.21001671    2.21001711   54.4083139545435   46.3452006587682    47.381467444661   48.6259755072801    64.064547358529   54.0099390415934
  2.210752562   2.210763921   54.4083139545435   67.8768572229375   55.8659049304684   51.4530251149895   61.3495452932974    61.639683075139
  2.213310564   2.213326147   54.4083139545435   43.3992965473683   58.7868826159689    67.397326750166   54.6583839996322   43.4974417477538
  2.219807354   2.219831609    44.628919818851   43.3992965473683   55.3267207495286    49.662442159944    36.851386275735   46.4095886958278
#[time: 2.22]
   2.22033919   2.220350078    44.628919818851   54.8618698149583   45.9439046213131   44.0709101090883   51.4852868910331     46.21804430648
#[time: 2.23]
  2.236222844   2.236261486    44.628919818851   52.5206033185788   51.1559940705844   53.2763356604571   48.4013453088295    47.975153300593
#[time: 2.24]
  2.240940321    2.24096659    44.628919818851   43.5763229123578   49.8299062590673   51.3820678261307   35.5338252310094   36.6664988101517
  2.241613468   2.241635798    44.628919818851   49.1950816556124   47.1547037988835   46.7096634897707   38.5438072662996   38.8585097658672
#[time: 2.25]
  2.251522256   2.251532015   52.9787280194857   49.1950816556124   50.4082071471971   51.4102160509353   42.8691799772713   42.0254676349645
  2.255764181   2.255800541   52.9787280194857   52.4065779066881   56.3148831404249    54.353708345386   55.5688756036337   52.1373605634511
  2.257821375   2.257837949   49.5600394911043   52.4065779066881   58.2751476340254   58.0014843600121   51.5235828675274     55.25994333456
#[time: 2.26]
#[time: 2.27]
#[time: 2.28]
#[time: 2.29]
  2.295784383   2.295839616   62.1505263462003   52.4065779066881   57.2694635197815   59.4699292275299   65.9843891626559   58.1400167527883
   2.29776518   2.297815026   62.1505263462003   63.3106456598366   65.6538881861095   59.3415855960282   57.7841396603126   56.8000514096908
   2.29942106   2.299422106   62.1505263462003    71.827259535776    63.665970029929   63.7127583555757   55.1215107561174   68.4764893856438
#[time: 2.3]
  2.305829405   2.305853635   77.7621364050149    71.827259535776   67.6020073551303   71.2745651237003   70.2333001871175   70.4678439104542
  2.307230942   2.307232238   77.7621364050149   86.7003936889378   77.1815068897001   75.2677696072458   81.6508586740857   81.1177619431201
#[time: 2.31]
  2.312917981   2.312933245   77.7621364050149   80.8081806942653   86.9020121045062   93.3380345469852   78.8162324955662   75.6393295583266
#[time: 2.32]
  2.327150053   2.327167438   86.3940523568779   80.8081806942653   82.0572164523611   83.6170214905912   78.0548209724359   85.3062310628495
#[time: 2.33]
  2.333220934   2.333228313   80.1152027684729   80.8081806942653   83.4558003199221   83.4872740859939   78.7784354076048   78.5656224728429
  2.336344999   2.336356361   83.4993285074535   80.8081806942653   82.4910372459832    82.856753572068   73.8089698912007   77.5206234329817
#[time: 2.34]
#[time: 2.35]
   2.35571743   2.355727301   83.4993285074535   82.3960620835509   85.1667291333203   84.3761935446787   82.2465026477512   74.0175442681899
#[time: 2.36]
  2.362954038   2.362989212   83.4993285074535   84.1542214867963   85.0868224196834   84.7701903359023   79.2644853178451   79.2888349768179
  2.364001665   2.364013402    81.482362043203   84.1542214867963   85.8958980263022    86.283346159511   74.7326236975084   80.5018676307076
#[time: 2.37]
#[time: 2.38]
#[time: 2.39]
  2.397430836   2.397438844    81.482362043203   82.7785777095642   85.9708255074588   87.4960038948178   72.4153468759575   72.5438868188495
  2.399481997   2.399506649    81.482362043203   47.0049112333051   85.6278037909155   86.4162284824276   77.1701065185133   53.0527243541522
#[time: 2.4]
#[time: 2.41]
#[time: 2.42]
  2.429542917   2.429579123    81.482362043203   84.1874075028577   83.4907566027138   56.6620098460415   82.6705796401265   82.3191670569702
#[time: 2.43]
  2.436710723    2.43676896   85.6352989978178   84.1874075028577   85.1030169546805   86.0459179497941   84.9411239834428   84.9353754717581
  2.437668972   2.437686965   88.7399809769838   84.1874075028577   84.5265787661143   85.1395183692994   79.8526316708954    80.961156806891
#[time: 2.44]
  2.446460383   2.446476762   83.0555368720188   84.1874075028577   89.2869849439107   87.8521771564986    92.913832235755   94.4039139353538
#[time: 2.45]
#[time: 2.46]
  2.464079235   2.464100907   83.0555368720188   84.6857918292605   84.8120826882896   85.1993708042249   74.7096523851978    75.065400737103
  2.464117383   2.464118106    81.935089781594   84.6857918292605   85.8646908625586   86.2586347546411   82.0896503788157   80.9971430105624
  2.467455717   2.467463941    81.935089781594   80.4546227134582   87.5182926815879   89.0734879758792   78.8531921670302   79.3341769413431
#[time: 2.47]
#[time: 2.48]
  2.487871222   2.487884784    81.935089781594   102.189128402265   82.6593996306763   82.1505009822308   90.9191310346642   99.1378592514382
#[time: 2.49]
  2.496866692   2.496926429   109.209671724684   102.189128402265   89.9751077266235   100.692022112758   102.068821550187   102.863470011188
#[time: 2.5]
#[time: 2.51]
  2.513488328   2.513488876   102.852984587283   102.189128402265   113.119946313294   108.584147503808   99.5350695952439   99.6537397138622
  2.518763789   2.518764592   108.827773001344   102.189128402265    100.45873230058   102.854762301698   113.074892459318    107.50299324224
#[time: 2.52]
  2.529221675   2.529252974   108.827773001344   106.934958463795   101.880038875029   103.312567407586   115.117937872814   113.631804350026
#[time: 2.53]
  2.531692245   2.531698918   82.2020686072927   106.934958463795   112.307460346171   110.603493167174   86.6133407994754   114.147298978012
  2.535797462   2.535819845   108.101072803231   106.934958463795   87.6290749243003   110.950282135554   99.7788729923388   102.284442024196
  2.536917207   2.536921655   108.101072803231   106.531661536331   106.552357965507   106.716611976742   108.083225457909   105.995687250109
#[time: 2.54]
#[time: 2.55]
#[time: 2.56]
  2.563994387   2.563999794   108.076476898351   106.531661536331   112.124175580747   111.558299143177    99.465964794734    99.689344985043
#[time: 2.57]
  2.571970957    2.57198944   108.076476898351   109.882857147833   107.913042236848   107.644587739742   101.903933282952   100.316319709968
  2.572420758   2.572425566   111.236219442048   109.882857147833   115.334070009823   116.664560813489   110.757609429138   110.660323325955
  2.578949828   2.578971835   119.563237916385   109.882857147833   111.877164860517   111.425602649637   117.362103727215   114.801822717263
#[time: 2.58]
  2.583728628   2.583745063   110.951747002182   109.882857147833   122.573743037624   115.476565897704   104.332760878278   104.371966903267
#[time: 2.59]
#[time: 2.6]
  2.605595177   2.605599665   110.951747002182   112.743242101942   110.517543259807   111.124502277938   104.367506817302   104.644254845381
#[time: 2.61]
  2.616808317   2.616845986   111.531653657399   112.743242101942   113.884806469322   114.166825015318   111.074409684247   110.533880381774
  2.619148927   2.619177865   118.111521341773   112.743242101942   114.608578491098   115.004059775683   113.492471955538   114.816618172932
#[time: 2.62]
   2.62326165   2.623264652   114.444098857662   112.743242101942   117.322735384855   116.225972797226   107.311875266734   108.424377656544
  2.629781525   2.629795779   124.046991524379   112.743242101942   118.357232209254   117.815178018038   122.881922802912   115.247762559628
#[time: 2.63]
  2.632963573   2.632989756   113.786389734724   112.743242101942   125.143541973257   120.353315921612   107.330240109324     108.8307764774
  2.637316094   2.637323829   113.786389734724   118.624789547225   119.958142007282   119.394226531184   116.246529176843    120.75182339469
#[time: 2.64]
  2.644563255   2.644609569   113.786389734724   111.761411810103   118.233303107517   119.754730064133   123.179238386691   121.182299053933
#[time: 2.65]
#[time: 2.66]
   2.66295302   2.662956727   112.635798681697   111.761411810103    114.85220159191   114.129489144586   114.697545700697   113.534266047847
#[time: 2.67]
#[time: 2.68]
#[time: 2.69]
  2.691616585   2.691657441   112.635798681697      114.471676048   114.165409840839   114.018550653162   109.181916228329   105.284433472061
#[time: 2.7]
#[time: 2.71]
#[time: 2.72]
#[time: 2.73]
#[time: 2.74]
  2.740950906   2.740954663   121.926285950657      114.471676048     116.0091405497   116.984111001828   127.576965343814   119.941156828966
  2.742755053   2.742766002    115.69721931156      114.471676048   123.937534169168   120.163955338304   111.426298541594    112.21526072985
#[time: 2.75]
  2.750861814   2.750866866    115.69721931156    124.19218911216   120.453476689018   119.827632681774   116.280646771992    114.48626248461
  2.752054695   2.752080358    115.69721931156   115.151993564111   120.415666554269   120.990221903195   108.948262230228   109.731715472113
#[time: 2.76]
#[time: 2.77]
  2.774362442   2.774391812    115.69721931156   116.766884931461   115.284466427828   115.299138964578   106.950136965133   107.072246502827
  2.778261601   2.778277147   118.479163330282   116.766884931461   118.081618004291   118.373260520753   113.675254351976   115.145327315906
#[time: 2.78]
  2.782299609   2.782307904   118.479163330282   123.429334186968   124.615491739343   123.721910966429   113.868096331192   113.296936101246
  2.785857634   2.785866983   125.520371045221   123.429334186968   124.831287180174   127.561275774694   118.822068697327   122.938856771749
#[time: 2.79]
#[time: 2.8]
  2.806762367   2.806796526   115.501854524484   123.429334186968   129.341391436064   128.201098403323   119.933685129145   120.941188923057
  2.809868736   2.809883068   114.279440095273   123.429334186968   121.071757245607   125.389710589595   120.680545836427   133.755611757186
#[time: 2.81]
  2.810260286   2.810267751   114.279440095273   116.618781498497   117.425590646958   124.868363985326    121.12711618845   123.434335682322
   2.81092983   2.810949318   121.189711113926   116.618781498497   115.958593428698   116.310195739652   126.558731525902   122.649186017277
  2.812678067   2.812744518   96.4156335794318   116.618781498497    118.18626467179   118.470327280043   103.743602253704   118.972373603919
#[time: 2.82]
  2.823226518   2.823228057   114.350203031153   116.618781498497   103.487675510063   110.902400509333   114.166115682096   116.433204571975
  2.826348822   2.826351227   110.493093501257   116.618781498497   120.522215969078   121.851395876907   113.754963373779   120.029644220726
#[time: 2.83]
  2.831195973   2.831217234   110.493093501257   111.049017043112   113.988379552117   115.781096133277     106.7485427934   106.638830344938
#[time: 2.84]
  2.848192423   2.848200711   110.493093501257    112.96731513349   114.252547434836   114.514685592563   104.130687854635   103.070897457174
#[time: 2.85]
  2.858566282   2.858594231   119.414381260502    112.96731513349   112.767866360855   113.146145981025   118.328136168209   116.430665032481
#[time: 2.86]
  2.860865529   2.860941064   119.414381260502   121.914972748276   118.061794852433   117.108228271827   121.427227925735   122.392689104265
  2.861051441   2.861055506   119.414381260502   109.533134342581   121.844209167254   122.416657271456   126.799603227672   113.056180314107
#[time: 2.87]
#[time: 2.88]
  2.887337814   2.887340886   119.414381260502   118.584369966778    119.78798960837    114.87714839987   112.152487798498   112.308337636482
#[time: 2.89]
  2.895150253      2.895164   119.414381260502   105.920185730558    119.42759542679   119.395024361201   119.291268704914   108.972283054938
#[time: 2.9]
#[time: 2.91]
   2.91915879   2.919171386   119.414381260502   123.562822254639   114.387352985543   112.852593134873   114.758585515697   114.727293006574
#[time: 2.92]
  2.922459446   2.922464061   127.795241810467   123.562822254639   123.952863276257   125.220865875234    128.03145003292   126.806540772217
  2.922539173   2.922552136   123.018619376253   123.562822254639   129.042736751976   128.153277472777   116.115635956856   116.226448759209
  2.927203908   2.927210461   123.018619376253    109.91365228545   127.231355922245   127.329377958984   129.052494774529   115.281304880257
#[time: 2.93]
  2.935059935    2.93506093   123.018619376253   121.124997387786   119.740395814138   116.899383806082   125.389142483426   124.882825593032
   2.93696985   2.936974656   123.018619376253     128.9404751804    126.06014117298   124.896755998396   121.473974363711   120.881931770834
#[time: 2.94]
#[time: 2.95]
#[time: 2.96]
  2.960511033   2.960529711   129.591211174237     128.9404751804   127.323032422627   130.101771215771   132.400355495002   131.831011920243
  2.968815412    2.96882391   129.913936298045     128.9404751804   131.605323059894   131.455765866399   119.660220771067   120.099341666257
#[time: 2.97]
  2.970296219   2.970305479   129.913936298045   135.354481918696    132.58561865645     126.4747438547   126.069870798241   125.553495510538
#[time: 2.98]
  2.989583679   2.989638063   139.046275911218   135.354481918696   132.047834832394   130.097508556665   129.652730471666   130.059155551817
#[time: 2.99]
  2.994822423   2.994833921   139.997566092516   135.354481918696   143.506737644812   141.359564626077   134.827429133181   135.875088804384
  2.995711003   2.995711419   144.803555963397   135.354481918696   142.253393376326   141.228123794445   142.102654833135    139.90258011587
#[time: 3]
  3.001990387   3.002012042   144.803555963397   144.100934875522   141.085744426029   139.819727946478   143.491655672662   143.511153112096
#[time: 3.01]
  3.010396603   3.010398476   144.803555963397   146.982790740275   146.779927062884   146.517018217325   137.333121202967   136.538904053202
  3.010544266   3.010548769   144.803555963397   142.886357606926   147.413062681809   147.641631171116   143.298216845204   143.465002418685
  3.018154545   3.018155268   141.363794528691   142.886357606926   150.705504974636   149.378217380693   142.057393574665   141.957194029467
#[time: 3.02]
#[time: 3.03]
  3.033064204   3.033095326   148.426768764757   142.886357606926   147.874189305955   148.883137092681   142.550724554078   144.521710219427
  3.034266051   3.034282103   148.426768764757   150.160168200244   156.131176918859   150.555594659002   142.295368194683   141.632062667217
#[time: 3.04]
#[time: 3.05]
  3.052286378   3.052341493   148.426768764757   139.717553071872   152.685153766643   153.380872720216   152.839864731061   145.357615113972
#[time: 3.06]
#[time: 3.07]
  3.078467763   3.078492581   148.426768764757   149.564506203423   146.266625592618    144.06783512078   142.882696882651    141.89600088408
#[time: 3.08]
  3.082658713   3.082697547   148.426768764757   152.646122137053   151.581258975433   145.209948407989   145.794381622763    145.30824771774
#[time: 3.09]
#[time: 3.1]
  3.105592412   3.105712169   154.528821896753   152.646122137053   154.574377375765   155.833047798337   145.173557963222   147.975666112314
#[time: 3.11]
  3.111328293   3.111363536   154.528821896753   158.408950512596   159.199238802354   158.118011669419   159.039176130686   160.510191461741
  3.116042286   3.116063892   154.528821896753   156.272042113441   158.726875923748   160.151421950757   149.843453026541    146.97518192788
#[time: 3.12]
#[time: 3.13]
  3.132561253    3.13262263   154.528821896753   115.570882749497   158.752223501018   159.510615854532   153.792117227534   124.719748797734
#[time: 3.14]
  3.144430648   3.144496338   154.528821896753   158.154500057655   152.526503986874   122.928563704298   156.230373888849   157.355468422521
#[time: 3.15]
#[time: 3.16]
  3.163429215   3.163439955   154.528821896753   158.809323506675   160.289302106114   161.661172498272   153.323494238783   152.526344369026
    3.1639016   3.163914682   154.528821896753   142.184448365836   161.315028913091   164.482661252603   155.984973822414   148.327943759569
   3.16532749   3.165347422   154.528821896753   156.321765576354   155.807137002406   147.672074358285   154.317127671297   154.281259412064
#[time: 3.17]
  3.176015229   3.176054861   154.528821896753   155.175283195137   162.112280367188   163.334418392939   147.410032102601    147.39636631398
  3.179620773   3.179695976   154.528821896753   162.004000940767   150.143101784938   155.698075823881   152.479144507269   152.170849433529
#[time: 3.18]
  3.189735977   3.189743572   154.528821896753   165.074311930018   161.323789985708   166.750986591921   162.212906548269   170.650854977986
  3.189961138   3.189961138   154.528821896753   165.074311930018   159.285130548735   163.188891575438   159.129424916658   162.943785299544
#[time: 3.19]
#[time: 3.2]
  3.199969503   3.200000121   154.528821896753   147.845722120114   159.222388225905   162.918268962958   150.672158873435   150.855054646981
#[time: 3.21]
  3.213020174   3.213022598   154.528821896753   148.228569471939   151.141735324886   151.193817318351   155.592519200595   144.465676926348
  3.218583708   3.218639018   153.890626143138   148.228569471939     153.2953362552    152.29780177088   153.306879490946   150.620820290156
#[time: 3.22]
  3.221377893   3.221400076   134.832562171321   148.228569471939   158.553932348911   155.578662479976   139.381390590786   147.567246523295
  3.224011375    3.22402272    151.56994862508   148.228569471939    141.27179838359   150.511920000308   143.307131015552   143.727490440198
#[time: 3.23]
#[time: 3.24]
#[time: 3.25]
#[time: 3.26]
  3.268744803   3.268761043   150.989060222744   148.228569471939    151.89569021156     150.6312348265   142.914048647697   143.021328296326
#[time: 3.27]
  3.271406674   3.271433424   149.223576132536   148.228569471939   152.942127657195   152.078842496288   153.470506921857   151.564034358437
  3.274001254   3.274029195   149.223576132536    144.17785822991    150.73342687196   150.625219832973   148.298208791931   147.584461870086
#[time: 3.28]
  3.283997928   3.284030632   149.223576132536   137.795906580921   147.988923870408   146.971921574711   149.049017739321   142.012125710301
#[time: 3.29]
  3.296714225   3.296714762   139.631029129133   137.795906580921   151.933157738602   145.434073747729    133.82602927622   135.173098801753
#[time: 3.3]
  3.309391827   3.309393795   139.631029129133   133.417289709563   140.113649888203   139.656597587159   139.791417883359   135.337397729977
#[time: 3.31]
  3.317256147   3.317257077   139.631029129133   138.930392867319   138.318577956617    137.50537753769   132.235483807044   132.764040223526
  3.319317135   3.319319592   137.291640432008   138.930392867319   144.740403747097   144.553536099441   133.149925269417    132.83299552749
#[time: 3.32]
  3.326937365   3.326944538   143.668335442647   138.930392867319   140.762452772969   141.185762282836   138.306001406307   139.431750475938
  3.329668146    3.32968017   143.668335442647   139.600213705915   144.585732681262   142.463436420414   143.873286485575   143.372423239906
#[time: 3.33]
  3.334079756   3.334094566   142.484708165923   139.600213705915   146.235653617634    144.42218702192   133.900144237081   135.176751855986
#[time: 3.34]
  3.342983022   3.343026583   144.199216996364   139.600213705915   141.052916097078   140.679144664962   138.151364386004    139.26307200198
#[time: 3.35]
#[time: 3.36]
   3.36382906   3.363867574   144.199216996364   145.409567432255   142.951668482153   142.226707882824   141.515272014092   141.275991927988
#[time: 3.37]
  3.371332852   3.371332852   144.199216996364   145.409567432255   146.871401799342    147.92220107628   147.187519031546   148.138708040132
  3.377364393   3.377420138   144.199216996364   139.156062253678   148.393413407615   149.046743518867   136.044590656515   137.297824910997
  3.378309153   3.378315325   144.199216996364   143.218782760376   145.655638743577   142.727604981775   145.644160750656   145.050794783363
#[time: 3.38]
  3.380204418   3.380215406   138.935783994013   143.218782760376   146.116514708538   145.725178808912    143.50049618897    148.70933018496
  3.388778129   3.388783193   138.935783994013   135.722079813168    142.60790644475   145.383208226987   145.052376786054   142.396055539123
#[time: 3.39]
  3.393351257   3.393371678   138.935783994013   130.254566487845   146.716301643179    144.68173267954    144.73117285891   130.243294493241
  3.398668146   3.398668335   138.935783994013   145.884610287892   143.519831425654   138.533959923698   145.399343746367   153.009526424385
#[time: 3.4]
#[time: 3.41]
#[time: 3.42]
  3.422003287   3.422020866   136.293073776053   145.884610287892   144.183003448858   146.724590726829   142.019199344248   152.937183660333
#[time: 3.43]
  3.432339267   3.432359637   142.788247461261   145.884610287892   144.444163968359   149.170013795439   150.988235506995   154.362076956869
#[time: 3.44]
#[time: 3.45]
#[time: 3.46]
  3.461593876   3.461597233   144.362288943058   145.884610287892   148.054818819535   148.638694744349   139.877827861673    139.92505790379
#[time: 3.47]
#[time: 3.48]
  3.480603246   3.480607953    154.22904202229   145.884610287892   147.106345122903   147.255303380388   146.799251351416   147.910325720644
#[time: 3.49]
#[time: 3.5]
  3.505339747   3.505342622   146.473387749684   145.884610287892   158.740395378362   146.885571742362   142.244129742674   142.395173430098
#[time: 3.51]
  3.517087657    3.51710345   146.473387749684   143.273655825512    149.53317409025   149.167880158513   148.022360741792    147.03588408661
#[time: 3.52]
  3.520034639    3.52004094   146.473387749684   147.248517875435   147.876103462855   146.762482195143   139.625090352777   138.531068628139
  3.523898695   3.523898985   149.935953734623   147.248517875435   150.763727651798   151.030706002316   142.027867063339   143.023082223878
  3.524153062   3.524225268   155.643770432016   147.248517875435   150.417739075315   149.138276450245   148.553209686702   150.242022207228
#[time: 3.53]
  3.535417035   3.535434651   143.490852024444   147.248517875435   154.603928479971   151.848582774654   146.650310080859   147.402502081359
  3.539414421   3.539441633   138.181442544096   147.248517875435   148.743491986593   152.147264454779    145.30401434835   152.821194197033
#[time: 3.54]
  3.541264096   3.541282768   155.271686221337   147.248517875435   144.868856554297    151.39115819023   149.404607215891   150.239066808433
  3.546007774   3.546043089   155.271686221337   158.407515208017   156.462812993954   153.018585235426   156.215858621248   156.115112868833
  3.547842872   3.547871859   149.802036411321   158.407515208017   161.216911257804   163.076975846635   154.483707216679   155.376960217712
#[time: 3.55]
  3.550929336   3.550948031   160.313354704697   158.407515208017   154.775628867711   159.816096987028    151.64736372064    151.46255219422
#[time: 3.56]
  3.562678925   3.562730268   160.313354704697   161.961388003359   163.813440150678   163.129954802463   158.103724304141   157.524940085866
#[time: 3.57]
  3.574283161   3.574321829   161.066233628675   161.961388003359   166.424674585413   167.574764296185     153.0163776042   153.036135786231
#[time: 3.58]
  3.581441738   3.581469991   161.066233628675   141.446214773943   163.544957524426   163.701531489941   157.862899771353   150.165002899975
  3.586824024   3.586882292    142.76025038064   141.446214773943   162.251655184875   146.049478627084    133.28626929724   134.041376265572
#[time: 3.59]
#[time: 3.6]
#[time: 3.61]
  3.618327442    3.61834507   143.081429053461   141.446214773943   143.055955688735     142.8037151213   132.594459353156   132.565299230271
  3.619525375   3.619582815   138.645114371226   141.446214773943   145.375762431066   140.965032302447   141.044652408402   144.544193396717
#[time: 3.62]
#[time: 3.63]
  3.636648177   3.636663197   138.645114371226   143.818603025839   143.234089127211   144.427184349072   138.924774445042   137.121758538494
#[time: 3.64]
    3.6426858   3.642703739   141.448942649369   143.818603025839   142.801188778476   146.298617496729   133.870342471019   134.227668753698
  3.644235111    3.64424967   145.553446104684   143.818603025839    145.84886887244   139.492497358105    139.29475292431   139.582323224951
   3.64610013   3.646113176   153.175784936439   143.818603025839   149.883559005028   149.012084574269   156.192804869832   148.545090613587
  3.647578325   3.647587001   153.175784936439   152.060345883766   155.321239773517   147.810406846118   144.698443186309   144.681512421637
#[time: 3.65]
  3.653247397   3.653263722   157.879162245955   152.060345883766   157.577943712402   156.941944588856   149.571410855801   151.546463953936
  3.653946188   3.653952415   157.879162245955    160.19923576222   155.997992724587   155.123085163181   157.820782104103   153.625322401363
  3.655466914   3.655517755   165.149083584922    160.19923576222   160.327756232935   158.170407930605   156.015459411506   157.645919110726
#[time: 3.66]
  3.663371055   3.663376311   165.149083584922   171.179396877252   167.213304439763   165.083282053725   172.895209990657   177.601889695838
  3.666381846   3.666387608   165.149083584922   167.044731605548   170.311336545486   174.253679166743   171.592515524693   173.917447187385
#[time: 3.67]
  3.671984197   3.672038145   165.149083584922    170.26785658956   166.762111979697   166.879538421127   161.977786980742   162.058441182242
#[time: 3.68]
  3.688081012   3.688083575   165.149083584922   164.316637669081   165.849873189925   171.511101538631   157.550315199316   157.666875097912
#[time: 3.69]
  3.691039386   3.691048277   163.188034290194   164.316637669081   165.308405400273   165.198236688234   160.415871815081   157.060934604063
#[time: 3.7]
  3.707205481   3.707219431   178.036859970964   164.316637669081   172.005730818478   172.735652750005   172.837950642134    169.18131585601
#[time: 3.71]
  3.710020143   3.710042435   160.955008710253   164.316637669081    183.47872978994   171.093359502637   164.201239387213   171.080341760543
#[time: 3.72]
#[time: 3.73]
   3.73120052    3.73128477   160.955008710253   164.005752484527   163.767001525172   164.421023078986    162.77955116901   163.721793220312
  3.735189991   3.735191115   166.595941199218   164.005752484527   165.382482210088    166.03709851851   171.869300544444   170.325806270837
#[time: 3.74]
#[time: 3.75]
  3.751842029   3.751858995   167.110904933013   164.005752484527   165.784477831277   165.698054558012   157.387743051718   158.662386091373
#[time: 3.76]
  3.765424529   3.765439039   167.110904933013   168.808202832978   167.533318790706   166.321008501874   159.958106826256   159.749592239122
#[time: 3.77]
#[time: 3.78]
#[time: 3.79]
  3.793849224   3.793865707   167.110904933013   169.877021856606   171.646109114127   172.314577443629   164.532957992259   164.664283441554
  3.796249175   3.796312638   167.110904933013   164.390279945813   171.390793028263   172.279752361453     158.0991142028   160.641746410057
#[time: 3.8]
  3.806110221   3.806158493   167.110904933013   167.954750085311   165.110036548052   167.797506514674    169.77212834305   169.935241602148
#[time: 3.81]
   3.81074565   3.810752979   173.022374032969   167.954750085311   167.795041677766    167.94829279766   181.762779743342   177.090863378392
  3.817559034   3.817561715   173.022374032969   154.932831211871   173.180200201661   171.434704261666   174.213453158941   156.393307968767
  3.819335147   3.819371582   173.022374032969   177.466219486223   172.573218813272   162.987600838422   182.049589714653   187.679404057674
#[time: 3.82]
#[time: 3.83]
  3.833650397   3.833667927   173.022374032969   173.888565246185   177.791768972642   180.390183301419   173.384043794712   173.369106905981
#[time: 3.84]
  3.841793975   3.841796642   173.022374032969   176.309220267366   175.341074698576   175.721907454393   169.840047088889   173.609498292058
#[time: 3.85]
#[time: 3.86]
  3.863073178   3.863119609   168.040116807093   176.309220267366   177.147158620562   180.786593586907   172.315819141682   183.545152901363
#[time: 3.87]
  3.871979654   3.871982394   176.954079862249   176.309220267366   175.291832327611   178.062203684447    176.17802585662   177.627834284201
  3.876421503   3.876429624   176.954079862249   182.547741585561   183.737941963679   183.379179636229   179.203735007551   175.994329894512
  3.877519339   3.877532578   183.787996744355   182.547741585561   181.737049076482   182.901448764815   173.784026557147   176.204532440386
#[time: 3.88]
  3.889474583    3.88949243   180.643286975237   182.547741585561   192.183324661645   191.344439328502   181.690057291043   181.784354459872
#[time: 3.89]
  3.893151646   3.893217707   180.643286975237   188.849862974379   181.619749101703    181.62878741367   185.183041224533   186.222161552021
  3.897097186    3.89709911   180.643286975237   182.184466883778   186.718098651235   188.878208581243   171.735005063416   172.062902594445
#[time: 3.9]
#[time: 3.91]
  3.915000215   3.915030507   182.777106684042   182.184466883778   183.279810112772   179.538704954643   182.161338507268   185.635095863152
#[time: 3.92]
  3.922935404   3.922938564   178.770060393004   182.184466883778   184.429891433595   184.302756428854   180.910239404316   181.204583013687
  3.926139197   3.926163395   178.770060393004   188.671968230275   181.180996182667   181.778056445911   184.256059429756    186.13102056897
#[time: 3.93]
  3.931880559   3.931954118   190.639202567266   188.671968230275   183.402170982604   182.561256736913   190.595805806788    189.33569982049
  3.934950484   3.935011961   190.639202567266   196.430006009395   195.364297100603   193.991355372937   195.818111810841    200.11463130968
#[time: 3.94]
  3.948501168   3.948511546   193.200970387992   196.430006009395   194.171542710645   197.815805626015   186.745476521636   186.560350658475
  3.949527639   3.949554872   190.215180106825   196.430006009395    193.36726826847   195.751653880575   190.464294583493   188.562806849851
#[time: 3.95]
#[time: 3.96]
#[time: 3.97]
  3.976888749   3.976890355   199.368634844163   196.430006009395    195.28649633671   197.597489636691   196.267326249748   197.393541021312
#[time: 3.98]
  3.985592446   3.985625264   199.368634844163   197.178457486336   201.541200511314    200.20873426245    206.49858252599   203.313074732766
  3.986535434   3.986571547   199.368634844163   197.587535869228   198.848751835734   198.730240099712   193.570339442125   195.328963197027
#[time: 3.99]
#[time: 4]
#[time: 4.01]
#[time: 4.02]
  4.020561924   4.020574272   199.368634844163   197.078592349043   203.497928671385   201.937568197554   207.120358965601   201.337417246034
#[time: 4.03]
  4.035593125   4.035681809   199.368634844163   200.580648802765   198.113557235079   198.144083263411   198.987567921589   198.895064497687
#[time: 4.04]
  4.042823838   4.042825005   199.368634844163   203.238161367035   198.675167336914    201.29839916668     193.0910587339   192.991970027423
  4.043228817   4.043243748   199.368634844163   192.075460844233   203.570342691244   205.431435254471   197.271371610052   192.701558864824
#[time: 4.05]
  4.058939305   4.058943638   199.368634844163      200.580829411   198.750394290299   197.529184416554   199.250497153885   199.011671458237
#[time: 4.06]
   4.06006891   4.060088504   199.368634844163   202.546231610205   201.638379897494   201.938289252453   193.229968045266   192.274231543691
#[time: 4.07]
  4.078992713   4.079006997   211.042990369015   202.546231610205   203.951971927792   206.403083781399   211.046884404472   208.151875329603
#[time: 4.08]
  4.080576463   4.080588996   211.042990369015   212.123678961414   208.274433165947    206.84538246102   204.161552112063   203.900996907358
   4.08779264   4.087798648   210.793586257279   212.123678961414   213.393331802948   213.958029197311   204.664932895741   204.584165878402
#[time: 4.09]
  4.099388106   4.099491257   210.793586257279   221.355671830524   212.328735114219   211.079533687864   214.970291409217    212.20889164698
#[time: 4.1]
  4.105977364   4.106003141   218.977818707587   221.355671830524   218.142724257822   222.533520981958   221.014344034725    221.18755375456
#[time: 4.11]
  4.112200057   4.112202699   220.466068709824   221.355671830524   223.590293294217    225.28984635833   219.865108697886   219.381847130271
  4.119256362   4.119258097   235.030809191084   221.355671830524    222.49491259355   222.759285981835   236.536326618687   226.390063020749
#[time: 4.12]
  4.121622521   4.121631185   218.235042849842   221.355671830524   233.132669968232   228.533669229827   215.417010154211   214.492370157496
#[time: 4.13]
  4.132751599   4.132774233   218.235042849842   216.594110991012   224.745348671703   226.685523042439   223.085549306148   222.092179494892
  4.135609052   4.135624508   218.235042849842   216.404237306523   220.123108766361   219.524678297838   213.763978913759   214.680509036969
#[time: 4.14]
#[time: 4.15]
#[time: 4.16]
#[time: 4.17]
#[time: 4.18]
#[time: 4.19]
   4.19386315   4.193899475   218.235042849842   220.905696673252   218.108996721135   217.374126764606    218.17203909391   217.678921028623
  4.196232747   4.196250684   222.233176036831   220.905696673252   221.188133896331    223.23939020123   215.444257985894   216.010536315097
#[time: 4.2]
#[time: 4.21]
#[time: 4.22]
#[time: 4.23]
  4.234250296   4.234257405   222.233176036831   223.562460800867   226.878241654854   226.189586381458   218.469243138144   217.015226215435
#[time: 4.24]
  4.246706724   4.246746585   222.233176036831   225.903853546299   228.218956704617   229.126771917196   224.405272188294   222.259658133861
#[time: 4.25]
  4.250662296   4.250715239   227.809583024511   225.903853546299   225.660090204932   226.986644571761   220.254087008131   220.037516062405
  4.251737293   4.251747744    246.04166427225   225.903853546299   228.535216019191   228.246216678079   246.474786480386   230.151346590617
  4.254992457   4.254993863   230.260587128334   225.903853546299   251.291681362796   232.593846139182   228.030311641073   228.061365340159
  4.255319009    4.25532974   230.260587128334   226.416825031553   233.190797042586     231.0499534086   222.088981876088   222.569373192732
   4.25569328   4.255737692   230.260587128334   228.993697949848    227.84742034906   229.706760823443   232.146092439912   227.708270681932
  4.258090879   4.258108919   233.089254378676   228.993697949848   233.715328136691   233.117764765891   222.838222131444   222.005612706763
#[time: 4.26]
  4.264131398   4.264135097   227.744771695055   228.993697949848   232.520027203737   231.284216026814   223.594717010228    219.78924181407
  4.266065856   4.266094795   227.744771695055   231.800963616597   227.944796662529   227.871444945548   224.825315273025   223.070379846833
#[time: 4.27]
#[time: 4.28]
  4.280355254   4.280402375   228.279464513792   231.800963616597   230.676556605081   231.268566056976   232.124975767111   232.452871812211
  4.287758253   4.287763926   228.279464513792   226.875222277819   233.459710460808   235.675881791028   238.573936159038   236.183257841315
#[time: 4.29]
  4.290842849   4.290904103   228.279464513792   230.049173994106   229.430422972641   228.793635531465    229.39169317407    229.56974135837
#[time: 4.3]
#[time: 4.31]
  4.311550533   4.311608888    232.31485850664   230.049173994106   231.187169430583   231.641679624698   242.561734544416   239.508095143318
  4.313890569   4.313890784    232.31485850664   239.082589992385   235.687557636925   234.478400532259    234.12456355089   232.876345125487
  4.316081068   4.316091046    232.31485850664   234.046884488236    238.52275395622   243.477884376774   230.827820936411    230.24154738651
#[time: 4.32]
#[time: 4.33]
   4.33238242    4.33241739    232.31485850664   233.942813860497   234.107126826896   234.343556585899   224.145793460761   223.827492661249
#[time: 4.34]
  4.348332298   4.348366058   238.225248011436   233.942813860497   233.289127773397   233.360461347723   232.607349867312   237.039001255443
#[time: 4.35]
#[time: 4.36]
#[time: 4.37]
#[time: 4.38]
#[time: 4.39]
  4.394734248   4.394789009   238.225248011436    235.58887885265   244.886515426898   241.808340174543   242.661428882282   240.489383632916
  4.397930993   4.397952366   238.225248011436   239.975254579439   237.433424535419   237.187950608457   237.029932755437   236.319716228462
#[time: 4.4]
  4.402279689   4.402292489   238.225248011436   245.029563822333    243.91650857028   244.709774864922   238.960520638383   238.057748344392
#[time: 4.41]
   4.41380906   4.413830497   238.225248011436   234.888207654769   243.167604146387    246.19984979797   232.350349588486   232.323791090842
#[time: 4.42]
  4.429379828   4.429381874   244.672104352215   234.888207654769   244.486505263549    242.34663747599   239.201664155782   239.582910081731
#[time: 4.43]
  4.431097382   4.431151011   244.672104352215   245.306984387329   240.261235257604   240.005836123419   236.440504407563   235.108416317298
#[time: 4.44]
  4.449185528   4.449204942   243.751972851763   245.306984387329   249.251233507687   249.686964530494   243.286447368036   242.934472715378
#[time: 4.45]
  4.453621672   4.453660294   243.751972851763   243.193885760513   246.187186413045   246.760627990863    233.29885232938   234.341032567504
  4.453838654   4.453881685    246.66161378853   243.193885760513   248.398010858948   248.150263709955   236.443222185408    238.35923967391
  4.454899445   4.454923206    246.66161378853   245.710078562732   247.262493519288   246.555681739862   241.018283394075   241.296525069148
#[time: 4.46]
   4.46064406    4.46070826    246.66161378853   247.760290511695   248.224499864806   247.726309231167   250.700574366725   249.634025652729
  4.463669879   4.463701332   248.609022085784   247.760290511695    250.43204700421   251.203802067936    238.43306581511     239.5263775969
#[time: 4.47]
#[time: 4.48]
  4.480511644   4.480615448   248.609022085784   249.260178114419   251.670337124978   251.411270076567   241.183314788695   240.936082300029
  4.487172789   4.487181547   250.572898633778   249.260178114419   251.844456710921   252.395409458404    242.04586133483   242.642968403292
#[time: 4.49]
   4.49290868   4.492914873   250.572898633778   256.055086763916    255.78018490646    254.81477333189   252.424487320756   250.767919064802
#[time: 4.5]
#[time: 4.51]
  4.516487321   4.516509259   260.170864940899   256.055086763916   254.118374316715   255.156756168026   252.351949646268   253.449633662938
#[time: 4.52]
#[time: 4.53]
  4.533237651   4.533242402   259.036713639397   256.055086763916   263.000779785305   261.598830710229   249.379203618681   248.768986469407
#[time: 4.54]
#[time: 4.55]
  4.556314233   4.556335297   258.570259917851   256.055086763916   259.282741297423   258.708308753972   252.036097780767   252.125782222097
#[time: 4.56]
  4.562123657   4.562137163   257.471815310302   256.055086763916   266.964396977382    264.92161117836   247.417852562105   247.072388250279
#[time: 4.57]
  4.573535877   4.573539401   260.608455888709   256.055086763916   259.202862660125   258.865036840786   254.763361835874   256.951080054103
  4.575218897   4.575348825   263.088141144626   256.055086763916   261.834040814131   260.468156476937   255.958419522327   257.901402721631
#[time: 4.58]
  4.580728849   4.580734634   263.088141144626   262.503329685124   267.525097756847   263.959907369268   256.177583163966   256.106423487098
  4.584881066    4.58489526   263.088141144626   255.175989459701   267.447302835588   267.017743079478   261.763781492612   259.970759556068
#[time: 4.59]
  4.599433039    4.59944298   263.088141144626   264.122356695706   262.395183152393   260.633662791271   263.730165373365   263.792430981865
#[time: 4.6]
#[time: 4.61]
#[time: 4.62]
#[time: 4.63]
#[time: 4.64]
  4.644372469   4.644414315   263.088141144626   264.505191574498   270.639885072111   271.304179986652   268.469996654696   270.136234972428
#[time: 4.65]
#[time: 4.66]
#[time: 4.67]
  4.670478231   4.670547925   263.088141144626   267.165376356576   265.937448545254   266.381521649437   262.935601002452   260.490581579629
  4.673687099   4.673688724   280.762849073987   267.165376356576   266.076554379414   267.489684031304   279.623643390751   273.779611507918
#[time: 4.68]
#[time: 4.69]
   4.69074782   4.690781072   272.749528696476   267.165376356576   279.643341458197   273.805102720365   264.221405834395   266.271551344206
#[time: 4.7]
#[time: 4.71]
#[time: 4.72]
  4.723498016   4.723522868   269.897983295879   267.165376356576   273.180187997558   271.707563607903   264.344513190381   267.218863541527
#[time: 4.73]
  4.730988779   4.731050402   269.897983295879   273.943130289109   275.984152439141   274.307715573924    265.92010767406   265.778168809314
#[time: 4.74]
  4.744964923   4.744969171   269.897983295879   265.623534836408   273.916573784985   275.762067655144   265.049375157944   265.413538794309
  4.747626756   4.747693649   271.169624569372   265.623534836408    270.81583621574   269.056726657477   264.106481890468   264.439389952822
#[time: 4.75]
#[time: 4.76]
   4.76427694   4.764297875   271.169624569372   270.292135718677    270.59027209811   269.462869804585   264.281537423592   264.288834320271
#[time: 4.77]
#[time: 4.78]
#[time: 4.79]
  4.791829946   4.791856043     274.7404755928   270.292135718677   276.558777811261   276.037673049337   266.131232144585   266.394442076054
  4.793525315    4.79354943     274.7404755928   278.660006998199   277.265498823945   275.102222388475   275.912212705679   273.929088625096
  4.796872841   4.796882218   282.084669693402   278.660006998199   279.878192366184   281.879380157934   272.806768389173   273.689447573327
   4.79810317   4.798111131   274.175169378043   278.660006998199   282.082973169566   280.814559107549   275.638680281766   275.183471576246
#[time: 4.8]
  4.804347742   4.804371645   281.425099944503   278.660006998199   276.599174137232   276.836849955344   283.875911603267   282.913715135091
#[time: 4.81]
#[time: 4.82]
#[time: 4.83]
#[time: 4.84]
#[time: 4.85]
#[time: 4.86]
  4.860540516   4.860541518   275.656907473117   278.660006998199   286.900217066349   285.501562972038   271.517929499334   271.360392774865
  4.866653894   4.866661227   277.173221328968   278.660006998199   281.013278401853   282.861806607818   275.261159285211   273.710979843598
#[time: 4.87]
  4.873243714   4.873317372   272.168460198338   278.660006998199   278.041070314398    278.10320152507   277.670494831453   283.763495218333
  4.876734011   4.876735857   283.138542420647   278.660006998199   277.271768195441   281.456855368187    274.07118096148   274.422015893689
#[time: 4.88]
  4.888116455   4.888121285   279.325206447185   278.660006998199   284.924089716621   282.532026738153   278.552745216233   281.739770376389
  4.888161276   4.888163672    280.22762091198   278.660006998199   283.362716304414   283.112212888292   274.209111633046   275.032178656386
#[time: 4.89]
#[time: 4.9]
#[time: 4.91]
  4.913675232   4.913680542   258.876468596089   278.660006998199   281.129501828875   280.964283826049   259.103677161913   277.090455619734
#[time: 4.92]
#[time: 4.93]
#[time: 4.94]
#[time: 4.95]
  4.950392855   4.950455982   292.228304018918   278.660006998199   267.409270312298   277.417908810048   297.437097653629   287.726204190761
   4.95858209   4.958592799   285.618160702396   278.660006998199   299.036814245107   286.945073116509    279.35048701256   280.482138517702
#[time: 4.96]
  4.963650425   4.963687403   285.618160702396   287.138284584203   291.740129467364   281.867476276539    279.15583016707   278.306771201563
  4.965339274    4.96535085   288.799819179092   287.138284584203   293.611650443238   295.284080000602   280.772855163617   282.860780623114
  4.966293999   4.966298209   288.655537960639   287.138284584203   292.735381220645   291.070925660341   287.201970428783   293.060503835274
#[time: 4.97]
  4.976427369   4.976532299   288.655537960639   292.173727412303   292.303899073256    291.03243276363   285.757450224917   284.003742342167
  4.979108688    4.97911345   288.655537960639   291.382594692689   293.271552077144   293.439956098164   291.580904713033   291.956453603992
#[time: 4.98]
  4.985053224   4.985115222   288.655537960639   285.334274717025   293.754215550287   287.266140276543     288.4580688909   287.279745204977
#[time: 4.99]
   4.99918389   4.999189907   288.655503109337   285.334274717025    292.41291179533   291.051942532389   284.583707154966     286.0108004206
  4.999937724   4.999951525    284.74699929739   285.334274717025   295.333578988423   292.445564931416   280.455954115539   279.771197643603
#[time: 5]
#[time: 5.01]
  5.016222463   5.016238027   281.675153916102   285.334274717025   290.983770243802   291.489282744654    284.42783270953   286.004255078327
  5.016684027   5.016708982   281.675153916102   278.009699250824   287.010016365335   289.606862582434   284.367958134233   282.313170919157
  5.018552959   5.018573128   281.675153916102   275.384763663771   284.709759139815   282.700689703122   288.316571744327   280.558027895881
#[time: 5.02]
  5.021868294   5.021884049   289.596462370264   275.384763663771   276.651385603382   278.163598122507   285.861326738504   281.507473339514
#[time: 5.03]
  5.037537115   5.037540258   289.596462370264   291.856250325341   288.258159334962   283.897140616387   290.847653030042   290.907860582798
  5.038618714   5.038632954   289.596462370264   294.656950606812   293.498271074281   294.177806795237   293.666196392849    294.15427737187
#[time: 5.04]
   5.04152768   5.041557978   296.051557195313   294.656950606812   295.839640192509   298.061262211726   288.668862107094   289.122047236806
  5.048578228   5.048583744   296.051557195313   308.055165780894   290.042291358297   295.401012800241    300.65770119545    309.09364507226
#[time: 5.05]
  5.052360546   5.052426747   296.051557195313   291.267423116692   302.759735310422   309.931329762116   288.640112321669    290.23429454875
  5.053587783   5.053601125   296.051557195313   299.600720051016   297.582152255245   295.020731311182   288.513881781859   289.152631108627
  5.057123428   5.057159409   308.130896982572   299.600720051016   303.079870819559   304.899996320883   299.131512514729    300.37257760069
  5.059310438   5.059354038   308.130896982572   306.809829976671   303.940956469413   303.889015680295   302.708108306658   298.870224808819
#[time: 5.06]
#[time: 5.07]
#[time: 5.08]
  5.080814085   5.080839175   305.742564857125   306.809829976671   306.417180743211   306.533813716481   303.572564134378   303.390116490584
#[time: 5.09]
#[time: 5.1]
  5.102329876   5.102337512   313.750896583077   306.809829976671   306.775671496007   307.127609372379   308.580226513266   309.619362009929
#[time: 5.11]
  5.112447164    5.11249387   313.750896583077    318.18666500111   310.688939665008   310.551163679062   318.906833399271   313.353997423509
   5.11258704    5.11260382   317.545657912925    318.18666500111   314.959310213239   313.607328329161   325.698305645162   327.210111120003
#[time: 5.12]
#[time: 5.13]
#[time: 5.14]
  5.149087994   5.149091385   314.236183458121    318.18666500111   319.750447762692   319.844954704735   318.969497555158    323.42096452356
#[time: 5.15]
#[time: 5.16]
  5.167149393   5.167169746   315.690032027513    318.18666500111   321.268411803126   324.683518347708   308.852040098649   309.230815650649
  5.169550905    5.16955238   315.690032027513   320.879804484655   318.369165541555   318.900540753203   311.817877739957   310.779144396587
#[time: 5.17]
#[time: 5.18]
  5.181101666   5.181119506   315.690032027513   313.395452607078   320.175092454612    322.24707451376   311.531151076861   311.642911692391
  5.187246058   5.187275871    316.70292557039   313.395452607078   316.973570318379   316.111689482798    308.61308255391   309.565751190632
#[time: 5.19]
  5.194793499   5.194813913   307.429254460459   313.395452607078   317.991837323558   316.087605306234   310.531279613569   320.087113807095
#[time: 5.2]
#[time: 5.21]
  5.210589376   5.210624062   307.429254460459   320.455733247228   312.051436926288   313.419617956362   313.643645551994   314.472449434303
  5.213760059   5.213793477   307.429254460459   311.722281026411   316.364893615591   323.915281794919    307.58055460561   306.003138677057
#[time: 5.22]
  5.222571214   5.222597927   314.018640172396   311.722281026411   312.015736851753   314.347434042353   321.574467048938   317.608140464083
  5.228748756   5.228760383   314.018640172396   311.640378954774   318.755681320015   309.302315597937   310.146390131747   310.683824808958
#[time: 5.23]
  5.233905165   5.233909596   300.059548881125   311.640378954774   312.248473161317   313.079473982507    304.52186492693   315.015854191108
  5.237883948   5.237906106   300.059548881125    302.21982032301   304.884657614411   315.710399814767    301.44100726119    302.02920752337
#[time: 5.24]
#[time: 5.25]
#[time: 5.26]
#[time: 5.27]
#[time: 5.28]
#[time: 5.29]
   5.29587513   5.295891595   300.059548881125   298.314350507355   304.540078798793   305.909047588943   299.364326557084   299.279600395201
   5.29623506   5.296246336   300.059548881125   293.702210063564   304.267860610424   302.830471635412   296.183111887392   299.933013421985
#[time: 5.3]
#[time: 5.31]
  5.316651021   5.316653071   296.011804794422   293.702210063564   299.128303049951   297.869342044067   303.873867163953   301.097528002359
#[time: 5.32]
#[time: 5.33]
  5.335578107   5.335604845   296.011804794422   306.496163924006   294.676269274527    295.53797025467   301.381094595098   299.907775327635
#[time: 5.34]
  5.341261751   5.341282253   296.011804794422   301.959190400062   301.100875517638   306.757089378664   301.366063147518   297.745597253046
  5.347532653   5.347532658   296.011804794422   298.275741036868   303.254472435403   309.259639416584   304.116766832554   306.286911278294
  5.347740269   5.347746967   296.011804794422   288.565770600794   297.814253811694   297.812389816948   289.720081978765    290.19149503433
#[time: 5.35]
#[time: 5.36]
  5.365048809   5.365094079   296.011804794422   302.004043295209   294.333526079946   293.729437062956   301.730059430803   307.305677768222
   5.36899975   5.369006581   306.043166589896   302.004043295209   299.604103400489   303.409561359535   303.478468812982   303.644004777214
#[time: 5.37]
  5.372930951   5.372960471   290.890684418899   302.004043295209   308.147141847529   306.185483117355   297.457047210264   302.504794643155
#[time: 5.38]
#[time: 5.39]
  5.397977046   5.398008307   310.112453093803   302.004043295209   297.226663874171   298.529734026034   307.713911892214   305.932225324583
#[time: 5.4]
  5.407028093   5.407071986   299.916019968218   302.004043295209   309.220070161636   307.804965062217   295.111205375735   293.406611931448
#[time: 5.41]
  5.415286263   5.415287751   304.132621168403   302.004043295209   302.991125051479   303.389523935121   299.806446234363   300.613124103409
  5.418876438   5.418941095   303.695762312624   302.004043295209    306.11128078297     304.4317900311   310.936222872644    305.28390296296
#[time: 5.42]
  5.426284824   5.426429469   303.695762312624   312.969557324533   304.529392355528   304.012747289466    308.04683334232   307.445885824327
#[time: 5.43]
   5.43147621   5.431479247   314.654953037955   312.969557324533   309.424727888776   311.486432885099   314.641835277685   314.101768695848
#[time: 5.44]
#[time: 5.45]
#[time: 5.46]
  5.467706662    5.46774466   317.289916023436   312.969557324533   320.208663204977   319.172055280817   307.783590452223   308.508685570709
#[time: 5.47]
  5.474880715   5.474924556   313.856473174007   312.969557324533   318.046223409198   317.114412292581   305.579710039785   311.921454926549
  5.475037545   5.475073714   313.856473174007   306.966988645411   313.471848351881   313.456831391839   315.007855695764   311.488716313418
  5.478375887   5.478381717   313.856473174007   321.573791389546   311.638455920878   310.689147180002   316.021860866389   313.410199839377
#[time: 5.48]
  5.486838462   5.486843239   313.856473174007   311.922114366571   317.557214203094   318.975602345428   309.772789779536   310.963082090745
  5.488820913   5.488832179   313.856473174007   315.488639437142   317.320474701142   316.819867212451   308.163842325588   307.920358417545
#[time: 5.49]
#[time: 5.5]
  5.505121115   5.505153505    321.62341932063   315.488639437142    316.78850782678   317.914842429846   311.695064600277    314.81209478766
  5.509734469   5.509810762    321.62341932063   324.828002169975   319.423812293272     317.7198415772   316.022421380739   316.432572350326
#[time: 5.51]
  5.516781491   5.516795699    321.62341932063   310.063022565756   323.568935997859   320.981432778325    325.55349628323   314.372594175267
  5.518238942   5.518239493   295.011874637662   310.063022565756   325.004408844802   317.058037353092   299.843764840655   313.334342224004
#[time: 5.52]
  5.522643322   5.522683905   295.011874637662   295.524848322421   296.768600971416   306.480926816806   297.366325790707   295.934964877902
  5.528515741     5.5285298   295.011874637662   291.515615666678   299.866926753937   300.164196409533   285.548499302833   284.632798331133
#[time: 5.53]
  5.537716006    5.53775344   285.987798986113   291.515615666678   300.053146335207   298.300567387268    288.31404898262   292.312420381759
#[time: 5.54]
  5.541724555   5.541730929   285.987798986113   287.752718852464   291.207370628248   296.673398345021   288.771033258576   290.249212996449
  5.546913899    5.54695662    296.73189717998   287.752718852464   287.570356745987   287.792715725932   294.251183168844   292.526592615472
#[time: 5.55]
#[time: 5.56]
#[time: 5.57]
#[time: 5.58]
  5.583657184   5.583677567    296.73189717998   292.697027151874   295.833367463782   292.737244328534   293.748956379168   293.964590677934
  5.584736447   5.584773566   294.337751278894   292.697027151874   297.586563107082   296.019082527097   284.874510924384   285.648832968303
  5.586311402   5.586342522   293.460811768854   292.697027151874   296.385675119007   296.093584059875   284.899353039513   285.008007509028
#[time: 5.59]
  5.597433231   5.597436808   300.603383570246   292.697027151874   297.161713603582   296.847340884047   295.265565049424   296.096991075808
#[time: 5.6]
  5.600669784    5.60068375   300.603383570246   299.014672732327   298.731973772982   297.639776182707   299.908522144251   299.877366231335
#[time: 5.61]
#[time: 5.62]
  5.626224159   5.626248069   305.435680191783   299.014672732327   303.261243756711    297.51441621876   297.667732092106   302.288858639882
#[time: 5.63]
  5.633744226   5.633749946   305.435680191783   317.202213283357   306.986092162379   303.826232241714   312.812123848056   320.597255503247
#[time: 5.64]
  5.640296524   5.640299947   320.651968424199   317.202213283357   313.120814681339   314.568259634306   312.231547466283   312.205421584057
  5.640532089   5.640549528   320.651968424199    323.97934978103   320.575543392869   319.131709769688   317.187758751502   315.640378160234
  5.646397306   5.646427093   320.651968424199   323.380668567025    321.98430115093   321.319831657683   314.982484011654    314.35179372842
#[time: 5.65]
  5.651419865   5.651445598   320.651968424199    330.43610240669   326.373391455117   326.996569990348   327.175131072552   336.198034415437
  5.654365175   5.654398503   320.651968424199   308.049804079081   325.621423494963   327.435336336535   322.237027748493   307.462410059785
#[time: 5.66]
  5.664946599   5.664950109   309.308765593331   308.049804079081   323.046136614989   311.996171427086   306.851654879524   306.866831950735
#[time: 5.67]
   5.67461633   5.674628825   309.308765593331   310.275656105767   310.659432852229   310.457643655887   300.069258749367   300.211622757229
  5.678337274   5.678356979   309.308765593331   310.605575571756   310.714411774445   310.848936166203   303.868305773865   300.777706454819
#[time: 5.68]
  5.682849101   5.682853412   309.308765593331   314.719413820946   315.189971730329   315.785214777435   305.714902470973   304.520981262701
#[time: 5.69]
  5.694945451   5.694951781    309.82640632996   314.719413820946   315.386364545095   317.588766952831   312.141050622039   311.963907118287
#[time: 5.7]
  5.701232184   5.701314534   312.016806935103   314.719413820946   312.743775286781   314.340000389035   310.195118710597   308.477365428096
#[time: 5.71]
  5.716077703   5.716146387   312.016806935103   318.981429303321   311.892540598531   315.196377942323   316.671460326232   313.171214894803
#[time: 5.72]
  5.721239854   5.721250832   312.016806935103   310.611011608584   316.066398763303   317.334824681122   309.467132726479   310.031915537202
  5.727008003   5.727024171   313.371873343897   310.611011608584   314.970812520161   314.282933625097   307.144272507886   308.020916492271
#[time: 5.73]
  5.732319218   5.732327801   309.307142934899   310.611011608584   316.419796204411   315.725197368297   318.116189293377   319.678392349396
  5.738569818   5.738576677   309.307142934899   306.703606829934   309.707939052571   309.641286664231   309.096157848169   302.958557252344
#[time: 5.74]
  5.749017055   5.749023236   309.307142934899   316.477749250537   308.302828730416   305.052270445507   310.886955416206   308.974888337312
  5.749489702   5.749504203   309.307142934899   310.300002183976   314.733637468389   318.262216468333    305.81804643259   305.674436137745
#[time: 5.75]
  5.754681013   5.754681986   318.203291398253   310.300002183976    312.39838715969   312.928295441412   309.289951266487   310.007284572519
  5.755859186   5.755876713   312.684899853681   310.300002183976   315.346360911604   314.679478646905    303.38172121836   306.748679711414
#[time: 5.76]
#[time: 5.77]
  5.771288436   5.771289276   309.729393728125   310.300002183976   316.479920292977   315.918694584952   315.192898840031   315.733177443997
#[time: 5.78]
#[time: 5.79]
  5.793083346   5.793129218   309.729393728125   312.285349642726    314.66578769059   315.492887383348   311.488130506642    311.56866722694
#[time: 5.8]
  5.801104301    5.80112572    320.48157531566   312.285349642726   313.391181904199   313.866176480005   311.813428714725   312.635932609339
  5.802461588   5.802470698    320.48157531566    324.72116399766   318.656603054052   317.904116880246   322.235774628049   321.329524388224
#[time: 5.81]
#[time: 5.82]
  5.827723666   5.827758115   326.404946399838    324.72116399766   323.279184808327   325.612173628844   321.028955174189   317.276310159766
#[time: 5.83]
#[time: 5.84]
  5.847693597    5.84770153   326.404946399838   325.003306612847   331.538357303363   330.599340153598   325.431785977203   325.971638421495
#[time: 5.85]
#[time: 5.86]
#[time: 5.87]
   5.87897248      5.878995   329.700376041721   325.003306612847   323.863770576812   328.365439420159   324.495938519026   326.831386599571
#[time: 5.88]
  5.886401521   5.886421095   329.700376041721   335.670282926123   332.573712881992   330.255668463896    332.38605990939   331.368697717663
#[time: 5.89]
  5.895744677   5.895776632   329.700376041721   333.311858215394   333.955870836812   337.075306902851   327.275748876514   325.102210007963
#[time: 5.9]
  5.906858786   5.906875609   337.190994085704   333.311858215394   335.715722055723   337.596292975522   327.412901726715   326.480849164576
#[time: 5.91]
  5.912407642   5.912439226   337.190994085704   334.412752905096   338.163563819187   337.314419306521   333.418877417463   334.627398953231
#[time: 5.92]
#[time: 5.93]
  5.935729527    5.93573822   338.921940680758   334.412752905096   339.931256668456   338.431330936816   344.676726415888   337.418497734075
#[time: 5.94]
  5.942818278   5.942847148   338.921940680758   341.364114546055    341.87075745536   339.870123555493   333.303539866876   332.578123186643
#[time: 5.95]
  5.956461149   5.956473291   338.921940680758   345.892828118278   343.536479785153   344.838369547848   342.326952702186   341.829939964017
  5.956653441   5.956655325   349.766731716824   345.892828118278    342.58193420824   345.693481342364   350.372364851024   345.676165007377
#[time: 5.96]
  5.962004373    5.96202952   349.766731716824   350.568598885259    349.32420895272   348.695474804963   351.499041045331   348.349446388688
#[time: 5.97]
  5.972143429   5.972145626   354.344392845882   350.568598885259   352.469788116064     352.6652886143   344.990163402588   348.947460727631
  5.978836391    5.97886441   354.344392845882   347.391543051696   353.979811496114   353.585930229534   361.120014129634   352.639498146176
#[time: 5.98]
#[time: 5.99]
  5.992254032   5.992270658   354.344392845882   355.854019316311   360.538936132257   352.976638967036   352.868701686194   352.078531774541
