# command line: ./generate_stepping_data --ls 10.49 --cm 0.4 --k_ub 75.0 --lt 23.8 --label paramSearch-fitparamsrun2 --framerate 1e-10 --ct 0.2 --exp-unbinding-constant -0.35 --k_b 8000000.0 --runtime 6.0 --eqt 0 --eqmpost 224 --seed 1.0 --dt 1e-10 --cb 0.1 --eqb 120 --nomovie --eqmpre 200



#********paramSearch-fitparamsrun2__k_b-8e+06,k_ub-75,c--0.35,cb-0.1,cm-0.4,ct-0.2,ls-10.49,lt-23.8,seed-1,dt-1e-10********
#time_unbind, time_bind, nbx_bind, fbx_bind, nmx_unbind, fmx_unbind, nmx_bind, fmx_bind
#[time: 0]
 0.0086816058  0.0087757182                  0  -6.66914478609113    4.0378692805174   5.97184761074787   3.16200937632329  -2.88430065392845
#[time: 0.01]
 0.0138440034  0.0139428836                  0   3.27290426357701  -4.70537520846292  -3.95244617555727   2.74950677699334    4.0158397885306
#[time: 0.02]
 0.0286893562  0.0287028209                  0   14.3689625332226   3.74744852358177    7.4832252707889    5.3523959239305   14.4993221159175
#[time: 0.03]
 0.0339639823   0.034173492  -7.62515074302119   14.3689625332226   7.64142178989528   14.8531118467683   1.29732811830867   12.0172318239127
#[time: 0.04]
#[time: 0.05]
 0.0504925547  0.0507645779   11.8891132067836   14.3689625332226   2.44342327538546   13.4388541009771   10.7098815683111   10.1945219928944
 0.0517838957  0.0517966735   17.0258886784427   14.3689625332226   14.9291477560198    15.849085649701   15.3574925625931   15.5320439035321
 0.0551909748   0.055750004   17.0258886784427   10.7948018114364    18.510120355514   17.4228693789129   15.4061983913121   15.1279398573345
#[time: 0.06]
 0.0668091442  0.0670412821   17.0258886784427   21.1173052278598   20.7369084410057   16.8000996339666   13.0793989324317   11.7808225265224
 0.0672695042  0.0677265808   17.0258886784427   18.9719122480513   20.0819435079226   22.2999725401567   10.7528504293448   10.5898834054444
#[time: 0.07]
#[time: 0.08]
  0.084986903  0.0851119958   17.0258886784427   20.1083490224311    19.227409905232   19.4554810314881   16.3283417919218   18.5160873548544
 0.0873639481   0.087637845    31.801141097776   20.1083490224311   19.2844098085135   19.8856671811202   31.1604907013901   24.6193286731209
#[time: 0.09]
#[time: 0.1]
 0.1005577623  0.1006125259   15.8492372377815   20.1083490224311   31.9676940869292   27.4436582651783   22.9724644662449   28.9822493356214
#[time: 0.11]
 0.1138907353  0.1140320446   15.9581843789988   20.1083490224311   20.6528470041959   22.8551691072371    9.1244166659814   9.87275025387588
#[time: 0.12]
 0.1283351915  0.1290467032   27.2445170984699   20.1083490224311   18.7567333016798   19.7793535192084   27.1328071464341   18.0226771376028
#[time: 0.13]
 0.1327386567  0.1327410357   19.4035472278018   20.1083490224311   31.7680885157915   26.1899042609868   19.3020501756715    19.254725457927
#[time: 0.14]
 0.1464299888   0.147081552   19.4035472278018   25.7272176425833   22.8986789734242   23.0664679390308    20.519911703286   18.8567625128137
#[time: 0.15]
 0.1508398213  0.1513565461   23.9119439320207   25.7272176425833   22.5792420526859   22.5285183823016   22.2685004397413   26.7948696867959
#[time: 0.16]
 0.1622407526  0.1627402263   23.9119439320207   16.3051549418578   24.2610822988829   24.1371653950845   18.7056818774674   21.0731395707905
#[time: 0.17]
 0.1747337261  0.1748532091   22.5931576037826   16.3051549418578   24.2212466951055   20.8094919700456   14.5093877044001   16.0037082767382
 0.1765139062  0.1765596657   22.5931576037826   26.8994887447435   24.8996673183225   22.0672838524944   30.9925496669795   34.5533709438012
 0.1774304738  0.1775916952   22.5931576037826   24.0171999460429   26.7796366152577   28.5508933776802   19.2279416114179   17.9478660004128
#[time: 0.18]
 0.1817611404  0.1822060554   22.5931576037826   26.0273219143046   27.5876644632727   28.1633944446271   16.2993902002896   15.6328151674752
#[time: 0.19]
 0.1952614964  0.1952800368   22.5931576037826   26.2293610680732   28.0713902701408   29.4055036329439   22.9840471380141   20.3011268512201
#[time: 0.2]
 0.2021389996  0.2024641229   22.5931576037826   23.6422540557794   23.9326101023433   26.1241877961255   30.3954290219336   28.8738278669002
#[time: 0.21]
#[time: 0.22]
#[time: 0.23]
 0.2330272918  0.2330485228   22.5931576037826   17.9908555825365   26.2177250015424   26.3999390610361   24.8769760139329   21.5573207128914
 0.2363071486  0.2367049436   22.5931576037826   14.2534875709512   22.1288639964041   20.9381397030683    27.894388078601   23.3209358670097
#[time: 0.24]
 0.2489187634  0.2490340299   22.5931576037826   20.5194497205886    21.970886761606   19.7165539964692    13.106839908358   13.9068225737897
#[time: 0.25]
 0.2546184974  0.2546330857   22.5931576037826   23.8789871334059    24.839121272532   24.0560551558477   13.7688338530167   13.5178490711395
 0.2576603448  0.2576884584   22.5931576037826   25.2885578425511    20.634576291469    24.306541994817   26.4256643987255   27.4433919302303
#[time: 0.26]
 0.2657883654  0.2658385721   22.5931576037826   30.2368208176292   26.6049606143485   26.8315004113112   18.5958412513318   19.9485642100563
 0.2685691643  0.2686109923   42.4774542950215   30.2368208176292   29.8846291948174   33.3798990518574   37.3521938325806   36.3853296651091
#[time: 0.27]
 0.2738971308    0.27411597   42.4774542950215   46.6249429192503   41.1838514794365   33.2196732028664   51.6820779486045   56.8332228721773
 0.2779384783  0.2780214562   45.9848301215452   46.6249429192503   46.0368781930032   49.2638331196012    38.277786808709   38.3372399700819
#[time: 0.28]
#[time: 0.29]
#[time: 0.3]
 0.3096446443  0.3097499277   47.7053048775399   46.6249429192503   47.9917505470331   48.1516075415893   39.9246226361953   39.9905856748184
#[time: 0.31]
  0.310029056  0.3102030054   47.7053048775399   46.2062265226773   52.6694437668465   52.2875799355083   42.3869925222658   43.4512378404515
#[time: 0.32]
 0.3250613971  0.3251378753   47.7053048775399   51.1023975604675   48.3575855518444   47.4409633587925   54.2387910241424   56.9186852990059
#[time: 0.33]
#[time: 0.34]
#[time: 0.35]
#[time: 0.36]
#[time: 0.37]
 0.3735965181  0.3736292756   43.4767482640455   51.1023975604675   50.8911664360092   51.8202503312452   46.7988958331187   56.8177466699328
#[time: 0.38]
#[time: 0.39]
#[time: 0.4]
 0.4031623382  0.4032056142   43.4767482640455   58.7069968610852   50.5002692551338   52.8618054001719   45.7735101247961    58.618687271698
 0.4046161153  0.4049819758   63.7219364568326   58.7069968610852   50.8832210643927   56.4687704710776    56.405135416614   58.3286717163132
 0.4094820406  0.4095715745   63.7219364568326   65.4148659455079   66.4586471802257    64.423945322324   61.1817570023891    61.151668220473
#[time: 0.41]
 0.4105887561  0.4106557467   63.6054102456356   65.4148659455079   63.5705952535761   63.2926887175285   58.8685409144319   68.2125375276404
#[time: 0.42]
#[time: 0.43]
#[time: 0.44]
 0.4475347365  0.4480397385   68.1305003402581   65.4148659455079   65.4810460054599   65.7868580074248   63.9587567240755   64.5968631026023
#[time: 0.45]
 0.4501855565  0.4504656575   66.8476591059145   65.4148659455079   70.2751859989131   66.7245971926846   60.4136671665966    62.650035769901
#[time: 0.46]
    0.4645556  0.4650537267   66.8476591059145   69.8629816212499   67.7657348526784   67.2214364672557    58.844211784447   59.5879172211956
 0.4652399097  0.4659551886   72.2740806484598   69.8629816212499     69.70265325616   70.2481496294723   64.8043057234735   66.0115275881348
#[time: 0.47]
#[time: 0.48]
 0.4834919051  0.4834955428   83.8417472755097   69.8629816212499   72.4224340238502   72.1755791434575   81.8380523960696   76.9508677758615
#[time: 0.49]
 0.4963742996  0.4964869131   83.8417472755097   84.7664540973233    84.725964403555   70.0820574301815   76.9335373664864   81.4236555395797
   0.49800925  0.4980473174   83.8417472755097   79.9697029218798   84.8888305883646   84.9420212974702   76.3826284403269   77.9331551046209
#[time: 0.5]
#[time: 0.51]
#[time: 0.52]
#[time: 0.53]
 0.5379743781  0.5384233597   90.1294197937023   79.9697029218798   85.7409220605119   83.8712797018303    81.961465945178   84.1425148542358
#[time: 0.54]
 0.5454605132  0.5455919624   90.1294197937023   91.7107319694483   93.6990490750215   87.8449026605394   84.3801594590025   81.5424670110885
#[time: 0.55]
 0.5523106015   0.552540318   93.6560566064445   91.7107319694483   92.8622629407189   88.9765702053725   83.3816433863757   84.7115148695646
#[time: 0.56]
 0.5620167756  0.5622049872   93.6560566064445   96.5472431100273   96.4612891347169   95.4801573677785   94.1798554593981   92.8456584390632
 0.5654873765  0.5662820681   99.1987608089462   96.5472431100273   92.3748863589256   97.0903758913705   96.0068698189872   96.4366352412658
#[time: 0.57]
 0.5745098622  0.5752381919   99.1987608089462    97.862558037069   100.849911763004   99.4683165228817   93.4947007363878    94.413433058664
  0.576051874  0.5762756346   99.1987608089462   118.831575741606   102.482729451889   102.089660779038   106.269184024289   118.315923433455
 0.5767148608  0.5767759858   99.1987608089462   100.299111454015   105.284519085229   123.286031640524   89.0997526825607   91.7556602680691
#[time: 0.58]
 0.5823579459  0.5824004773    101.42547775879   100.299111454015   104.737704329378   105.243729845185   99.9884526345666   100.242214027304
 0.5825858896  0.5828624369    101.42547775879   100.820166731425   102.839440829694   102.483554505296   91.0128052322112   90.8630848565017
 0.5879766038  0.5880901184    101.42547775879   103.976799792903   103.964241812513   103.584082971424   93.0145748473837   93.6511770159753
#[time: 0.59]
#[time: 0.6]
 0.5999761955   0.600161744   104.774120496914   103.976799792903   104.363096117979   105.423621379055   101.346934651099   101.572318167024
 0.6051135029  0.6052709593   103.470089241815   103.976799792903    104.89899563217   104.833704087155   101.718420644887   101.178363527038
#[time: 0.61]
#[time: 0.62]
#[time: 0.63]
 0.6327112933  0.6333020881   82.3213893013564   103.976799792903   103.970493544274    106.19491800967   89.3972156313451   110.876531283361
 0.6355822572  0.6361338849   82.3213893013564   84.6864200985363   86.9471011319144   101.504104350582    84.034123570082   87.0588892444713
 0.6390169494   0.639064903   82.3213893013564   88.4612528246275   83.1492254446057   79.2915385020382   80.1660993047155    79.227512775082
#[time: 0.64]
 0.6439715431  0.6441059493   95.9711317950153   88.4612528246275   89.6244826327482   92.7849247380769   95.0966461749829   93.0152121859065
 0.6445704464  0.6448734852   95.9711317950153   79.0023692279784   96.1510056000195   93.7831123416626   104.575753814962   87.2234803288617
#[time: 0.65]
#[time: 0.66]
#[time: 0.67]
#[time: 0.68]
 0.6884264305  0.6884518971   83.8925893194035   79.0023692279784   94.7150678573883   84.3580783556788   78.6169545391175   80.0018401868935
#[time: 0.69]
#[time: 0.7]
#[time: 0.71]
 0.7103116033  0.7106638624   84.3020867456977   79.0023692279784   86.9598030161373   85.4193103101439   74.8852028047843   76.4162571087624
#[time: 0.72]
 0.7273287049  0.7273690336   81.2795749485219   79.0023692279784   86.0812241767812   83.1940555593308   90.2830104470285   86.4482590629374
 0.7298762507  0.7299076391   71.9638945373872   79.0023692279784   81.8811146300901   81.3036209963151   78.2713325305579   85.9254283487162
#[time: 0.73]
 0.7394486257  0.7397442572   77.5456320475904   79.0023692279784   76.9188897657645    78.288068419953     69.02342483079   69.0911851901005
#[time: 0.74]
 0.7413660472  0.7422242107   77.5456320475904   79.4963665438074   79.3874747898055   79.8767830635118   74.2833310802918   72.9032647567257
 0.7461964727  0.7467547526   81.7051058324414   79.4963665438074   83.1454050822279   84.1720467786715   71.3506486890923    70.749537413961
#[time: 0.75]
#[time: 0.76]
#[time: 0.77]
 0.7736708684  0.7742003308   81.7051058324414   87.5136649294862   87.1058380987765   85.8054786673388   79.2343265936901   79.7002344658369
#[time: 0.78]
 0.7871770517  0.7874122735   88.9628400346344   87.5136649294862   86.1732598477892   89.1273624638578   81.6947634237605   81.6026132491241
#[time: 0.79]
 0.7903030884  0.7906313227   88.9628400346344   87.3111177087563   90.9024108195024   90.4010140961211   80.9277551575219   80.9764354148068
 0.7945068018  0.7949151449   88.9628400346344   87.9432217688043   90.1667513831448   89.6679972243613   78.4789201527587     79.02478655031
 0.7977539841  0.7978512646   92.7365268096684   87.9432217688043   91.7818564920509   91.2381858777018   82.2535082825296   81.6018276192737
#[time: 0.8]
#[time: 0.81]
 0.8123754525  0.8124529224   84.3536491721103   87.9432217688043   91.7114216031671   90.8064485585807   86.2285509265458   86.2512544630248
 0.8124857069  0.8127040594   86.3207731025826   87.9432217688043   89.3731740509944    91.783133321658   81.8300821151747   81.6010518789192
 0.8149878086  0.8150587319   86.3207731025826   88.7802743467389   90.0153208970075   91.1447129084861   86.3395400221046   85.3774573041878
#[time: 0.82]
#[time: 0.83]
#[time: 0.84]
 0.8414510242  0.8421678527   86.3207731025826   90.6901211203721   87.2777665295858   89.7579256680905   83.2642807418976   83.0692115499417
#[time: 0.85]
 0.8550959331  0.8554824685   81.9121551289149   90.6901211203721   90.0739374863668   91.2562999092945   87.8481673801262   95.0257002748937
#[time: 0.86]
 0.8612381627  0.8619812375   81.7548141260942   90.6901211203721   87.5738412775949   84.4750759931567   86.5284239942942   87.0233600151321
 0.8696791394  0.8696810424   81.7548141260942   72.6475074650655   86.6318755046362   89.2427969187927   84.0839256388337   80.1566485239796
#[time: 0.87]
 0.8749176163  0.8750806772   71.3299909230566   72.6475074650655   80.5134344337191   78.1856224108094   65.5997200395278   65.5886546138247
#[time: 0.88]
 0.8826734692  0.8828854489   71.3299909230566   62.2899032641439   70.6096375330854   70.4414447716231   75.4652447939144   55.2233580920317
#[time: 0.89]
#[time: 0.9]
 0.9012116283  0.9013277877   71.3299909230566   73.7868533641696   66.1420446569778   66.2840497944909   65.3373138072116   63.6178968663236
 0.9055914487  0.9057939497    64.665141714429   73.7868533641696   72.3804052899437   73.2849015987024   69.2337166633229   72.7366018246395
#[time: 0.91]
 0.9106791973  0.9108179849   76.6495585572963   73.7868533641696   71.1960871127421   74.3721135055066   68.1769422360536   68.8913695613022
  0.915691463  0.9157706834   76.6495585572963   79.9824461007814   78.7154232008628   76.9178908171477   71.9742522642181    71.352595267505
 0.9170802657  0.9171929192   80.5658073906662   79.9824461007814   80.4831548341765   82.3346443343654   71.8295842123595   73.1492927051649
#[time: 0.92]
 0.9269644923  0.9271929107   94.7745496681062   79.9824461007814   80.1278105329318   79.9303591276414   90.1828796929402   80.7683534074217
#[time: 0.93]
 0.9315500466  0.9320634318   94.7745496681062   90.7946499860668   90.8594506939998   87.0353693265744   85.2796592845742   87.3090951561048
 0.9386725381  0.9392405236   94.7745496681062   86.4066654106501   93.0934094542071   92.9233023197779   98.5096584404209   88.4806684076842
#[time: 0.94]
 0.9420796249  0.9423074473   77.5934126087728   86.4066654106501   102.305616734279   93.0458705681577   84.6534514834836   96.6722240574676
#[time: 0.95]
 0.9572826185  0.9575503111   91.5409378537589   86.4066654106501   82.1505292009293    81.692402229414   81.8474416355374   81.2405760436346
#[time: 0.96]
 0.9674042889  0.9675711528   77.4166603137815   86.4066654106501   92.4750446246409   89.6043898125944     80.23249087332   95.4900382417562
 0.9678614259  0.9678731666   111.049781144825   86.4066654106501   83.5386404906812   87.1590428713837   107.310193360863   88.8289066767117
 0.9684919005   0.968619855   87.9197973791521   86.4066654106501   107.815473830421    96.048030558874   78.9657687820356   79.9219737101712
#[time: 0.97]
#[time: 0.98]
#[time: 0.99]
#[time: 1]
   1.00621135   1.006326277   87.9197973791521   91.9365542529821   87.7488399156301   87.4971920568286   88.6033441301301   88.4181598399326
#[time: 1.01]
#[time: 1.02]
  1.028046501   1.028160795   87.9197973791521   69.6659415962335   91.8889613664136   92.8637638478749   88.6677966765121   74.7714358347613
  1.029499797   1.029731958   87.9197973791521   79.6483210977767   84.3802146691326   75.1189103318311   92.7919832108042   85.0989532110176
#[time: 1.03]
#[time: 1.04]
  1.045215228   1.045841688   87.9197973791521   88.6463626718227    87.972905417306    85.142458408879   85.1165580085085    84.888518483767
#[time: 1.05]
#[time: 1.06]
#[time: 1.07]
  1.078988837    1.07955562   91.6650354031214   88.6463626718227   93.3813812495483   93.7971128835941   82.3302105093864   84.2756302602679
#[time: 1.08]
#[time: 1.09]
  1.098753385   1.099023602   91.6650354031214   94.9875266060502   87.8483291731221   90.2739029722187   95.2214425304064   96.1267325153221
#[time: 1.1]
  1.107513513   1.107644811   98.6781751501833   94.9875266060502   96.2465616379927   97.0413276966107     98.58551206655   98.1352311733603
  1.108900935   1.108944442   99.5597526219918   94.9875266060502     100.4944188792   98.8845610887399   96.3118484704934   96.9008695030286
#[time: 1.11]
  1.118283166    1.11847007   99.5597526219918   75.2402454044761   95.8672597294542   97.0605289682251   103.585047528718   83.0824066218336
#[time: 1.12]
#[time: 1.13]
#[time: 1.14]
   1.14114153   1.142057344   71.4964045455619   75.2402454044761   99.3455119095739   81.0118638517533   71.7853631159357   70.4091125438351
  1.142392981   1.142813414   84.4566013130307   75.2402454044761   75.1258517596147   76.5145425100459   79.1358294833964   80.1300039483732
#[time: 1.15]
#[time: 1.16]
#[time: 1.17]
  1.170060495   1.170108501   76.0358585479557   75.2402454044761   82.4193808420059   79.8285901121226    78.536580043414   77.8696536784378
  1.175913801   1.176250377   72.4859850394862   75.2402454044761   76.8410630448091   76.4842013831641   76.9647443813023   79.5971003219079
#[time: 1.18]
#[time: 1.19]
  1.195911468   1.196394284   77.7797760488295   75.2402454044761   78.8511226600641   79.9776468977338   82.6740734047818   80.4089518279683
#[time: 1.2]
  1.202173837   1.202253328   76.2824107688227   75.2402454044761   78.6776648748635   77.1841068075544   67.0691674968264   67.1247943580937
#[time: 1.21]
  1.211482954   1.211908613   90.0725758146219   75.2402454044761   79.9812794872215   79.5765302193354   86.9632506299349   83.0398321722848
  1.212300211     1.2124794     76.87289104852   75.2402454044761   88.2678504582219   83.6175013521635   68.6435852133032   68.5328020830678
#[time: 1.22]
  1.220546872   1.221167463     76.87289104852   79.5552520513192   79.9771421123911   78.9116734731904   80.2253470124312   80.9889405915883
  1.224283037   1.224432425     76.87289104852   83.0362058927528    82.366505317642   83.5023124738221   83.3246123301565   77.4520621027231
#[time: 1.23]
  1.238726892   1.239278184   76.3285817394549   83.0362058927528   82.9539683445273   84.2210305588176   84.8156350040651   92.5942596096095
#[time: 1.24]
#[time: 1.25]
#[time: 1.26]
  1.261570411   1.262087524   76.3285817394549    81.317217980325   82.1878564185862    83.741818552329   70.2657443276482      70.9610617024
#[time: 1.27]
  1.274664262   1.274726539   99.6111869291379    81.317217980325   76.9508055630119   81.8839644431834   96.8819477697799   87.4535485945986
#[time: 1.28]
  1.280594755    1.28069054   99.6111869291379   104.663628923954   95.0438172602399   88.8265512822583    97.720906106707   94.4069523981279
  1.280852662   1.281217916   99.6111869291379   102.532138996359   103.526323356451   107.737357820957   94.8066577896935   92.1733785127784
#[time: 1.29]
#[time: 1.3]
#[time: 1.31]
  1.314140553   1.314739831   113.241790900381   102.532138996359   102.219200483832   103.147709975726    111.14507579611    109.27251094524
#[time: 1.32]
  1.318965723   1.320516675   113.241790900381   115.241298196108   116.526865751918   109.891316646491   115.242785377656   117.721358051304
#[time: 1.33]
#[time: 1.34]
  1.347332979   1.347392447   113.241790900381    103.83938179489   115.324351650056    115.45858525963   104.787351056974   107.689425412981
#[time: 1.35]
#[time: 1.36]
   1.36562827   1.365629481   113.241790900381   117.125633665175    108.20535303211   108.404790653656   112.378304507595   109.769796545868
#[time: 1.37]
#[time: 1.38]
  1.388787135   1.388919926   114.453787685883   117.125633665175     118.9647766383     120.0998731949   121.207380450705   124.640664982005
#[time: 1.39]
#[time: 1.4]
#[time: 1.41]
  1.418035073   1.418545019   115.369787816401   117.125633665175   118.243308239483   119.168055304934   109.916597595022   109.978902574407
#[time: 1.42]
#[time: 1.43]
#[time: 1.44]
  1.443603097   1.443639368   115.369787816401   114.140547881878    118.22072365013   118.544721347404   108.195646155806   108.543989060019
  1.445522864   1.445559414   118.107395916513   114.140547881878   116.473298305319   116.202332544182   109.394169444912   110.241766900458
#[time: 1.45]
#[time: 1.46]
#[time: 1.47]
#[time: 1.48]
#[time: 1.49]
#[time: 1.5]
   1.50218504   1.502268864   118.107395916513    126.39966868853   119.087475538736   117.044533297908   121.399351829509   120.972930104868
#[time: 1.51]
  1.514146199   1.514226513   118.107395916513   116.092141514069   127.613135782341   133.832395795828   116.995239321374   117.174977664895
#[time: 1.52]
  1.520312467   1.520701735   112.564498341632   116.092141514069   121.087211865176   120.609649017237   106.311072134336   106.586556327723
  1.521564988   1.521580523   117.267156271275   116.092141514069    115.03115116592   115.393618086064   110.291308444695   111.731723273197
#[time: 1.53]
  1.537018542   1.537021474   117.267156271275      115.541027047   119.464787569253   119.081890050757   125.315895466023   122.810041578851
  1.539197201   1.539375456   117.267156271275   118.370797358059   119.757567867629   117.764633483399   114.515129593172   112.330104177605
#[time: 1.54]
#[time: 1.55]
#[time: 1.56]
#[time: 1.57]
  1.576832515   1.577985932   117.267156271275   117.811594356794   122.617345418202   123.248405943147   111.706561882805   109.961132773843
#[time: 1.58]
  1.580887733   1.580953409    125.30210057318   117.811594356794   120.310371113438   120.472056804009    122.40305455903   121.978595835314
#[time: 1.59]
#[time: 1.6]
  1.600805028   1.601153072    118.49248646811   117.811594356794   127.933092360586   122.682734779007   109.383419810549   112.571896894903
  1.601266908   1.601811167    118.49248646811   114.915512251534   125.680868456698   125.118551995654   120.574706166729   119.570004811329
  1.602785523   1.602817079    118.49248646811   108.571601753783   118.634531975037   117.551100734689   120.587055424496   111.229479213592
#[time: 1.61]
  1.611160058   1.611184396   114.072231449116   108.571601753783   114.658226983511    112.81188023573   114.585935877023   111.967431591026
#[time: 1.62]
  1.623726763    1.62407239   114.072231449116   117.268598596332   110.611475903438   111.870187928449   114.613131971043   111.999190030216
  1.627702112   1.627787716   114.072231449116   115.992038571144   118.792299960418   121.477115192037   111.688055868439   119.623656504026
#[time: 1.63]
#[time: 1.64]
#[time: 1.65]
#[time: 1.66]
  1.665585079   1.666231542   117.251494439933   115.992038571144   117.216455353794   117.295941812647   110.327136300764     111.7734194323
  1.669249663   1.669495406   117.251494439933   121.355945295335   119.101826667349   118.950502087638    119.34346949317    113.61409695348
#[time: 1.67]
  1.672837651   1.673538889   106.573189742996   121.355945295335   123.003203666338   123.984170293746   109.763354054718     117.9710359061
    1.6753651   1.675692908   124.674077475457   121.355945295335   112.876703756102    127.04000194903    114.65979080054   114.315931453496
#[time: 1.68]
  1.681021348   1.681380884   124.674077475457   120.866150176839   125.643521808468   124.591979556895    118.46575500337   121.204830621516
  1.683688825   1.683948228   117.421256959356   120.866150176839   124.095452390215   123.612782589654   123.210154934102   125.072650577526
#[time: 1.69]
  1.690649036   1.691012696   117.421256959356   124.199688048163    122.52491547972   125.327488179158    112.84638686116   113.717154963138
  1.694897717   1.695190779   117.421256959356   116.498866104725   125.178782557943   129.685895240907    117.40583834872   117.345992198382
#[time: 1.7]
  1.707521286   1.707827327   103.370142906558   116.498866104725   120.510712150418   120.127469798492   106.545326955139   119.566426651821
#[time: 1.71]
  1.715881786   1.716080668    115.60036007108   116.498866104725   110.316199277867   113.631360292905   108.882636870193   106.274940317805
#[time: 1.72]
  1.721671159   1.721912053   121.617168230915   116.498866104725   118.055219057304   118.380065935538   114.004355208241   115.647761840445
  1.723802629   1.724114258   121.617168230915   119.682470962825   127.267311523604   124.097818363662   114.688134393095   115.725442794393
#[time: 1.73]
#[time: 1.74]
#[time: 1.75]
#[time: 1.76]
  1.760511212   1.760656954   121.073540048745   119.682470962825   128.011843400694   126.373160394629   113.378830939183   114.128758663471
#[time: 1.77]
#[time: 1.78]
#[time: 1.79]
  1.796006202   1.796355753   120.490760804407   119.682470962825   125.166121069008   124.658267936324    112.66912009263   112.565890025784
   1.79885243   1.799671143   120.490760804407   121.061354344445   120.223719561396   120.210555992074   116.808217229213   114.352818632089
#[time: 1.8]
  1.802412274   1.802638738   122.339921670275   121.061354344445   125.347185630213    125.74142405357   119.972414796599   120.636921578835
  1.803790188   1.803944558   122.339921670275   127.715060882159   125.375088802416   124.943736216975   123.690566319215    121.56839916345
  1.808148807   1.808536332   122.339921670275   116.671428432804   125.439986551397   127.608632681816   115.662891444823   117.468038562806
#[time: 1.81]
  1.816275519   1.816294204   117.614785313607   116.671428432804    121.73378388532   120.047422683148   108.210705704093   108.332397039621
  1.818562245   1.818628162   118.854679217257   116.671428432804   115.923476978645   116.095006131286   116.070039209255    116.45296952985
#[time: 1.82]
#[time: 1.83]
#[time: 1.84]
  1.845106506   1.845186283   118.854679217257   127.843885247246   123.644259621561   122.605799496155   121.874851204613   125.584842660602
#[time: 1.85]
  1.854228941   1.854578363   118.854679217257   109.131013897605   125.498558610383   128.157017120773   123.010093543461   115.902905586339
  1.858257179    1.85924928   110.486840302309   109.131013897605   119.568458312321   116.323161833219   111.085228716138   110.951986681236
#[time: 1.86]
#[time: 1.87]
  1.873881858   1.874289369   110.486840302309   113.961305125303   111.728103516046   109.685819402579   112.059384897427   111.985982710968
#[time: 1.88]
  1.884222396   1.884223206   110.486840302309   115.733064972338   112.158720794346   110.994523917685   107.070570200341   105.707315810582
#[time: 1.89]
#[time: 1.9]
  1.907246595    1.90754708    114.53691366114   115.733064972338   117.091337451982   119.356542026142   110.355467495968   115.998797855099
#[time: 1.91]
  1.913408278   1.913792701    114.53691366114   118.867004782572   118.592230758599    118.97947751816   113.113565229645   111.010698475658
#[time: 1.92]
  1.923827226   1.923865745   117.318878995422   118.867004782572    122.17936063663   125.060908517111   111.693915925944   111.735853445674
#[time: 1.93]
#[time: 1.94]
#[time: 1.95]
#[time: 1.96]
#[time: 1.97]
  1.978941885   1.978943503   120.343457228996   118.867004782572   119.818913936713   120.537197521528   110.070372538927    110.04664858859
#[time: 1.98]
  1.983429323   1.983939278   120.343457228996   127.718104863636   118.989843754724   119.082769557686    120.27039910581   119.055571355428
  1.988239141   1.988472612   134.322971353125   127.718104863636   127.589070126102   129.907876070053   130.249371664352   132.421782131289
#[time: 1.99]
  1.993888362   1.993933586   134.322971353125   135.724357137084   131.464262098799   131.085915745633   130.384789773779   130.125857891515
#[time: 2]
#[time: 2.01]
   2.01665152   2.016818128   134.322971353125   140.582581325877   134.741511547845   134.702941258969   137.520312818576   136.943207845334
#[time: 2.02]
  2.021374097   2.021495337   143.103154451739   140.582581325877   138.820028837082   141.359350676617   136.037649202747   136.345553242379
  2.027859384   2.028421908    148.90113417153   140.582581325877   149.052458665878    146.33433487599    144.08311429358   144.621862625863
#[time: 2.03]
  2.031804612   2.032386114    148.90113417153   146.468062260207   152.760574221175   147.629048923969   153.197822411384   151.955729811542
   2.03436612    2.03442849    148.90113417153   150.937948864774   151.438132332335   149.327565887286   146.483108846783   146.013781764193
  2.036179657   2.036390889   157.139949757449   150.937948864774   153.199857391309   154.800416313806   149.981310639995    151.08064789262
#[time: 2.04]
  2.043698219   2.043924966   157.139949757449   166.030555247795   158.414572660498   155.976749098617   161.347940343367   159.197559617178
#[time: 2.05]
#[time: 2.06]
#[time: 2.07]
#[time: 2.08]
#[time: 2.09]
  2.097452901   2.097765511   157.139949757449   159.149202748346   161.549846183212   166.824979407762    149.44712196763    149.82083276905
  2.098864608   2.099013969   177.586408063875   159.149202748346   158.840076781434   158.963890535012    179.40364804929   166.116313998536
#[time: 2.1]
  2.102978784   2.103175788     159.8445349278   159.149202748346   183.185666231013   167.375203471206   162.822962065534   162.560087072001
  2.107902425   2.108118234   146.289761929379   159.149202748346   160.938959263041   160.864581997927   145.948865172383   161.993262564875
#[time: 2.11]
  2.115975908    2.11628752   162.438662454504   159.149202748346   152.821168801893   160.820949610811   151.992688608549   151.359266806485
  2.119009619   2.119607017   162.438662454504    167.77871687906   166.758257320863   164.425271526507    158.53084776502   158.345104101241
#[time: 2.12]
  2.126669476   2.127417705   162.438662454504   160.919934421169   166.937726294242   168.895779483405    155.41126370498   156.461257069386
#[time: 2.13]
  2.131097992   2.131209867   162.438662454504      156.046188834   160.990376987891   161.527632491126   162.243272140408   159.364305550657
   2.13880509   2.139229699   161.747668538991      156.046188834   162.825208686265   161.508218409139   169.984485791981   163.671201875683
#[time: 2.14]
#[time: 2.15]
  2.150259198   2.150501176   157.082634595613      156.046188834   158.018241855894   158.351189377042   158.448762765718   158.164580466592
  2.155966731   2.155978901   157.082634595613   158.117614028396   157.836491569335   157.677349020536   155.729643844476   155.644086356806
  2.156645382   2.157428058   157.082634595613   128.044833484004   162.313512748073   163.081948987273   154.525497128141   132.586370349215
#[time: 2.16]
#[time: 2.17]
  2.171917437   2.171985899   131.666169671112   128.044833484004   158.587730920495   136.158562939743   130.294572278707   130.107497207045
  2.176214586   2.177239207   131.666169671112   117.826588844629   130.674103785406   130.366940133629   129.918207167807   124.108497383922
#[time: 2.18]
  2.182891572   2.183012255   122.034083369021   117.826588844629   137.928592802534   126.724571136446    117.06780556955   117.913459622391
  2.185117629   2.185441706   119.373410828405   117.826588844629   127.119904117772   125.752295406106   110.291882294988   110.812219192687
#[time: 2.19]
   2.19042712   2.190733157   119.373410828405   124.157582628142   118.699546859982   118.682804536915   113.743760230523   113.983443951245
#[time: 2.2]
  2.200469698   2.200839572   123.303389521819   124.157582628142   124.439693855252    127.01055953595   115.387589708388   115.543645690302
  2.203135381   2.203832148   122.611725994871   124.157582628142   126.519935807178   126.974116763371   132.408012429063   134.127215182016
   2.20633871   2.206593737   123.540031092572   124.157582628142   124.565746170234    125.72227882502   123.627514909092   123.425735809662
#[time: 2.21]
  2.212803361   2.212807679   125.882685438545   124.157582628142   127.731955702025   128.134066100061   121.985838449559   122.124821501976
  2.213337765   2.214029993   128.662490883902   124.157582628142   127.403656726941   124.879989626039   118.173643209952   119.332003764961
#[time: 2.22]
  2.229130947   2.229678775   129.555673598759   124.157582628142   128.395432404173   127.774175951444   127.556299433164   129.632486531837
#[time: 2.23]
  2.233781249   2.235453861   132.125791523933   124.157582628142   127.919544919917   127.438467872979   135.151220487459   129.491929867354
#[time: 2.24]
   2.24414921   2.244847652   134.428311563864   124.157582628142   134.293025760367   131.553245615146   131.784244700035   129.586764179158
  2.248299599   2.248311356   107.032851951545   124.157582628142   138.022161107721    130.71584885746   113.592492775214   125.541417240075
#[time: 2.25]
  2.250359864   2.250731261   125.223969641814   124.157582628142   114.718155548917   126.570244495531     117.4928655024   117.437445551897
#[time: 2.26]
#[time: 2.27]
#[time: 2.28]
  2.288276009   2.288834409   125.223969641814   129.725119605046   127.454305582037   126.916929486713   121.187511297461   120.708314772806
#[time: 2.29]
  2.290189671   2.290202846   120.601148661282   129.725119605046   129.403636473128   130.458231917617   125.575061712734   122.590810671164
  2.291850175   2.291951662   131.013494348615   129.725119605046   125.273496788212   125.336715103634    120.52671222593   120.960720547965
  2.298245169   2.298425331   131.013494348615    129.89533230603   131.568010469813   131.433683450765   126.460176017968    121.24636780316
#[time: 2.3]
   2.30531316   2.305797887   131.013494348615   132.233522547937   138.205969333991   137.491029071704    129.18549725776   125.943840204956
#[time: 2.31]
  2.319482926   2.319951859   131.013494348615   130.019447259677   134.913655375301   135.547068017861   130.296854989263   130.313587807553
#[time: 2.32]
  2.325493519    2.32592391   132.561974301588   130.019447259677   130.353110599647    130.36116756489   129.977196057419   131.596270048175
  2.328561457   2.328813298   132.561974301588   134.018900255534   130.406945729637   132.108743482458   130.014705550341   129.355845457803
#[time: 2.33]
#[time: 2.34]
  2.347902264   2.347917949   137.338088990474   134.018900255534   135.336068351234   135.561331072902   126.913605785349   129.579665706627
#[time: 2.35]
  2.355138243   2.355249268   138.778016175554   134.018900255534   138.278534327392   137.289816245441   129.827286740601   133.000681887515
  2.356176272   2.356286962   138.778016175554   139.616441362136   139.375680801942    137.33818515643    143.58113145989   144.097782173228
#[time: 2.36]
#[time: 2.37]
#[time: 2.38]
  2.389592544   2.389593738   138.778016175554   133.043350221482   142.698323979227   143.158051827026   143.450813753274   137.356246146895
#[time: 2.39]
  2.391644589   2.392266736   125.754799714461   133.043350221482   140.899959612876    137.66596292655   130.182162520867   131.004139956441
#[time: 2.4]
#[time: 2.41]
#[time: 2.42]
  2.421734582    2.42179645   125.754799714461   131.271677196626   132.530682617717      138.702049976   121.887032968495   120.813759024438
  2.428898911   2.428900964   125.754799714461   128.750110154498   128.879552801754   133.444516471713   118.278998904318   118.608601431563
  2.429864453   2.429870815   133.570543612203   128.750110154498   126.180212752556   129.842703705481   133.187418166645   131.647559162757
#[time: 2.43]
  2.438657385   2.439282669     126.7943237684   128.750110154498    134.02133953464   132.502581595574   122.595962153413    122.01318684736
#[time: 2.44]
#[time: 2.45]
  2.456195693    2.45621094    127.94579476241   128.750110154498   128.935786232598    129.55505304901    125.49908744339   125.399073024048
  2.456234537   2.456355926   128.035536240862   128.750110154498   130.576831891084   130.789746746709   118.594011502956   125.519770938247
  2.459556937    2.45957395   132.472235804773   128.750110154498   133.541603684661   133.996288764136   122.339430122936   121.605117744094
#[time: 2.46]
#[time: 2.47]
#[time: 2.48]
  2.479971246   2.480273737   132.472235804773   133.636693270207   129.478407022293   130.325552741461   124.630855031413   123.146693535777
#[time: 2.49]
  2.488929577   2.490487396   137.900410411346   133.636693270207    134.22367012747   134.283514514945   128.298283495148   132.394869644942
#[time: 2.5]
  2.505352372   2.505392338   137.900410411346   144.827417930964   142.068799691385   139.499461557598   141.346028161892   139.890635918695
#[time: 2.51]
  2.510622807   2.510647264   137.900410411346   130.440367706179   142.938331621906   144.794623848277   144.923948608099   135.792774895584
#[time: 2.52]
  2.521077496   2.521155515   125.499368307655   130.440367706179   130.697232735769   132.181347525333   127.785945629313    127.65860754331
  2.523541723   2.524581211   125.499368307655   120.518001896133   125.070624410109   135.655318024514   125.542350040867    121.47566096084
  2.528635433   2.529184531   123.439248486845   120.518001896133   123.152625860178   123.073170470873   113.410070645387   115.722924890036
#[time: 2.53]
#[time: 2.54]
#[time: 2.55]
  2.555639847   2.556158852   123.757075339158   120.518001896133   127.009073314063   125.992277815167   119.460123614698   120.785778565323
#[time: 2.56]
  2.563548882   2.563676369   122.714480458556   120.518001896133     123.1978676685   122.544112301735   117.143835003795   120.700973318957
  2.563984056    2.56400741   122.714480458556   113.324869214179   129.657096592981   128.031738743388   125.568902188442   118.444236314122
#[time: 2.57]
  2.570510643   2.570609062   122.714480458556   112.645165198166   114.951949581415   120.245056588197    121.42613702998   116.562049018126
  2.575279672    2.57543975   112.080040217047   112.645165198166   125.716333832735   118.317909427968   115.400782596128   115.906313300233
#[time: 2.58]
#[time: 2.59]
  2.597127105   2.597193576   112.080040217047   113.082279176886   113.823630448246   113.992523076137   116.282087962873   116.698783251918
#[time: 2.6]
  2.608332101   2.608632471   112.080040217047   116.794640840114   114.579624531838   114.727150931438   109.521170164457   108.364592409923
#[time: 2.61]
  2.610637987   2.610815031   112.080040217047   110.536118583961   116.176417995878   117.371682699924    106.67597389042   107.734030999177
   2.61473173   2.615580232   112.080040217047   109.320789122367   112.970496411338   112.592815008365   105.842685091554   106.198554400002
#[time: 2.62]
  2.621140604   2.621248311   108.659690478858   109.320789122367   115.781661669558   114.873374300055   100.607539538816   100.284930618876
  2.624310482   2.625948095   106.739190089812   109.320789122367   113.489788695145    113.75749104108   99.5404235206944   99.5721854364975
  2.628451227   2.628620363   106.739190089812   101.276311237103   113.870209505414   115.219384992248     106.7960287748   105.172902077648
#[time: 2.63]
  2.635676965   2.635680417   106.739190089812   107.356132700634   108.222730143974   106.117266363239    109.07673838128   109.406825291044
#[time: 2.64]
#[time: 2.65]
  2.654072292   2.654157113   114.328783758177   107.356132700634   108.904757527678   109.160569063089   110.330186481948   110.698491105366
#[time: 2.66]
  2.661157172   2.661344829   114.328783758177   122.349703159349   114.330051393009   112.492146166552   116.599165034929    114.01403251357
#[time: 2.67]
#[time: 2.68]
  2.682700748    2.68275038   123.795278528268   122.349703159349   119.841389349969   122.328025697272   117.345817671777   117.091628301853
#[time: 2.69]
#[time: 2.7]
#[time: 2.71]
#[time: 2.72]
#[time: 2.73]
  2.732033963   2.732111958   123.795278528268   119.345380300029   126.424957811529   125.662488879972   123.984963910167   122.976580227162
  2.733827904    2.73434616   121.732341508155   119.345380300029   125.987148589975   124.129899957175   118.665039925302   119.375843227051
#[time: 2.74]
  2.741867123   2.742559559   116.715500088654   119.345380300029   126.134388551876   124.935049719508   119.291544182987   120.245837776157
  2.742969811   2.743230764   124.899197472837   119.345380300029   117.701273849902   117.531250109677   114.880236343298   120.672714115115
#[time: 2.75]
   2.75662694   2.756935471   124.899197472837   126.066909522827   125.678449205015   123.063163761863   116.402496812668   116.392261226378
#[time: 2.76]
  2.765206413   2.765449142   124.899197472837   126.759477049228   125.468415314216   125.464913966143   124.503105405403   124.042866746613
  2.769077114   2.769189283   128.055229566429   126.759477049228   127.639058588578   128.155929763688   118.150306265126   120.243088659645
#[time: 2.77]
  2.773102319   2.773252686   128.055229566429   141.233422255597   134.229529106281   133.558293393908    131.05846948458   139.361957189125
  2.776641972   2.776759462   142.397848627391   141.233422255597   136.458262691007   145.113346202122   137.170400506883   137.247645159488
#[time: 2.78]
#[time: 2.79]
  2.797532479   2.797874375   151.921792079093   141.233422255597    145.15802819046   144.549524477887   146.350145144174   146.474151749018
#[time: 2.8]
  2.800598449   2.800963834   151.921792079093   155.016463913613   151.602110222751   148.159494541052   152.695583210032   152.449320304887
  2.801615009   2.801703669   151.921792079093    153.46240816688   153.933035660966   154.404867365378   148.556710718008    147.13500851159
  2.803354187   2.803469692   157.321571612186    153.46240816688   152.927259474607   153.049846749475   152.719371928128   153.886098548062
#[time: 2.81]
  2.813897706   2.814032649   157.321571612186   156.491008072276   155.353164371829   155.394138538545   151.769240945243   152.403404733724
   2.81700297   2.817073894   157.321571612186   148.668550647903   162.889692671142   162.412116255785   158.984196345672   153.024702517547
#[time: 2.82]
  2.821841159   2.821948416   145.446966606614   148.668550647903    158.10148634125   148.593229901128   149.865601524505   156.046702969272
#[time: 2.83]
  2.838826017   2.838877707   145.446966606614    144.59214712445   149.868011670291   151.317270058496   138.420813702515   134.618420666258
#[time: 2.84]
  2.849193947   2.849354018   143.990092930116    144.59214712445   147.046098033401   146.794250729804   137.374049956356   137.401624429601
#[time: 2.85]
  2.851671685   2.851751158   143.990092930116   149.082120917332   145.769662821493   145.916799508018   143.614754417443   141.133866266839
#[time: 2.86]
#[time: 2.87]
  2.877948236   2.878091552   151.333531243032   149.082120917332   148.005170661704   148.954769090699   148.514079436682   148.748661246017
#[time: 2.88]
  2.885742692   2.886762012   151.333531243032   152.003096361117    151.12983105481   150.951260709461   143.106304051459   142.739206977249
#[time: 2.89]
#[time: 2.9]
#[time: 2.91]
  2.909618277   2.910013996   150.133075470513   152.003096361117   150.672430479618   150.625276911296   152.542453232451   152.779124111272
  2.912867613   2.913053383   153.914927049174   152.003096361117   153.668531409298   154.147094574354   151.424520307835   151.752864835623
  2.917590031   2.918067494   154.633269115471   152.003096361117   157.539117951277   157.151567540814   147.939429496319   148.736902473729
#[time: 2.92]
  2.925384241   2.925721615   154.633269115471   158.093900788572   154.570341563611   154.319130275979   158.362967425169   158.776978077493
  2.927250044   2.927730437   154.633269115471   155.986414694657   158.044403197185   161.166601191654   154.731076061378   154.305862607963
#[time: 2.93]
#[time: 2.94]
#[time: 2.95]
  2.950729424    2.95080676   154.633269115471   157.575264086379   157.584295132619   158.153228883345   146.607658552899   147.223651015003
  2.952431405   2.952801444   160.108921871569   157.575264086379   159.283729785897   161.790524001899   151.075036806201   150.601476528526
#[time: 2.96]
  2.958977326   2.960193597   160.108921871569   165.916780821268   161.774485229735   161.122928043495    162.46117448565   161.620845194542
   2.96029849   2.960716797   160.108921871569   153.137580433344   166.692982172169   168.745510599223   155.562271937856   157.342649801827
  2.961228477   2.961230797   160.108921871569   159.524370837923   161.059167120935   157.931473813578   151.820182460506   151.954199597853
#[time: 2.97]
  2.979531352    2.97961981   160.108921871569   166.646140018214   159.522568266132   159.602644453196   157.574662527346    157.42384911473
#[time: 2.98]
  2.984765538   2.985977217    177.84514735828   166.646140018214   166.727295365826   169.402365063257   169.617127334686   171.191395826327
#[time: 2.99]
  2.991774023   2.991918018    177.84514735828   180.367478048534   174.639827031385   171.342563547702    175.46024338214   174.680944106472
#[time: 3]
  3.000163815     3.0001827   185.741428243909   180.367478048534   178.064095937384     181.2973627449   180.152343130122    180.26938400292
  3.000309299   3.000355147   185.741428243909   187.672896724088   182.938919487741   182.979617674963   188.597946698966   179.362556783134
  3.007914168   3.007953436     192.2753797626   187.672896724088   192.686005042443    194.11237823288   186.334301493143   188.424279727661
#[time: 3.01]
#[time: 3.02]
  3.022818686   3.023446328   181.961386294323   187.672896724088   197.575760475388   194.764761138224   186.990862948538   193.552805783969
   3.02394187   3.024189709   181.961386294323   182.883593742663   190.197726105554   195.322533965884   175.408081102235   174.405616086037
#[time: 3.03]
#[time: 3.04]
  3.041931711   3.041979474   184.854830026844   182.883593742663   185.981558858992    186.35784325165   175.122210704865   175.185123448866
#[time: 3.05]
#[time: 3.06]
  3.068114206   3.068188036   178.148215901628   182.883593742663   185.126907132975   184.253077511721   176.258393391883   186.425940428722
#[time: 3.07]
  3.072298911    3.07237865    190.94099186933   182.883593742663   182.484720360377   177.641998451523   189.910876594195   188.059635986336
#[time: 3.08]
#[time: 3.09]
  3.095227155   3.095539873   175.709032376641   182.883593742663   195.949404248266   191.154424497645   175.212136876886   174.519395816757
#[time: 3.1]
  3.100936904   3.100988302   175.709032376641   178.145091690285    181.93569554547   186.876905505531   169.658108793926    169.41964827538
  3.105648917   3.105741482   175.709032376641    176.97065419271   179.311993042142   180.146228421905   179.954585416147   180.547175620575
#[time: 3.11]
#[time: 3.12]
  3.122158398   3.122302419   179.347038545023    176.97065419271   179.886958825924   180.453810353577   168.878131150511   168.946215646567
#[time: 3.13]
  3.134090019   3.135166833   179.347038545023   180.009862918131   182.189800112623   180.644564148006    174.14494526325   174.269003645216
#[time: 3.14]
#[time: 3.15]
  3.152955868   3.152998286   179.347038545023   185.143866662926   184.177894702586   184.437121509379   185.719176640783   179.414240902565
  3.153424117   3.153517235    180.41071184224   185.143866662926    186.38778990355   190.652235909024   176.021623325146   176.611448754224
  3.154839692   3.155938328   187.973766220692   185.143866662926    185.40409677019   187.438840490342   181.811348397468   182.994789668392
#[time: 3.16]
  3.165385376   3.165964667   188.003384786196   185.143866662926    195.38026207138   193.291263768944   178.526667364959   178.216024871081
  3.168919818   3.169513667   188.003384786196   188.895711868492   187.673210659383   187.356039181274   197.458336126551   199.188067522425
#[time: 3.17]
   3.17896615   3.179329803   188.003384786196   192.163313150574   192.437971652606   193.013259766358   182.606997703212   181.771810775039
#[time: 3.18]
  3.189153271   3.189215899   191.323949062863   192.163313150574   190.657333829703   191.314443039105   185.288583124219   185.168581826234
#[time: 3.19]
#[time: 3.2]
  3.202199614   3.202336625   191.323949062863   206.306905649387   193.256728972531   193.590400958008   198.716407620612   199.362641469772
  3.207745124   3.207947802   205.114384847495   206.306905649387   199.759097355127   207.395943230273   198.927732798361   198.739544206018
#[time: 3.21]
  3.210520155   3.210623221   200.939956399914   206.306905649387   212.403192225824    213.12159847167   200.477578960582   199.054212422894
  3.213142703   3.213873609   200.939956399914   199.064983934637   206.409799040154   209.759215013757   195.472606160505   195.763930514663
#[time: 3.22]
#[time: 3.23]
#[time: 3.24]
#[time: 3.25]
  3.257780529   3.257798453   200.939956399914   202.135580297554   201.777054213367   200.995981272655   196.138445680382   196.198539688955
#[time: 3.26]
  3.260442063   3.260541803    222.58332775686   202.135580297554   201.798943085615    201.99199012476   219.023333548251   211.220422856955
  3.263026239   3.263146831    222.58332775686   220.964618887901   224.671022857612   212.525524711646   214.195991647899   214.394297962768
#[time: 3.27]
  3.273011052   3.273059245    222.58332775686   224.428503712832   222.445307044096   222.174841158138   216.601113260772   215.937949949604
#[time: 3.28]
  3.285725496   3.285899174   226.087341796122   224.428503712832   228.289869303834   229.244226650309    216.30450118666   216.613200504918
#[time: 3.29]
  3.298380287   3.298754023   221.386431549837   224.428503712832   226.448012454936   226.104001794894   223.286057428341   227.849770771904
#[time: 3.3]
  3.306194673   3.306287163    222.29593816476   224.428503712832   223.426170646044   223.623149438852   212.110452677011   217.361719126666
  3.308243765   3.308761065    222.29593816476   226.243163117452   228.198737638121   228.742056517428   221.451923809733   220.137790182995
#[time: 3.31]
  3.315796136   3.316342221   223.907274206565   226.243163117452   226.767994685232   227.939608688693   222.008886148197    221.12458168504
  3.318455956   3.319182961   223.907274206565   226.343937557671   226.801594042294   227.791633135456   215.621722032688   216.043352831529
#[time: 3.32]
  3.322773668   3.323466954   228.493244890074   226.343937557671   227.805284751586     228.7080372967   219.845906069924   219.517510014616
#[time: 3.33]
  3.331585919    3.33230737   228.897004431891   226.343937557671   227.510696271674   228.638790529582   220.893844056331   222.896122713595
#[time: 3.34]
#[time: 3.35]
  3.352342472   3.352352205   228.897004431891   234.037989860583   228.282572231266   227.987575302832   236.315425228655   241.055760991068
  3.359849975    3.35987089   234.557945645186   234.037989860583   232.055084856862   236.958644934811    231.50073221002   232.330892083939
#[time: 3.36]
  3.365878789    3.36604462   234.557945645186   230.187665214212   238.160308369055   237.906920970362    232.12548648184    232.26544389158
  3.366808966   3.367062733   234.557945645186   230.498069842778   236.294083417686   233.698334342937   229.646118114865   231.285940061582
  3.368671542   3.369569642   238.648681507349   230.498069842778   235.017036646546   229.946256557644   245.878116734385   238.434451320857
#[time: 3.37]
  3.377127654   3.377679378   238.648681507349   226.037530732633   241.660505566932     233.5117671046    246.30597572159   229.476000958701
#[time: 3.38]
  3.381628457   3.382210502   231.249139903251   226.037530732633   241.857392744451   235.775839921008   221.481158296893   220.849010572042
#[time: 3.39]
#[time: 3.4]
#[time: 3.41]
  3.410206253   3.411557262   231.249139903251   238.699475568329   230.873947718731   229.854828028195   234.842261230158   233.636356098394
#[time: 3.42]
  3.420365727   3.420373442   240.264985787541   238.699475568329   238.677998417698   241.933310749765   230.515173262216   231.082925509044
#[time: 3.43]
#[time: 3.44]
#[time: 3.45]
  3.449622227   3.450509573   243.352904458395   238.699475568329     244.0884092242   243.779545629699   235.589125099795   237.962353744365
#[time: 3.46]
  3.468514828   3.468615214   243.352904458395   246.402721443639   242.997722370783   242.584314947821   239.429587181466   236.616027889711
#[time: 3.47]
#[time: 3.48]
#[time: 3.49]
  3.493238987   3.493601503   252.817023054047   246.402721443639   247.861874054795   242.849694848396     245.4618586373   248.188280335205
#[time: 3.5]
  3.504938787   3.505146915   252.817023054047   261.512074025273   256.658598543623   251.432217033409   256.886459004179   256.570950459051
  3.507860303   3.508061781   252.817023054047   227.193730076593   258.231368404764   262.346053663558   250.591444918308   235.273506180114
  3.509365351   3.509824774   252.817023054047   257.669696340257   251.374363372303   236.037974443851   249.553625633421   248.820321519198
#[time: 3.51]
  3.511637237   3.512460211   252.817023054047   261.151258676282   258.323699343225   259.935666774942    257.01116564811   257.601282313935
#[time: 3.52]
   3.52305663   3.523061614   257.751784002802   261.151258676282   257.790027089668   261.689041332148   250.233632890485   250.995820966764
  3.527055701   3.527237171   257.751784002802   262.522417746901    262.99343002759    266.03691307789   259.979301497217   264.998577464395
#[time: 3.53]
  3.533631072   3.533930549   268.291825055797   262.522417746901    262.43433885855   264.771446854597    268.28638285242   267.073145829061
  3.535431402   3.535699396   258.209341244368   262.522417746901   270.794712747495   268.134425365497   260.692448768398   262.514252515764
  3.538485997   3.538549592   263.466735833843   262.522417746901   261.988972199983    263.62461667855   255.445145100222   256.018152711841
#[time: 3.54]
#[time: 3.55]
  3.550229714   3.550796843   263.466735833843   272.414338804387   267.503316677406   267.139166557864   270.050186817007   275.420749712148
#[time: 3.56]
  3.561766026   3.561811715   263.466735833843   259.650013057631   270.805247259982   277.750484707783   267.685932269523   262.814468165154
  3.568923734   3.569481105   263.466735833843   264.446856129381   264.164605077614   263.515449470363   257.813899575552   257.391207388964
#[time: 3.57]
  3.574236809   3.574361656   257.951327298245   264.446856129381    264.88956658931   265.317459317629   262.034977640635   262.592540449595
#[time: 3.58]
#[time: 3.59]
  3.593265768   3.593657312   268.275111108144   264.446856129381   266.130555864928   268.835349118026   258.875013431466   257.995719891161
#[time: 3.6]
  3.605679438   3.605822437   271.773658873881   264.446856129381   267.845978293213   266.988288633482   261.975396232589   261.942313191491
   3.60686083   3.607019572   271.773658873881   272.436990118491   274.788992173794   266.737368834672    263.67682477393   263.683749651831
#[time: 3.61]
#[time: 3.62]
  3.623970001   3.624046112   273.212546158756   272.436990118491   275.670363069331    275.94741461276   274.147977198942   273.691831609499
#[time: 3.63]
  3.629999665   3.630315304   273.212546158756   275.632803211908   269.530497528033   276.397110772095    269.69172369917   268.382851159414
  3.631509543   3.632003397   268.522424810283   275.632803211908   277.567008351468   271.313857005822   268.200511277335    281.59696874963
  3.633310941   3.633851006   280.152067108659   275.632803211908   275.626320936404     279.1255641607   271.553561724722   270.923314979479
  3.634720193   3.634771869   278.515635935188   275.632803211908   282.112297837346    278.43682421166   272.929548390286   273.302816586841
#[time: 3.64]
  3.640383368   3.640736953   279.502686206719   275.632803211908   282.582447454346   280.866739140505   275.540836719828   276.845728957252
  3.641037633   3.641438068   281.338031916414   275.632803211908   278.350419689655   277.836326461817   279.147200041813   278.543632774756
  3.642506273   3.643089054   281.338031916414   276.780890967494   283.936755057191   277.655159814911   291.567287158311   283.275904259398
#[time: 3.65]
  3.650339846   3.650350873   283.829511941656   276.780890967494   283.368017513423   281.497062119537   278.090648004765   278.787976446021
  3.653349914   3.654099058   283.829511941656   292.253774841368   286.627075632635    282.95236344517   285.257146604587    282.67219724627
  3.658853604    3.65899738    298.08922011563   292.253774841368     289.2813552713   290.992404700418   297.767910612237   293.388849389138
#[time: 3.66]
#[time: 3.67]
  3.674938633   3.675673914   301.282859301689   292.253774841368   297.297875896362   295.533717474312   310.784280919022   300.260706115028
  3.677799874   3.678320155   301.282859301689   305.030063658011   299.147993269433   296.762454361633   294.796887210478   294.593272711708
#[time: 3.68]
#[time: 3.69]
   3.69389889   3.694112248   301.282859301689   301.855179148514   310.555363615465   312.961811951507   291.981447823744   291.657083443208
  3.696687212    3.69669366   301.282859301689   304.849503780122   304.006657564962   300.655488101955   297.945588022702   295.982454046296
#[time: 3.7]
#[time: 3.71]
  3.717869638   3.717923629   301.282859301689   310.741556446009   304.172703495149   304.864715480396   306.048474955994   306.162669755898
#[time: 3.72]
  3.721863133   3.722297251   304.716005225454   310.741556446009   307.615507023918   308.666615209668   305.295791317777   303.972068117047
#[time: 3.73]
   3.73845816   3.738589453   305.464452094445   310.741556446009   309.412092352395   310.795778844824   313.242503132472   318.657228957405
#[time: 3.74]
#[time: 3.75]
  3.752025644   3.752221226   305.464452094445   304.599130042248   307.965068952159   306.788490544476    313.85676010322   312.972765389647
#[time: 3.76]
#[time: 3.77]
#[time: 3.78]
  3.780425902   3.780429025   306.778559218869   304.599130042248   309.455743255261    309.12254639513   303.207481627956   303.938282099545
  3.782827552   3.782951458   290.843875408174   304.599130042248    309.54591718746   308.771111114428   293.554632556529   305.485655091528
#[time: 3.79]
  3.792680493   3.793288957   290.843875408174   293.802992384145   292.831395892271   308.229865285361    285.19201733304   285.552654331878
  3.797241267   3.797282238   290.843875408174   293.000481639282   292.380467277863   292.891546687014   285.026743315241   284.827896415521
#[time: 3.8]
  3.804050405   3.804441381   302.050690717386   293.000481639282   294.730237670198   295.896965282618   303.659175908005   298.186542523744
  3.805775106   3.806199009   290.870398176514   293.000481639282   302.727970800395   298.966142881345   292.708613001023   293.655986257239
#[time: 3.81]
#[time: 3.82]
  3.820038572    3.82008605   292.346941903183   293.000481639282   294.805839514214   295.775174604273   283.118706228796   283.108550538558
  3.828178305   3.828327361   288.197878629367   293.000481639282   294.570329904131    294.85900899609   290.019112106379   297.446135001438
#[time: 3.83]
#[time: 3.84]
#[time: 3.85]
  3.849438655   3.850051918   288.197878629367   289.255856142426   292.737840196492   297.681832152673   295.838635404933    298.07550490124
  3.858270278   3.858318112   288.197878629367   302.707595065801   292.731174231494   293.051711132219    295.21076915595    299.34787439832
#[time: 3.86]
  3.862706156   3.862867995   303.480308682107   302.707595065801   289.544396124519     309.4001482286   313.806780795252    312.17842427897
  3.863783597   3.864062873   303.480308682107   302.699988667088   305.451462454704   305.322129059953   293.850230114311   293.975413862994
#[time: 3.87]
  3.875703901   3.876066807   308.475161930036   302.699988667088   311.955738857849   311.432924046798    310.76536138647   306.863098391563
  3.879335783   3.879341112   308.089892681503   302.699988667088   308.559040432867   306.623112469777   299.777814958055   302.252578755386
#[time: 3.88]
  3.883289508   3.883471881   303.374237574867   302.699988667088   307.854746144554   306.951448987193   296.119811052323   296.251953260285
#[time: 3.89]
#[time: 3.9]
  3.901168529   3.901351099   299.301644967845   302.699988667088   305.232068330491   301.157241436448   301.125932679514   301.176811333829
  3.909083612   3.909107782    303.75920788344   302.699988667088   302.199544384319   302.801759278883   304.019487699732   303.938587997761
#[time: 3.91]
  3.912284636   3.912569663   307.492720274803   302.699988667088   304.202668798605   303.989061993632    300.09669113569    300.96207983647
  3.917991584   3.918169037   307.492720274803   311.360832294832   303.241248383734   304.217206529395   304.303777746769   302.541862181602
#[time: 3.92]
  3.921047646   3.921881948   307.492720274803   311.638640071073    312.40662344051   314.892262575994   306.261547218133   305.954200781795
#[time: 3.93]
  3.934495623   3.935318993   307.492720274803   311.348650393938   311.502971257217   313.441178818461    310.14854555271   312.319236194708
  3.935415329   3.935467126   307.492720274803   312.338458691719   309.988549530123   311.049915590913   301.765733912675   302.498604373609
#[time: 3.94]
#[time: 3.95]
#[time: 3.96]
  3.962773125   3.962851561   318.764994601107   312.338458691719   311.909309822926   313.467557825729   315.374642886882   315.418664120746
#[time: 3.97]
   3.97146664   3.971504109   318.764994601107   313.808999799485   320.285162335226   316.970017263809   328.093775375623   321.991362940614
  3.972409092   3.972776723   317.083377440476   313.808999799485    317.22374607041   316.829340202393      308.349663791   308.090418652885
#[time: 3.98]
#[time: 3.99]
#[time: 4]
  4.006392345   4.006564078   317.083377440476   312.731836812207   321.257477878823   318.409491138372   309.105383917345   308.965479138274
#[time: 4.01]
#[time: 4.02]
  4.021402651   4.022686776   313.914653802323   312.731836812207   314.867370551253   314.886127894776   304.098075000589     307.8977336109
  4.028474908   4.028558847   313.914653802323   319.539275955157   313.811986667806   313.244814278569   310.322199294895   310.211432274076
   4.02886916   4.029078807   313.914653802323   310.443436301944   318.584709588593   321.415740518686   310.649386500402   311.019681893309
#[time: 4.03]
#[time: 4.04]
  4.044554201   4.044774062    316.81295515501   310.443436301944   315.180849539339   314.550092119547   307.615264141332   311.335949652944
  4.045654771   4.045813799    316.81295515501   320.973790375499   317.877939191445   315.292316975856   316.822844363181   316.257726200632
#[time: 4.05]
#[time: 4.06]
  4.064559705   4.064831999   323.279556753824   320.973790375499   321.555721250901   324.789728188286   321.245650919258   317.423760250348
  4.066108922    4.06701274   319.909032435167   320.973790375499    322.44191275046   322.333009077505   314.414322396923   314.479814279057
#[time: 4.07]
   4.07320712   4.073233651   315.737254086367   320.973790375499   322.254552826458    322.81089559091   314.651706326075   312.896047047322
#[time: 4.08]
   4.08479978   4.085061764   322.370144364425   320.973790375499   317.713977013559   319.710256763907   317.644043171153   319.320201870425
#[time: 4.09]
  4.091368138   4.091388166   322.370144364425     325.1659838064   325.336453559068   324.994195038733   320.758348732365   319.630769899252
  4.097591758   4.097704591   326.493550154389     325.1659838064   327.088834863491   329.042464140588   319.708627734264   321.559891358294
#[time: 4.1]
  4.104633385   4.104735699   326.493550154389   330.485099174521   327.843492612296   327.465156829415   319.510207680419   320.500529877481
   4.10698659   4.107545078   320.978832927866   330.485099174521   330.073604359272   330.640863835657   327.895836050156   338.083956456692
#[time: 4.11]
  4.118043112   4.118742433   331.382214269776   330.485099174521   328.860700923945   334.734826561314    328.63287189973    330.63400719663
#[time: 4.12]
  4.120811561   4.120886777   333.701174062693   330.485099174521   333.519529620167   333.190325028603   331.671479180773   327.402140909737
#[time: 4.13]
#[time: 4.14]
#[time: 4.15]
#[time: 4.16]
#[time: 4.17]
  4.179057667   4.179185941   333.701174062693   339.871692168137   336.079231633408   331.622299984137   336.103728437937   335.778290325482
#[time: 4.18]
  4.181415291   4.181534083   333.701174062693   319.091626053538   337.522692777325   342.321540551591   336.180008897232   323.838610805442
  4.185491244   4.185498179   333.701174062693    332.35872579527    332.18037950333   323.932142372131   324.629977392723   324.536802532455
#[time: 4.19]
#[time: 4.2]
#[time: 4.21]
  4.219418417   4.219515795   333.701174062693   335.443005446351   338.362918229214   337.645133634676   332.926091917593   332.289015579856
#[time: 4.22]
#[time: 4.23]
  4.231862725   4.232073037   333.701174062693   332.928813327198   339.846433737138   341.050776894005   339.469899350116   336.995632762418
   4.23579605   4.235891286   333.701174062693   338.077707517835   335.534647034712   335.285439247661   332.327412262356   332.066042136492
  4.236865584   4.236872839   332.170813415386   338.077707517835   336.079927967842   336.143832165852   335.193719170181   333.853794374827
#[time: 4.24]
  4.240121654   4.240324993   332.170813415386   331.486158614604   337.094033908671   341.048811413442   333.590758801026   333.378215035332
  4.240422108   4.240568521   332.170813415386   332.710918487114   335.411194653451   335.120713694458   324.673263754276   322.615419233009
  4.240778382    4.24079964   334.703245107539   332.710918487114   329.953528421585   334.779298813576   325.946075179739   326.238155900184
  4.243178918    4.24322825   334.703245107539   335.582282899303   337.878895180607   336.962735491333   336.588218067708   336.926812126384
  4.249215081   4.249620288   334.703245107539   333.345153295518   336.124127074461   336.354881047597   334.013812896244   332.929923442041
#[time: 4.25]
  4.251095888     4.2511932   336.008917552879   333.345153295518   333.354725344574   333.426678521859   325.546115584687   325.600238562455
#[time: 4.26]
   4.26537628   4.265830832   336.008917552879   336.767813897205   335.235274763561   334.767479385281   329.062879535072   328.137973889223
#[time: 4.27]
  4.272725909   4.272931878   336.008917552879   338.505098918312   340.684021349846   341.137635903282   329.456844404374   329.159838224655
  4.275784134   4.275934539   336.008917552879   342.153022804858   333.571133397309   340.965827668531   339.096080329358   339.227386267266
#[time: 4.28]
#[time: 4.29]
  4.296480041   4.296733423   345.037427215645   342.153022804858   340.755302242274    342.59112434075   335.145299096855   336.704985250323
   4.29879497   4.298814052   345.037427215645   346.410088547427   348.311267808457   346.764735987954   340.621260520571   338.705470662785
#[time: 4.3]
  4.300983007   4.301439438   352.091090997699   346.410088547427   350.644930193398   351.653505185811   351.173194674806   348.370094557856
#[time: 4.31]
  4.317225675   4.317312381   352.091090997699     360.7253164011   351.038656365605   349.820814770655   356.545075203418   356.656602055959
#[time: 4.32]
#[time: 4.33]
  4.333168751    4.33381604   362.825295746563     360.7253164011   356.645055079519   358.742560267023   359.204743143838   359.236919564843
#[time: 4.34]
#[time: 4.35]
#[time: 4.36]
#[time: 4.37]
  4.379490388   4.379664208   345.635627359147     360.7253164011   370.035485836841   368.405199365883   349.289539000764   358.899169373563
#[time: 4.38]
  4.382671099   4.382689725   362.565463482881     360.7253164011   343.174575093456   362.093383738422   358.568709936438   358.763453183332
  4.387020218   4.387071945   362.565463482881   365.200356664305   367.203071014628   366.417317007228   362.661677771128   364.787935704409
#[time: 4.39]
  4.398544275   4.398610365   367.864944968853   365.200356664305   366.914472370948    368.40861517057   357.890173366112   357.893589905179
#[time: 4.4]
#[time: 4.41]
  4.414109263   4.414343124   367.864944968853   373.376591978801   374.340448412812   372.603855230259   362.976426896218   363.817539744813
  4.415796143   4.415909643   376.914575819164   373.376591978801   370.633118721551   370.638923787278   370.749925781149   372.078868308826
#[time: 4.42]
#[time: 4.43]
  4.433876251   4.434151607   376.914575819164   384.653238297163   381.187651878686   378.718535022512   381.480943373502   381.829555201482
  4.438279004   4.438463109   387.860622824578   384.653238297163   381.474731352344   383.080889777516   377.601216844612   377.866019453095
  4.438476791   4.438555552   387.860622824578   388.796716440584   391.896686340724   390.399634328659   384.844925087948   384.558760273343
  4.439532934   4.439555683    406.94209179412   388.796716440584   390.282091048489   390.493024957062   403.965423951558   393.431923983223
#[time: 4.44]
  4.445277198   4.445318671    406.94209179412   425.623258035886    409.09283701677   396.818525188497   414.148495491051   423.724079677723
  4.448305705   4.448430774    406.94209179412    412.54509825994   415.798565833239   430.885489088969   407.570549285708   406.460984114359
#[time: 4.45]
#[time: 4.46]
  4.465134603   4.465143861    406.94209179412   414.607058460684   412.373185716211   414.326256724144   407.977747665574   407.742685066773
#[time: 4.47]
  4.471808172   4.472068962    406.94209179412   402.310480026141   409.734153752137   419.879111889963   402.385923873881   403.679960728973
   4.47751058   4.477763126    399.26530272181   402.310480026141    411.61851286533   408.399870052971   403.338069372096    405.99544632835
#[time: 4.48]
#[time: 4.49]
#[time: 4.5]
  4.501056609   4.501208894   401.055361935697   402.310480026141   401.698797603181   402.209816376003   399.174292143613   398.001657071895
#[time: 4.51]
  4.517789803   4.518454971   407.665966525779   402.310480026141   405.356231544395   405.777894758879   407.523988998884   404.990720562502
#[time: 4.52]
#[time: 4.53]
#[time: 4.54]
  4.540779305   4.540940962   407.665966525779   410.309838882991   404.806609068606    404.87109155755   400.851866901748   399.872467131167
  4.546570419   4.546871608   407.665966525779   401.595873086903   416.379138307587   418.275249791945   403.436377391382    391.72440716776
#[time: 4.55]
  4.557944651   4.558000344    405.93535607403   401.595873086903   408.675375730756    406.68312913708   395.943046898926   398.250035564404
  4.559620883   4.559740856   406.046390526987   401.595873086903   407.227714566141   405.922582323104   396.722012103732   397.830855768471
#[time: 4.56]
  4.565132436   4.565189202   406.046390526987   413.586110681357   411.126740470098    408.87375840092   407.007152860962   404.352173017343
   4.56927787   4.569362397   406.046390526987   410.718951385724   411.781586574028    418.26594841186   405.441813072782   404.431363996118
#[time: 4.57]
#[time: 4.58]
  4.583820652   4.583844977   406.046390526987   409.333242820714   409.435453062286    410.01132152554   410.689640003367   414.735700072843
#[time: 4.59]
#[time: 4.6]
#[time: 4.61]
#[time: 4.62]
  4.628758054    4.62889679    407.77706635564   409.333242820714   413.831504836472   415.959001508161   401.227683766556   401.353117380519
#[time: 4.63]
#[time: 4.64]
#[time: 4.65]
  4.654851215   4.654937816    407.77706635564    391.89815724826    410.69836267278   411.191871664236   417.391145943165   396.927915073436
  4.658057708   4.658554562   377.849667975262    391.89815724826   405.254276974804   398.679143938185   378.602406666451   391.102640372578
#[time: 4.66]
#[time: 4.67]
  4.675053297    4.67538445   377.849667975262   381.211138182309   382.023547404557   393.979304769263   372.507476344838   372.000041300027
#[time: 4.68]
#[time: 4.69]
#[time: 4.7]
  4.707763684   4.707802952   377.849667975262   372.433706822332   382.173460669968    383.55777970927   387.683743430325   379.698271035766
#[time: 4.71]
  4.715252503   4.715589699   382.092880380322   372.433706822332    382.15918268275   379.357491402421   381.761740000909   373.000608755099
#[time: 4.72]
   4.72919199   4.729860526   382.092880380322   378.837160936851   382.303591165862   377.707154261975   390.939839829797   386.110756541211
#[time: 4.73]
  4.731766618   4.731898066   382.092880380322   378.798317982378   383.397009774827   382.040042079783   380.711362875096   381.786135200694
#[time: 4.74]
  4.748408273   4.748906698    379.47838223766   378.798317982378   382.194558454459   381.609476359302   369.660511714966   369.843369602347
#[time: 4.75]
#[time: 4.76]
#[time: 4.77]
  4.775898103   4.775965086    379.47838223766   382.217217724802   384.908256064544   384.504643365984   374.294613486678    373.46908290258
  4.777588034   4.777664038   383.332798422699   382.217217724802   384.120388241396   385.516634292888   373.683760160023   374.086155821988
#[time: 4.78]
  4.780928735    4.78113601   378.371218313575   382.217217724802   387.231920760828   386.607812382398   385.871543618427   388.199225052781
  4.782132911   4.782138524   381.677381313099   382.217217724802   379.408421872519   382.550567803802   375.806698919454    375.40144632752
  4.788377817   4.788443948   381.677381313099   377.254275140851   382.714210608865   382.782992938507   377.023461844833    378.03682596454
#[time: 4.79]
#[time: 4.8]
#[time: 4.81]
  4.816396115   4.816603134   381.677381313099   371.047624901715   381.409502441266   380.770963546035   380.633065390961   376.791908040157
#[time: 4.82]
#[time: 4.83]
#[time: 4.84]
  4.844538016   4.845236252   375.941572692821   371.047624901715   385.666501541133   379.626531574514   365.726229125691   364.925960634861
#[time: 4.85]
  4.850559386   4.851227542   375.941572692821    376.47275296414   380.098738668372   377.213478553408   376.322961335683   376.463165995864
  4.857061436   4.857616394   378.175966109188    376.47275296414   376.539313991413   376.592370492056   369.196827222077   370.048344925415
#[time: 4.86]
    4.8604883   4.860718087   377.355591138542    376.47275296414   379.270590415969   378.453904892524    368.82130285291   370.142424886462
#[time: 4.87]
  4.871840512   4.871913898   377.355591138542   372.834535920589   379.784595874842     379.3689006441   377.974180538986   375.067609860065
#[time: 4.88]
#[time: 4.89]
  4.897390466   4.897750527   373.826234939294   372.834535920589   377.117519181892   376.586657540122   363.583807682715   364.029069265978
#[time: 4.9]
#[time: 4.91]
#[time: 4.92]
#[time: 4.93]
  4.934066225   4.934792053   373.826234939294   370.085637021446    375.10683498513   374.942725222663   366.099019489426   365.731865719534
#[time: 4.94]
  4.942168091   4.942425312   373.103517892716   370.085637021446   381.105063482117   377.959588693309   372.014902747559   371.909894996566
  4.947203297   4.947371979   373.103517892716   375.808459924649   377.883043352367   372.646023990046   364.876068565037   365.358713320979
  4.948874851   4.948979519   379.181216682772   375.808459924649   381.137033526153   384.153982242287   383.257499802047   380.320908730296
  4.949817014   4.949856764   380.286843266934   375.808459924649   383.362488929816    380.01163689426   371.933424953124    374.20593054133
#[time: 4.95]
#[time: 4.96]
  4.959945829   4.960391561   380.286843266934   382.588000389398   383.996536647086   380.323251629632   375.515314812146   375.146794446747
  4.962582094   4.962664864   380.286843266934   372.091564067803   384.264015922182    384.36667246707   386.056520023391   378.890612157034
  4.968516519   4.968758969   380.286843266934   381.844312984599    385.62490211923   371.712643385569   380.094584816831   376.368309500756
#[time: 4.97]
#[time: 4.98]
  4.982624034     4.9834383   380.286843266934   383.410618857905   385.319875160724   385.873931631679   378.099474276952   375.324168510467
#[time: 4.99]
  4.999557665   4.999597113   390.788897195744   383.410618857905   386.907591784764   389.691822503936   384.984973335201   385.882752532228
#[time: 5]
  5.000015923   5.001235627   390.788897195744   398.908569082811    394.60670636176    390.17016461563    388.46765496322   388.595874166554
  5.001728038   5.002667607   390.788897195744   387.209667144083   396.416724054383   399.668927601998   387.302478333328   387.672458313442
   5.00492162   5.004985551   388.908127858686   387.209667144083   388.195952782583   388.757206981234   379.066875101604   380.922827693408
#[time: 5.01]
#[time: 5.02]
  5.021666618   5.021674758   388.908127858686   388.376027601775   385.619422733133    390.03355245364   380.211696357129   380.359754685332
  5.024576418    5.02463633   388.908127858686   384.282449480784   392.947684792189   392.765754392589    386.61618237654   386.598160898659
#[time: 5.03]
  5.031623111   5.031781901   388.908127858686   382.623552348927   381.430172850655   384.856140648704   398.979777725331    391.23866552791
  5.035385231   5.035420732   389.842804725897   382.623552348927   389.853337081144   388.234281660378    395.34914614019   389.341678515182
  5.036616498   5.036666118   375.746972815283   382.623552348927   390.705979925886   386.893344719038   377.749688947141   385.074896426803
#[time: 5.04]
  5.040147434   5.041387337   375.746972815283   376.332145656961   383.129277147778   386.440801076652    383.86939599066   384.553121378426
  5.042176393   5.042371956   375.746972815283   380.078067190367    375.41294456075   375.366435020382    375.05146374586   373.678785991322
#[time: 5.05]
#[time: 5.06]
  5.063659912   5.063912939   381.317970473885   380.078067190367   377.659238825108   377.544914379897   387.132338287873   386.163785831348
#[time: 5.07]
#[time: 5.08]
  5.085145698   5.085283928   368.339434562417   380.078067190367   381.514948225435   381.148495388382   373.333163072596   384.306902902991
#[time: 5.09]
  5.095245547   5.095374902   368.339434562417   379.303021891127   375.318439866903   377.104052946804   373.580021848265   375.056619410204
#[time: 5.1]
  5.101596135   5.102292398   374.947413932457   379.303021891127   373.708852128696   377.528630643124   383.290746106585   388.938903274221
#[time: 5.11]
#[time: 5.12]
#[time: 5.13]
  5.131784886   5.132867432   394.500030907397   379.303021891127   379.302825830754   380.277343938764   394.402213883115   387.202940324423
  5.136494198   5.136526088   394.500030907397   397.565223337156   390.528688028767   386.186549151012   403.914714526317   407.749931958953
#[time: 5.14]
  5.149698921   5.149770882    392.29687400155   397.565223337156   401.319486569989   403.975616881975   398.642348179386   401.002470545698
#[time: 5.15]
  5.152093565   5.152141476   395.784040488106   397.565223337156   396.161889244952    397.41990585656   399.206810744148   399.993291387781
#[time: 5.16]
  5.163638254   5.163643984   395.684777957845   397.565223337156    398.98630740543   399.776476046764   403.558922814694   406.161087075744
  5.169784088   5.169973082   395.684777957845   393.116293341923   397.994657433738    398.61904120023   400.860191233533   393.008949176222
#[time: 5.17]
  5.177310818    5.17770534   398.524531689034   393.116293341923   396.891730153916   395.569608964487   404.186685213555   396.584854968765
#[time: 5.18]
#[time: 5.19]
  5.193056873   5.193176158   398.524531689034   396.508819145726   398.222969197943   397.132380896439   397.996455240839   397.912858353712
  5.196216275   5.196722117   398.524531689034   399.810770892572   401.790136562089   400.689643096013   391.413021682994   390.553855761592
#[time: 5.2]
  5.204966038   5.204993271    400.73227146876   399.810770892572   402.482252044664   403.199539658771   404.691778781447   403.028004828166
#[time: 5.21]
  5.211143503   5.211779288    400.73227146876   404.086355492346   403.218806919741   402.642841212019   400.683147929133    399.81928547228
     5.216217   5.216396228    400.73227146876   403.582888308116   405.170328704159   406.875058230702   399.139421752846   402.696943684588
#[time: 5.22]
  5.220172956   5.220197292   404.525545749127   403.582888308116   405.888715035265    407.64622969084   400.119545805005   400.365658333311
#[time: 5.23]
#[time: 5.24]
#[time: 5.25]
#[time: 5.26]
#[time: 5.27]
  5.278163935   5.278338054   404.525545749127   411.802939195519   407.792473324263   407.173323401406   400.563986204135   401.332215355311
  5.278503033   5.278664099   421.322831099089   411.802939195519   411.257911681296   415.592394462077    411.71494615514   413.243646966739
#[time: 5.28]
#[time: 5.29]
  5.298899137   5.298971002   409.869875576066   411.802939195519   419.748479304215   417.408781130467   418.938642551966   421.489616313715
#[time: 5.3]
#[time: 5.31]
  5.317817229   5.317865405   409.869875576066   411.918816447643   412.519943929578   413.653822351221   410.530651505854   412.219072901933
#[time: 5.32]
  5.323497984     5.3237255    414.09215897589   411.918816447643   412.851056489995   413.730513730466   410.883380716711   413.084989372752
#[time: 5.33]
  5.329741246   5.330091415    414.09215897589   414.641522838016   419.408716673294   417.966153820603   404.120994276487    404.28182241583
#[time: 5.34]
  5.347212115   5.347394336   418.752519840771   414.641522838016   416.686080768688    416.74873602142   410.276224034676   410.696918202781
#[time: 5.35]
  5.351144657   5.351635185   418.752519840771   415.219599020771   419.314120128751   417.333519981065   416.735908788976   416.804234448589
  5.355011939   5.355262966   402.903647805355   415.219599020771   420.884320666024   419.236709166721   408.207208399365   418.128969074204
#[time: 5.36]
#[time: 5.37]
#[time: 5.38]
  5.380029072   5.380032297   402.903647805355   403.840785825124   409.806113311922   412.582847527122   397.852391665658   397.933015225999
   5.38908386   5.389396639   402.903647805355   400.130789022411   405.181326312832   405.318861344428   413.221739141953   409.880865105912
#[time: 5.39]
  5.397306451   5.397455791   402.903647805355   407.507358452681   406.051642434204   404.966585796109   400.011468883552   399.718617234044
#[time: 5.4]
  5.400877102   5.402634344   402.903647805355   408.350294662317   407.159927805222    405.24950819247   406.100953082091   406.732464463519
  5.408062198   5.408280386   424.884569487674   408.350294662317   407.296790443889   408.885285860337   421.459847680268   413.036653555691
#[time: 5.41]
  5.413243755   5.413555549   424.884569487674   432.568311176091     423.5639245758   415.865913825119   428.677742248042   427.859585108533
#[time: 5.42]
#[time: 5.43]
#[time: 5.44]
  5.449433501   5.449591606    430.63003196269   432.568311176091   432.388415011085   437.705438189773   433.290496598712   433.938087677743
#[time: 5.45]
  5.456591842   5.456659994   433.976273772849   432.568311176091   432.697490001661   432.844917177956   424.093903338015   426.374676312824
  5.456745393    5.45675959   433.976273772849   440.206323783656   433.187167642824   433.223941578209   437.591415462076    438.27029024455
#[time: 5.46]
  5.460086684   5.461000837   440.941620601969   440.206323783656   437.611324819073   439.822366395992   440.440738491593   440.832686776858
  5.468429842   5.469243175   440.941620601969   456.556428518619   442.062635193696   441.874744913515   448.035871916905   452.011167645202
#[time: 5.47]
  5.470305554   5.470360627    442.97472826468   456.556428518619   449.814699338797    456.65551034616   448.767042459587   454.825248986152
#[time: 5.48]
  5.486599915   5.486620483    442.97472826468   448.229465565874   449.577143580257   458.402106336341   437.890698371764   438.271336435397
#[time: 5.49]
  5.491214716   5.491558042    442.97472826468   435.712913134037   446.645852314137   449.291340696106   452.618872952897    443.26105822573
  5.498226558   5.498394107   434.129932932692   435.712913134037   447.546491930345   442.785594390081    431.03395073415   426.595273609902
  5.499663189   5.499688064   434.129932932692   432.203148639102   439.381056170771   440.526641671555   426.497275193103   426.216610469046
#[time: 5.5]
  5.504064614   5.504437652   434.129932932692   441.560032382656   432.614999063357   433.027435333423   437.920597036651   438.076141021084
#[time: 5.51]
  5.509893115   5.510082413   434.129932932692   441.387535553285   440.414995006473   445.280198909315   432.554404749488   432.386805642381
   5.51907035   5.519410816   434.129932932692   449.019706392392   441.773034329961   445.457717017983    440.70926250537   448.241555089101
#[time: 5.52]
  5.523038912   5.523179078   434.129932932692   446.080766817926   439.883392711682   454.449260457348   440.547720479209   442.550396374746
  5.528210974   5.528538071   449.987638089424   446.080766817926   439.416562870168   444.494416238538   444.289792239524    438.55627350931
#[time: 5.53]
#[time: 5.54]
#[time: 5.55]
#[time: 5.56]
  5.565999249   5.566217679   452.423182966327   446.080766817926   450.849536656051    449.37843173455   445.974699004152   446.773087420177
  5.567550242   5.568030841   437.167106582313   446.080766817926   453.337077512318   451.655424913121    441.45045420807   441.301706522288
#[time: 5.57]
   5.57861284   5.578676505   437.167106582313   438.852080116268   443.665528536521   447.298156249434   444.999772847204   446.527084665935
#[time: 5.58]
  5.581841245   5.582017819   437.167106582313   417.954352151675   433.717773468389   441.357516343785   440.664749812511   425.144764304788
#[time: 5.59]
#[time: 5.6]
  5.607371098   5.608038278   415.415952907974   417.954352151675   437.088347548162   419.026895533268   420.310013688952   425.384241968852
#[time: 5.61]
  5.614806909   5.614852167   415.415952907974   416.409643547864   419.401266246605   420.679581937363   414.052060153874   413.862589499774
#[time: 5.62]
  5.621354152    5.62147399   415.415952907974   429.800372168856   415.954634035919   415.955798102579   420.951236070445   421.144178438007
   5.62157433   5.621679826   415.415952907974   416.725529992752   422.217794689471   431.627656963737    425.35559998241   426.963913598177
  5.627427928   5.627809404   415.415952907974   444.906058317632   416.087768027672   416.126975338891   423.788273555023   438.479353136623
#[time: 5.63]
  5.632397226   5.633562556   452.239251432744   444.906058317632   424.318907732473   449.972175912264   454.394326372119   451.195288205325
  5.635191664   5.635636168   447.762954787128   444.906058317632   450.856489723563   448.262266917004   437.356342456582   438.299254644133
#[time: 5.64]
  5.645718678   5.645937096   447.762954787128   446.830251153782   449.716710524543   446.455475359666   438.220090883518   438.604752538724
#[time: 5.65]
  5.655360148   5.655502392   454.236981355389   446.830251153782   449.209917177755   449.063675429309   452.197290353826   450.862328017189
  5.659063913   5.659932826   458.110393518067   446.830251153782   452.826302321335    451.06929277481   454.672852911896   450.253106013121
#[time: 5.66]
  5.663464064   5.663572542   448.000182390495   446.830251153782   463.591422244328   455.189026241089   442.402135954783   442.670622168133
#[time: 5.67]
  5.675546856   5.676049986   448.000182390495    453.92581631427   452.024431829447   451.574377189781   449.219312495001    448.37890442404
#[time: 5.68]
  5.681766913   5.681867086   463.898252055976    453.92581631427   451.118741318206   453.386795637812   464.950253638595   460.164256941294
#[time: 5.69]
  5.696609889   5.696634852    470.51701945041    453.92581631427    469.06699976681   457.491190706722   468.063824605291   458.179599707911
#[time: 5.7]
   5.70177746   5.701959334    470.51701945041   478.743213066267   462.149871370751   462.260017879334   474.533442728462   472.555079243892
   5.70752246   5.707577253    470.51701945041   472.844011465081   475.328660368214   479.317788208591   462.640433528953   462.854091762762
#[time: 5.71]
  5.712828487   5.713568131   471.750229703689   472.844011465081   476.360847314584   477.189123185744   464.422096376709   464.456850576352
  5.718982685   5.719448025   471.750229703689   477.756548240635   472.168304056648   472.139695196553   474.754643794964   474.751500811779
#[time: 5.72]
  5.729369528   5.729578361   480.767431409651   477.756548240635   474.937912276614   475.458716500042   470.584990826949   469.880072733024
#[time: 5.73]
  5.729815369   5.730062205   480.035345217522   477.756548240635   477.138993122642   480.851870769483   479.143336153787   479.047754761523
  5.734976796   5.735315263   480.035345217522    480.70304112433   482.674881184888   481.516401737723   476.286135400384   475.583799330314
  5.736110376    5.73616549   480.035345217522    479.52086568305      481.591542131   481.647685853348   471.742665284935   471.895442013795
#[time: 5.74]
#[time: 5.75]
  5.751534535   5.751849441   482.467375655157    479.52086568305   484.496895700794   484.375674347396   474.414472644421   479.632303566323
#[time: 5.76]
#[time: 5.77]
  5.773287552   5.773500719   482.467375655157   471.036224681213   488.064501180027   483.560240649274   479.242037866905   462.412020838833
#[time: 5.78]
  5.781286271   5.781820171   482.467375655157   478.699528614775   483.910511776387   479.241704570281   474.570421995627   475.965246053824
  5.782576498   5.782659727   482.467375655157   478.921756651343   480.984857867874   480.932529192609   489.559564736734   485.902168334445
#[time: 5.79]
#[time: 5.8]
  5.807828827   5.807934501   469.418236780642   478.921756651343   483.093625766032   481.369204267884   477.890539885431   486.933011771396
#[time: 5.81]
#[time: 5.82]
   5.82778888   5.827915218   469.418236780642   470.447752816724   476.358223527957   481.575792171417   469.420608574466   469.350096021966
#[time: 5.83]
#[time: 5.84]
#[time: 5.85]
  5.859052052   5.859302767   472.468757151445   470.447752816724   469.481862486497   471.424822450221   468.174215142813   468.559060370921
#[time: 5.86]
   5.86645122   5.866746686   472.092862884592   470.447752816724   475.846261605474   474.902717629626    466.59171918346   467.891421293649
#[time: 5.87]
  5.875757869   5.876470295   468.271199359425   470.447752816724   473.044011303043   472.634688719699   468.982973060873    475.97306258682
#[time: 5.88]
  5.886781315   5.887100085   471.766329418009   470.447752816724   474.131693066037   475.304622639427    464.27042471804   465.145923502687
#[time: 5.89]
  5.892290159   5.892291204   471.766329418009   473.898073498531   473.262049097858   473.045032847144   464.604496476752   464.269842334408
#[time: 5.9]
#[time: 5.91]
  5.915616008   5.916229141   471.766329418009   467.133827850523   475.366816708611   476.405936708992   465.568081738432   466.363280906925
#[time: 5.92]
  5.922625434   5.922783475   460.595006351276   467.133827850523   474.909776123247   472.836806817469   464.525876723726   467.959988484233
#[time: 5.93]
  5.936251184   5.936562215   469.112877891809   467.133827850523   466.448207498332   470.294894678396   469.270260236075   469.042700486833
#[time: 5.94]
   5.94175561   5.941928911   469.112877891809   475.763948465146   469.738560356926   469.371732449183   474.201237386373   476.802187024659
#[time: 5.95]
  5.951875549   5.951893653   477.314272951095   475.763948465146   474.414839959417   476.551961716018   466.948825546847   467.376092353257
  5.958566298   5.958814107   477.314272951095   461.256021414573   477.119869239493   477.057205638141   479.472507730374   470.205897167491
#[time: 5.96]
#[time: 5.97]
  5.971954335   5.972675292   477.314272951095    478.17578700657   484.023998384101   468.211129779618   467.601902071406   467.767971785456
#[time: 5.98]
  5.985464337   5.985555359    480.86412845261    478.17578700657   480.801691561264   481.083999020299   473.744553805389   479.188230892361
#[time: 5.99]
