# command line: ./generate_stepping_data --cb 0.1 --k_b 60000000.0 --runtime 6.0 --framerate 1e-10 --eqt 0 --cm 0.4 --ls 10.49 --dt 1e-10 --eqmpost 224 --seed 1.0 --lt 23.8 --eqb 120 --k_ub 75.0 --ct 0.2 --nomovie --exp-unbinding-constant -0.35 --eqmpre 200 --label paramSearch-fitparamsrun2



#********paramSearch-fitparamsrun2__k_b-6e+07,k_ub-75,c--0.35,cb-0.1,cm-0.4,ct-0.2,ls-10.49,lt-23.8,seed-1,dt-1e-10********
#time_unbind, time_bind, nbx_bind, fbx_bind, nmx_unbind, fmx_unbind, nmx_bind, fmx_bind
#[time: 0]
 0.0010240671  0.0010870226   14.3635275848384   13.3970554070164   7.00690231432819   11.2959907606026   13.9372543804112   18.3572982614468
  0.008714529  0.0087344523   14.3635275848384   14.9045529790463    17.537105622897   17.0428303346527   8.88996409418601   8.44022690532189
#[time: 0.01]
 0.0138868957  0.0138883898   8.37475657321113   14.9045529790463   17.0173265920045   17.1240711867491   12.8403083111278    14.672157379696
#[time: 0.02]
  0.028745137  0.0287590946   8.37475657321113   12.5136335185472   12.0865691349649   19.0178863426796   7.42657695686764   6.31011625553152
#[time: 0.03]
 0.0340197334  0.0340321772   8.37475657321113   13.3933688921826   13.9630657046025   15.7392369750073   10.6961677803764     9.054168973635
#[time: 0.04]
#[time: 0.05]
 0.0519060614  0.0519549937   8.37475657321113   9.04619037554075   11.5996307044637   12.6121582903458   6.55614995142608   6.33034969282299
 0.0553083712  0.0553089264   8.37475657321113   31.3404222044632   10.8434186497161   11.1064214475734   18.0278303890161   28.4602157249882
#[time: 0.06]
 0.0669943526  0.0670649588   44.0131427509792   31.3404222044632   17.3860548369254   34.9238284375449   34.4375554441609   35.6250347510523
 0.0674762711  0.0674886697   29.5135441400974   31.3404222044632   47.3471513635127   34.3365906558998   21.3338323846348   21.5545025062299
#[time: 0.07]
#[time: 0.08]
 0.0852527191  0.0853168717    29.450380490273   31.3404222044632   31.6436080952257   31.8546229423886    34.696173521992   35.9724831251091
  0.087637794  0.0877446117    29.450380490273   28.9298367654798   32.1800597977463   32.8962384091197   23.5493462458871   23.6588963960093
#[time: 0.09]
#[time: 0.1]
 0.1008540798   0.100888762    29.450380490273   31.2657760500217   31.7482081052869   31.6472760566669   30.5816308197639   30.6305536425057
#[time: 0.11]
 0.1141898634  0.1141982157    29.450380490273   22.8380755250119    34.275322458071   35.2520417347919   35.0935537133022   29.2598314310504
#[time: 0.12]
 0.1286516992  0.1286815256    29.450380490273    31.454484756628   28.8118698167141   26.6472079436494   26.3917266956586   25.2365678108098
#[time: 0.13]
 0.1331447075  0.1331474834   23.5999514411118    31.454484756628    33.932674272076   35.1489820371792   26.3389033496557   38.5186198053835
#[time: 0.14]
 0.1468359437  0.1469441163   37.4940304584184    31.454484756628   29.2333073227202   33.1897701730013   30.1258795121576   32.7017677340536
#[time: 0.15]
 0.1513180336  0.1513869144   37.4940304584184   38.2291469034777   36.9835601462988   34.1373415930014   27.7015704289637   27.8719800494977
#[time: 0.16]
 0.1627780641  0.1627897834   39.7457186603062   38.2291469034777   37.2720010428883   37.2219806904887   35.0159917932022   35.6657618909976
#[time: 0.17]
 0.1753357638  0.1754673523   39.7457186603062    41.719859007454   40.5756599977988   40.1676704257648   35.6780180737073     35.80269757599
  0.177114319  0.1771176231   39.7457186603062    43.632453942722   45.1093878396412   46.2589373901861   44.3830290627506   42.2613490809396
  0.178036514  0.1782038148   39.7457186603062   25.5197602617988    43.784100982817   45.3842655739373   37.8811519210567   33.0582952721556
#[time: 0.18]
 0.1823661412  0.1823972941   39.7457186603062   45.0512569031794   41.2752424569237   32.6880843719998   43.9824669597841   48.3062369355129
#[time: 0.19]
 0.1959209105    0.19593947   48.6874603674671   45.0512569031794    46.043848836331   48.5963537895251   42.7592261506134   45.4421464374075
#[time: 0.2]
  0.202798432  0.2028312585   48.6874603674671   51.1103921944818   47.9727665322415   46.8416001773412   41.1046569578124   40.6529098420719
#[time: 0.21]
#[time: 0.22]
#[time: 0.23]
  0.233725218  0.2337271688   48.6874603674671   48.1552149933788   51.9881379693476   52.1904650126869   40.8921014625052   41.4911704360717
 0.2370076968  0.2370349556   48.6874603674671   40.3727825374201   50.1108184408716   49.9364922810819   52.9033044107012   47.3450268383656
#[time: 0.24]
 0.2496679612  0.2496782829   48.6874603674671   49.4513058778884   48.0693112842413   45.8247864961118   41.0304317091805   40.3442399574925
#[time: 0.25]
 0.2553817526  0.2554649327   48.6874603674671   29.7037365825073   51.6171939855834   51.9038731372533   55.4797532635702   36.6583143922119
  0.258414362  0.2584415223   48.6874603674671   27.4449210274392   46.5198775116648   37.1233050588134   50.3476194120063   32.9865727596302
#[time: 0.26]
 0.2665406999  0.2665440447    28.094883657967   27.4449210274392   55.9951995401812   33.6293224557529   17.8829261019839   17.8521987916551
 0.2693280123   0.269334118   28.1393754166326   27.4449210274392   33.1821405580448   32.8880800577888   30.0617925914145   29.8432952739587
#[time: 0.27]
 0.2746608923  0.2747447087   25.6220326981814   27.4449210274392    27.099868344118   27.2896609275008   29.1303055713316   30.3836556709601
 0.2787203862   0.278767792   25.6220326981814     28.08628173721   28.0630455286847   29.2822722640061   26.8456468428331    24.724034465755
#[time: 0.28]
#[time: 0.29]
#[time: 0.3]
#[time: 0.31]
 0.3104313517  0.3104980609   27.5759948089378     28.08628173721   28.3026814814312   28.9306899760396   32.7127664585087   33.3349234461802
  0.310820857   0.310832316   27.5759948089378   30.0612529695362   32.9877400170987   33.1708835373274   20.4458524309376   20.1440766582364
#[time: 0.32]
 0.3258744297  0.3260204515   34.0710699459213   30.0612529695362   29.1126919938707   30.8734063046057   37.4120711744056   35.3010170859894
#[time: 0.33]
#[time: 0.34]
#[time: 0.35]
#[time: 0.36]
#[time: 0.37]
 0.3744007475  0.3744289969   32.6534363190692   30.0612529695362   35.5505012401566   34.0126782638694   24.5753235188352   28.0446886462172
#[time: 0.38]
#[time: 0.39]
#[time: 0.4]
 0.4039671295  0.4039673081   26.8446592626421   30.0612529695362   36.1973424639392   35.5310205887563   30.3081841016909    32.151203165105
 0.4054265422  0.4054544804   26.8446592626421   14.5120868611171   30.6501503298974   31.6039173798333   34.5827564010036   23.1748520566613
#[time: 0.41]
  0.410337575  0.4103432826   26.8446592626421   32.4655659880019   28.5002381368509   21.9053342697302   21.0654853274832     22.47216270087
 0.4114553722  0.4114789006   26.8446592626421   28.1438398437703   29.1212374035285   28.5505878579777    22.138512687905   22.0867235953671
#[time: 0.42]
#[time: 0.43]
#[time: 0.44]
 0.4484070712  0.4484185472   26.8446592626421   24.0640781171643   27.4933281341525   27.4929526131231   31.3956487614483   28.5585267170367
#[time: 0.45]
  0.451123518   0.451176288   26.8446592626421   29.7185533519222   29.0037960339094   25.3905949486164   27.9968733034742   31.0823187306636
#[time: 0.46]
 0.4655237307  0.4655237524   21.9337605716252   29.7185533519222   29.4735821491698   30.7949514660801   25.9564346457553   34.2422778305552
 0.4662729334  0.4662900057   21.9337605716252   27.2317725086434   27.2369737515905   29.7707015899681   19.5476182529487   18.4690886297322
#[time: 0.47]
#[time: 0.48]
  0.484616749  0.4846196485   21.9337605716252   20.1532686604527   25.7556909117244   26.5231824049823   20.5431029195474   20.5570958964576
#[time: 0.49]
 0.4974994987  0.4975885448   19.3372852390107   20.1532686604527   24.8284416264199   15.1081756181616    19.023094062687   17.7966879236035
 0.4991375641  0.4991588001   23.6134928559774   20.1532686604527   20.3155029420447   20.3611168060687   18.3422596035109   20.0729272439303
#[time: 0.5]
#[time: 0.51]
#[time: 0.52]
#[time: 0.53]
 0.5391049708  0.5391335569   23.6134928559774   25.6802962483624   25.5942493388424   23.9389601859125   25.0614268619161   25.4477939191158
#[time: 0.54]
 0.5466475082  0.5466745153   23.6134928559774   20.5359079589417   30.3662411864684   31.8628610994719   25.2531550928597   21.7773704763541
#[time: 0.55]
 0.5535117912  0.5535767806   23.6134928559774   27.4976048812495     25.69373264321   19.5794264288694   25.7338132618305   30.6324979832631
#[time: 0.56]
 0.5632397134  0.5632675888   23.6134928559774   26.0305756145027   27.9402874390383   30.0237467068722    26.648651038827   22.6326390773126
 0.5667313081   0.566741402   27.7090489582277   26.0305756145027   21.8048982677507   26.5408055771376    33.846261855812   27.6579115945542
#[time: 0.57]
 0.5758580871  0.5759393932   27.5239431088906   26.0305756145027   29.5236735934001   28.6948714114419   18.0551255614371   20.0777446159266
 0.5774854411  0.5775018541   29.1400729563728   26.0305756145027   30.7284203108086   30.2919987088534   22.9834045830729    28.213542225944
 0.5781762611  0.5782080351   32.1353765951954   26.0305756145027   31.7609714957286   29.8720881166547   27.0444935331326   28.1123550662225
#[time: 0.58]
 0.5838232708  0.5838848121   32.1353765951954   34.1962932556368   34.9951039237097   32.3956677540071   31.0726173421919   30.6680411514577
  0.584048894  0.5840536355   32.1353765951954   28.6146567414986    34.465143912451   35.0135375994081    34.602902212772    33.142480008181
  0.589474932   0.589577058   32.1353765951954   35.6443098647098   33.6416925193293   31.6438909710409   27.5462755788727    26.771472524306
#[time: 0.59]
#[time: 0.6]
 0.6014761893  0.6015419857   53.1841489411143   35.6443098647098    35.321788226844   36.6873642782489   47.8973658847728   41.4402101450939
 0.6066286126  0.6066489855   53.1841489411143   54.3404499130109    51.801166496007   40.6169401865878   49.6804285182569   49.5108505280682
#[time: 0.61]
#[time: 0.62]
#[time: 0.63]
 0.6342446835  0.6342538246   45.1170431408829   54.3404499130109   53.7556103791789   53.7618763061475   53.3225589346412   55.2790023771091
 0.6371930315   0.637258494   52.9681838607012   54.3404499130109   49.6508193551897   51.3000719708568    46.312362856096   46.3940400646026
#[time: 0.64]
 0.6406923933  0.6407886993   53.4713774406712   54.3404499130109   53.3703408743891   49.8529326269643   53.4698352165885   53.4141176000105
 0.6456407084  0.6456903578   53.4713774406712    50.685291254798   59.4812120521488   59.9223639027377   44.1058971414392   43.6914221332138
 0.6462510509  0.6462614565   47.5584090536502    50.685291254798   54.4021466078283   53.7541280420385   50.4364985286706   51.0429319291262
#[time: 0.65]
#[time: 0.66]
#[time: 0.67]
#[time: 0.68]
#[time: 0.69]
 0.6901481198  0.6901501159   47.5584090536502   29.0997694952277   47.6239462455624    50.724491403561   54.1509109598109   35.2629000695056
 0.6956655842  0.6958234847   47.5584090536502   53.1108099860792    45.371477895116   38.4213088426229   42.5431040513933   43.7458297962083
#[time: 0.7]
#[time: 0.71]
 0.7120159617  0.7120569412   53.7823328912781   53.1108099860792   53.7971064637644    55.415209409014   52.8582402771843   53.2290896018906
#[time: 0.72]
 0.7290739037  0.7291035386   56.3339705024522   53.1108099860792   56.7482640285603   56.4071603269357   46.2110541720246   47.4833621229514
#[time: 0.73]
 0.7316229977  0.7316615547   55.6418000718561   53.1108099860792   56.7741816306184   55.8734525048125   49.4053048628212   51.9254189129443
#[time: 0.74]
 0.7431507884  0.7431828681   55.6418000718561   56.6572381918905   56.5564604499645   55.9179888514863   49.2108359375693   48.7219690311681
 0.7480897947  0.7481690733   58.8952394682226   56.6572381918905   60.9406720761967   61.4672179592432   48.7941694997941   48.6193006590339
#[time: 0.75]
#[time: 0.76]
#[time: 0.77]
 0.7756278469  0.7756487817   58.9262214459497   56.6572381918905    64.290916957171   62.9719723713076   59.9819438682428   59.4080177074251
#[time: 0.78]
 0.7892019368  0.7893043574   58.9262214459497     64.86893925117   61.1832997329191   60.1319049952914   56.9924600098588   55.7413265454361
#[time: 0.79]
 0.7923455713  0.7923674498   65.5925852395497     64.86893925117   62.2274972538563   63.1851861900335   60.1613656477923   60.7490181449858
 0.7965897855  0.7966234208    66.171855654119     64.86893925117   67.0831446455211   66.8709771669672   56.4772944009356   56.1638736019422
  0.799886365  0.7999584272    66.171855654119   62.6369888436473   68.7186724120754   68.0301235798902   58.0819756082431   58.1632018870413
#[time: 0.8]
#[time: 0.81]
 0.8145109529  0.8145743289     67.70030044799   62.6369888436473    65.621704848703   64.9610331233322   63.3797135333087   63.7818099017998
 0.8146232234  0.8146319833     67.70030044799   67.1966222389859   72.2473174389568   68.4436862766276   71.7536477964334   67.8806165923009
 0.8171534139   0.817161795   70.6088918487663   67.1966222389859   71.3238892839981   70.9711335619905   61.3705151890739    61.957789947267
#[time: 0.82]
#[time: 0.83]
#[time: 0.84]
 0.8436250177   0.843699549   69.3625293556923   67.1966222389859   71.6120691460936   68.1084125058012    63.770655039122   64.8751099430054
#[time: 0.85]
 0.8573548028  0.8573630052   69.3625293556923   66.6430859160667   71.9068161800758    71.029828538574   61.1883670571154   61.4971410180284
#[time: 0.86]
  0.863546659  0.8635820964   69.3625293556923   70.0697391998025   70.6844218917206   66.7315241995228   72.9023620054837   73.7094441715917
#[time: 0.87]
 0.8720817071  0.8721332446   63.0854517056561   70.0697391998025   72.4076338994413   72.6562617409226   68.9314937019896   75.6536876447052
 0.8773138875  0.8773280961   81.9772528413232   70.0697391998025   67.6216137409996   69.3559002287448    75.574591987615   75.7396270152612
#[time: 0.88]
 0.8850894595  0.8851481584   72.2821937774329   70.0697391998025   74.3028600107797   75.7550963417499   66.8990433029718   68.1266317266331
#[time: 0.89]
#[time: 0.9]
 0.9080428929  0.9080506113   75.2553363765596   70.0697391998025   68.3175180522769   74.0748743112698   68.5944318081094   69.4716864420963
 0.9081050186  0.9081282556   75.2553363765596   76.7760986375744   78.2142473571889   75.6805288450619    72.894552812902   67.1978140076423
#[time: 0.91]
 0.9131533366  0.9132168565   75.2553363765596   76.9057676436133   78.4992133934694    78.819835934021   76.1675751151478   76.1893024249313
 0.9181752828  0.9182398627   75.2553363765596   73.8247720674996   78.5378137253483   79.6954778368707   68.7045401488671   66.0374964082476
 0.9195660166  0.9196912718   75.2553363765596   80.9353277524166   73.4731396384952   75.7558304644702   78.0768097974433   77.2808480463978
#[time: 0.92]
 0.9294485875  0.9294657609   86.0653434293256   80.9353277524166   78.5078096845844   76.7499103563807   83.0012861499616   83.2655245909809
#[time: 0.93]
 0.9340619102  0.9341276314   86.0653434293256   91.8369081278035    85.066622425458   84.1772652039621   81.9396627774571   82.4017805824268
#[time: 0.94]
 0.9412435517  0.9412986547   95.5189638680181   91.8369081278035   88.6669313228372   87.8220859444451   85.1756838496827   85.3446935037928
#[time: 0.95]
 0.9599512119  0.9599600153   86.2763752991818   91.8369081278035   96.9482389132983   94.8804752690857   93.4611868610428   99.1669035767253
#[time: 0.96]
#[time: 0.97]
 0.9701075537  0.9702113712    79.991107124761   91.8369081278035   90.9735709042564   95.5371252509723   88.0277231370302   96.7844801629345
 0.9705733407  0.9706794724   90.5032147100608   91.8369081278035    87.091256968592   92.3397856066529   81.9758270589645   82.1306299587974
 0.9711918643  0.9712149588   90.9662608622729   91.8369081278035   92.0807265893525   92.2336218267315   89.8238516076514   89.5747473520814
#[time: 0.98]
#[time: 0.99]
#[time: 1]
  1.008925494   1.008942229   90.9662608622729   91.9520402135137   92.0533018616419   92.2736963874045   85.6376513961621   85.4645374923123
#[time: 1.01]
#[time: 1.02]
#[time: 1.03]
  1.030773442   1.030775441   97.5970939888652   91.9520402135137   93.7122588998497   93.9342387684816   89.0275609943844   93.1188652403769
  1.032241864   1.032244952   97.5970939888652   101.713405195834   94.9492393902453   94.7188788813182   95.5789158374666   94.0256665524336
#[time: 1.04]
  1.047988069   1.047995219   97.5970939888652   83.6293465693699   100.562231133886   101.240783576657    95.171152294064   90.2599981917117
#[time: 1.05]
#[time: 1.06]
  1.060642664   1.060643426   97.5970939888652   95.7612627187125    96.566016621057   89.0008084393543   93.8111949080633   94.8467022729664
#[time: 1.07]
#[time: 1.08]
  1.081842631   1.081877322   100.937973208672   95.7612627187125   102.788340342306   101.713491636301   93.4725892412342   96.6032610380877
#[time: 1.09]
#[time: 1.1]
  1.101677654   1.101725616   97.9333388492608   95.7612627187125   96.5830065748645   98.7891008945446   90.1164873521761   92.0761742695404
#[time: 1.11]
  1.110467102   1.110473934   97.9333388492608   96.0644027115975   101.322954666774   100.708214638401   92.8347048407015   93.4129243942633
  1.111870954   1.111879028   84.6237102869469   96.0644027115975   99.9502345387407    99.235865007315   89.7068196125789   99.9940963465454
#[time: 1.12]
  1.121257821   1.121318158   84.6237102869469   89.7251118576746   86.4110196346392   95.7615976622379    85.839176248826   89.0719837624326
#[time: 1.13]
#[time: 1.14]
   1.14414475   1.144165799   84.6237102869469   85.8560472063189    87.042172130756    86.232611516582   78.2308076319025   75.5930798355341
  1.145515132    1.14563294   84.6237102869469   88.0001513254308   87.9379481198009   88.3993188727888   92.5628702212109   96.9861860446963
#[time: 1.15]
#[time: 1.16]
#[time: 1.17]
  1.173222598   1.173248396   84.6237102869469   85.2220878022205   86.8309073476208   87.7818013579345   77.6868465318424   77.3343625181295
  1.179078806   1.179083187   83.5347600179075   85.2220878022205   85.9812779026487   86.2138817204715   84.5425089683447   84.5943492326933
  1.179367952   1.179499207   83.5347600179075   84.2740747678595    88.056541707971   88.8342572689926   74.1879813456546   73.9498818366013
#[time: 1.18]
#[time: 1.19]
  1.199144249   1.199159774   83.5347600179075   82.6185444107362   85.6606441787956   85.8136739093939   76.0307987732254   75.9373793824314
#[time: 1.2]
   1.20542608   1.205443169   83.5347600179075   86.2936204638959   84.7586572423105   84.3162110710087   79.5622345491264   78.8084804905611
#[time: 1.21]
  1.214743463   1.214766501   92.2474932148344   86.2936204638959   88.6643486882203   89.8139664573293   82.3473424139683   81.0990066135605
  1.215614014   1.215667343   90.5018908756538   86.2936204638959   91.9411295736953   91.0786123041113   87.0266484781505   88.4285022467051
#[time: 1.22]
  1.223876978   1.223886017   85.6115473645475   86.2936204638959   93.0665256563347   90.4119757327479   88.1744464816281   88.7473159154577
  1.227694185   1.227737357   71.8050352899373   86.2936204638959   90.6536936764013   90.9469944115361   77.2665497207324   88.5882122176525
#[time: 1.23]
#[time: 1.24]
  1.242151924   1.242219511   72.4464946191005   86.2936204638959   81.3879847554002   87.0539669679064   79.9333253243158   94.4720921843039
#[time: 1.25]
#[time: 1.26]
  1.265059229   1.265074239   72.4464946191005   73.3013205158265   80.7245413313219   86.5284503013143   68.7220310459142   64.8944333999239
#[time: 1.27]
  1.278218468   1.278222335   72.4464946191005   76.7497374195069   72.6787502719461   72.2766688981983   75.1066068091827   75.2706458922676
#[time: 1.28]
  1.284157185   1.284166755   72.4464946191005   73.8945121829085   76.4118115601188   78.1166596958818   67.5060123150898   66.1147802780653
  1.284426635   1.284475212   72.4464946191005   80.9000955565185   74.9286842016309    75.793642771647   76.5523471807637   76.4205101122974
#[time: 1.29]
#[time: 1.3]
#[time: 1.31]
  1.317756433   1.317898407   72.4464946191005   69.2191900366362   76.9870878804558   80.3753693796686   72.9451447868674   72.1449258927922
#[time: 1.32]
  1.322641931   1.322742178   72.4464946191005   89.5794867783648   75.7066825100221   74.1967415350471   75.0351314458055   89.4843877438099
#[time: 1.33]
   1.33142258   1.331506299   86.9363813059446   89.5794867783648   80.5872505583319    85.217411355708   82.2211329102615   89.9664697177887
#[time: 1.34]
#[time: 1.35]
  1.351190827   1.351207369   86.9363813059446   93.3730316321928   89.3028867818173   89.4771328427944   87.8954995871291   86.3334194193422
#[time: 1.36]
  1.369492046   1.369534368    92.138951458084   93.3730316321928    90.697376023165   91.1233052551462   95.5263597306752    96.082086424374
#[time: 1.37]
#[time: 1.38]
#[time: 1.39]
   1.39264551   1.392662967    92.138951458084   90.3937492630071   96.7985336731675   97.1495333203993   100.456844976125   98.6691441296684
#[time: 1.4]
#[time: 1.41]
#[time: 1.42]
  1.421908517   1.421928128   93.9761046438866   90.3937492630071   94.8967962371724   94.1988374473697   89.7574470344406   91.2381554319701
#[time: 1.43]
#[time: 1.44]
  1.447541894   1.447584432   93.9761046438866   90.7862755970724   94.1963902298854   93.6526678142803    93.363790380084   92.5158608619029
  1.449460686   1.449473448   93.9761046438866    96.599368170637   94.7689824115766   93.8927078240865   94.1265828361628   93.3470579109994
#[time: 1.45]
#[time: 1.46]
#[time: 1.47]
#[time: 1.48]
#[time: 1.49]
#[time: 1.5]
  1.506126021   1.506127031   93.9761046438866   90.9941788294828   96.0263583362356    96.751176448367   93.0234254860071   92.8271696708724
#[time: 1.51]
  1.518097942    1.51810071   93.9761046438866   92.8821458218413   100.365879963729   98.9869418228059   86.9160108852277   86.7242540026269
#[time: 1.52]
  1.524274168   1.524327943   93.9761046438866   96.1860299070382   97.4423510131143   97.1743239558809    92.966520329963   92.4952461130391
  1.525571136   1.525666478   93.9761046438866   106.919734494979   95.5877464755942   95.7337442357966   100.355901349624   105.488425909246
#[time: 1.53]
#[time: 1.54]
  1.541014073   1.541060323    110.40699269078   106.919734494979   100.699309533368   108.738449036929   103.008914136998   105.156098935884
  1.543187101   1.543220329    110.40699269078   101.452277176894   113.076459885615   109.171399137749   119.092322997178   109.237725613403
#[time: 1.55]
#[time: 1.56]
#[time: 1.57]
#[time: 1.58]
  1.580841814   1.580868188   100.483395756031   101.452277176894   113.855040810096   108.842918478329   95.4253727351153   94.8437394590547
  1.585045905   1.585047579   103.562321890639   101.452277176894   103.745827992323   104.038168312573   93.4904207978915   93.2900560707703
#[time: 1.59]
#[time: 1.6]
  1.604971967   1.605019137   94.0244903523976   101.452277176894   106.610225718012   105.063658696228   98.4963197677858    109.79992334697
  1.605473473   1.605510909   94.0244903523976   98.1765664229019   102.006610734352   107.805054525895   96.9270094426002   97.1870084236825
  1.607058412   1.607091012   95.9647762496497   98.1765664229019    97.180682709784   98.9165982313179   98.5377137897522   100.025652201489
#[time: 1.61]
  1.615432888   1.615447192   100.319029319541   98.1765664229019   97.8080922289921   99.7727185300806   91.5027710602142   93.5150033473646
#[time: 1.62]
  1.628000929   1.628015163   100.319029319541   101.383132238882   98.0463661738871   100.761214983254   99.7021372928595   99.0600164275421
#[time: 1.63]
  1.632020039   1.632092043   100.319029319541   102.160574420235   103.991902570194   104.870332404448   94.3527614778011   93.0624615711022
#[time: 1.64]
#[time: 1.65]
#[time: 1.66]
  1.669904725   1.669931897   100.319029319541   105.439026182097   103.433106899045   103.509949203083   100.590389008758   99.6914821180866
#[time: 1.67]
   1.67365196   1.673774648   107.495812476514   105.439026182097   103.447878312812    103.57028453841   105.385724880304   107.089796738393
  1.677256383   1.677299655   107.495812476514   113.461524503849   111.660446391437   111.093463022738   109.796393457574   108.571191647714
  1.679870266   1.679872906   114.950091261805   113.461524503849    113.18185121404   118.687919672376   107.755571061923   108.035003474791
#[time: 1.68]
   1.68556904   1.685596888   114.950091261805   116.188148042449    117.09502675421   116.578177015539   109.516234526445   109.110006925065
  1.688280532   1.688405961   82.5648333814593   116.188148042449   116.815705914197   116.983254158831   92.0557361310485   116.211727655547
#[time: 1.69]
   1.69523709   1.695249222   126.586211110812   116.188148042449   91.8916046808321   115.833618861102   121.316753917058   121.348076882789
  1.699531976    1.69953391   126.586211110812   118.215394067937   130.422391518514   125.292150753887   123.410531042158    122.68421569617
#[time: 1.7]
#[time: 1.71]
  1.712194236   1.712229386   126.586211110812    127.45961543299   126.863902467811   124.165627610336   126.229210385561   126.175927158991
#[time: 1.72]
  1.720590692   1.720635714   126.586211110812   132.820940242396    126.80287318699   126.784747867647   127.933572524351   124.098799016925
  1.726400193   1.726490962    151.00386115399   132.820940242396   130.695483140472    133.50982413323   153.806354858178   136.811377027403
  1.728551305   1.728588469    151.00386115399   161.570365877817   152.088062883661   142.474333934816   149.096464570407   161.799251992041
#[time: 1.73]
#[time: 1.74]
#[time: 1.75]
#[time: 1.76]
  1.765295831   1.765317963   162.808381781898   161.570365877817   155.143777810745   169.616373707461   154.127829283049   153.980401386987
#[time: 1.77]
#[time: 1.78]
#[time: 1.79]
#[time: 1.8]
  1.800807319   1.800831007   174.869630775095   161.570365877817   166.947089767535   166.495295474327   166.189011154361   165.872637056836
  1.803696048   1.803755535   164.847271933327   161.570365877817   172.441626242841   168.206147334559   155.961500419602   155.765047791599
  1.807356046   1.807422911   164.847271933327   177.362991076636   168.709729324752   166.615703483298   172.061420041609   177.999014996373
   1.80875519   1.808834051   176.099066388772   177.362991076636   171.795283366374   179.334690530297   172.550629674961   171.707481339182
#[time: 1.81]
  1.813123965   1.813202624   176.099066388772   171.687552989415    175.41004219991   179.817768304169   180.439080762465   175.230506726866
#[time: 1.82]
  1.821291001   1.821309649   176.099066388772   177.042423269577   175.817582344505   174.555966714639    167.76003499559   167.638343660062
  1.823577691   1.823586087   178.443318489902   177.042423269577   176.133382710332   176.083195264783   167.969786312442   169.538014299321
#[time: 1.83]
#[time: 1.84]
#[time: 1.85]
   1.85012978   1.850205246   178.687264779749   177.042423269577   183.393445797883   182.730910673196   168.296463656172   167.971010129045
  1.859252875    1.85926502   178.687264779749   179.213920561787   182.001542715751    181.42627621348   177.906250145589   177.861922953807
#[time: 1.86]
  1.863325972   1.863329849   172.403588483651   179.213920561787   181.271796357787   181.349266235286   176.515051294651   179.314191246704
#[time: 1.87]
  1.879080528   1.879121378   177.937139250334   179.213920561787   173.783700293272   181.364863474265   181.885339828258   181.083216736918
#[time: 1.88]
  1.889469719   1.889697692   177.937139250334   180.260204624933   178.669755780086   178.715874819734   172.007727168207   171.548533709023
#[time: 1.89]
#[time: 1.9]
#[time: 1.91]
  1.918664917   1.918689369   177.937139250334   165.909560707648   182.113719524251   182.799871525233   185.953285549688    174.36902549006
  1.919077948   1.919079038   177.937139250334   176.145354228929    177.32470459172   171.578473345177   182.022489678487   180.644901956567
#[time: 1.92]
#[time: 1.93]
#[time: 1.94]
#[time: 1.95]
#[time: 1.96]
#[time: 1.97]
#[time: 1.98]
  1.984252089   1.984278476   177.937139250334    180.47801703804   178.405379161472    177.40881186247    179.29585386929   179.351161043406
  1.988736225   1.988756962   177.937139250334   180.593506273564   179.042989772573   178.991772380879   180.816780442129   182.392580718889
#[time: 1.99]
   1.99361014   1.993624936   186.466989070726   180.593506273564   183.872211394833   184.829779493838   176.295581064498   180.084938841621
  1.999287791    1.99932497   186.466989070726   184.603277567672   184.258410785416   183.713183456642   186.353794478327   186.231951545801
#[time: 2]
#[time: 2.01]
#[time: 2.02]
  2.022052116   2.022057879   192.261788866618   184.603277567672   184.913865324748   185.011950189216   192.184570257503    188.19843877546
  2.026796332   2.026803715   182.796730980299   184.603277567672   194.282348168706   190.871187261427   174.301292178195   174.640602111186
#[time: 2.03]
  2.033296496   2.033408603   178.264390006594   184.603277567672   188.807450027851   190.784541940256   184.289093820456   194.766522996144
  2.037301187   2.037305242   178.264390006594   179.706376456727   183.995856929966   186.437273001503   174.269041739242   171.002523045928
  2.037656389   2.037678966   178.264390006594   179.131549400746   179.515812219074   179.622601282232   173.917967735368   173.157235906848
  2.039936753   2.039999898   178.264390006594   180.945211072539   181.600332998885   182.285125806493   173.256996428453   170.829570420959
#[time: 2.04]
  2.041750265   2.041754538   194.651979671706   180.945211072539   182.748204922225   184.845092197808   191.438824482514   185.740248928649
  2.049295373   2.049316659   194.651979671706   196.107768426859   197.761312850862   187.701258956143   187.561637570833   187.288872710902
#[time: 2.05]
#[time: 2.06]
#[time: 2.07]
#[time: 2.08]
#[time: 2.09]
#[time: 2.1]
  2.103077722   2.103197839   194.651979671706    184.19292831978   197.572987568009   198.253617186967   198.104735212003   188.349378218699
   2.10451519   2.104586208   194.651979671706   197.329737353381   192.144751589129   190.426604478058   197.673441106753   198.873626350552
  2.108639978   2.108645886   203.854704973967   197.329737353381   200.798262634229   202.722048963628   198.468327729945   201.427950842175
#[time: 2.11]
  2.113589244   2.113614806   208.188743013772   197.329737353381   201.275498454054   200.999633360604   208.997423033569   203.115225118486
#[time: 2.12]
  2.121687429   2.121689092   208.188743013772   210.779785873335   202.410007210365    202.68768638546   203.572345833402   202.566490933655
  2.124762292   2.124777475   220.439244435461   210.779785873335   213.683864374328   215.482661765091   211.219730718045   211.038324819223
#[time: 2.13]
  2.132499507   2.132543623   209.711721271337   210.779785873335   220.775360117374   216.204360358599   200.475302586579   200.675393930171
  2.137020873   2.137058439   209.711721271337   207.867453681804   207.918473657705   211.874626551708   219.948799766784   217.372323108315
#[time: 2.14]
  2.144737934   2.144742336   209.711721271337   214.560749777589    212.14314099346   211.735791769315   209.300322965571    207.59802630444
#[time: 2.15]
  2.156247431   2.156279274   209.711721271337   220.769620241176      211.653818638   211.476333985475   215.048558654614   218.043712896355
#[time: 2.16]
  2.161983068   2.162094297   209.711721271337    212.56345148598   215.272853520761   220.042520024219   204.240357656758   204.406825915345
  2.162648265   2.162650388   209.711721271337   214.029362089812   214.938881715154   217.165478614486   206.081790739161   206.089214640924
  2.162693761   2.162756289   209.711721271337    213.36062699015   214.928064536947   217.209910332763   218.023017636847   221.778962893495
#[time: 2.17]
  2.178037638   2.178077178   209.711721271337   214.933562109158   214.907970319218   216.436208915496   206.164116105426    205.65839222274
#[time: 2.18]
  2.182338238    2.18236424   209.711721271337   218.688470018434    212.38187024632   212.657451872142   214.297593806174   220.180713568671
  2.189148139    2.18921847   223.915296291568   218.688470018434   215.976852345264   221.685981861758   218.136130763055   218.855489150905
  2.189246954   2.189266346   219.993761035262   218.688470018434   221.144062308375   221.280203340884   222.085009122076   221.464552336067
#[time: 2.19]
  2.191378384   2.191380835    224.38961710217   218.688470018434   225.625426288766   225.273099460394   224.100921935768   221.130689310169
  2.196730148   2.196734694   214.732047649955   218.688470018434   222.704426232599   222.094853798547    212.50667599124   211.159359784939
#[time: 2.2]
  2.206811491   2.206898216   214.732047649955   216.525180696321   219.271832406537   221.070451030796   208.075697350987   206.397840496341
  2.209514809   2.209519397   218.005874282396   216.525180696321   218.050827431091   219.036170718487   207.664444819142   209.328763405158
#[time: 2.21]
  2.210250087   2.210262174   217.075944375877   216.525180696321   220.709147633118   219.962196007885   206.819399538647   206.735179007016
  2.212808089   2.212811631   217.075944375877   218.636313894737   218.761857849863   218.276712121624   214.313157760818    211.77182450738
  2.219306539   2.219348683   219.585732582182   218.636313894737   221.262599112665   222.321178221344   211.749527921742   212.151816574074
  2.219835947   2.219846356   219.585732582182   221.517746430176   220.769453498197   219.341169565726     218.0701420868   217.337902729754
#[time: 2.22]
#[time: 2.23]
  2.235719669   2.235730697   219.585732582182   221.850901749696   221.217153517396   221.289660322418   214.575746741979    213.00528767684
#[time: 2.24]
   2.24044108   2.240527713   219.585732582182   225.047184485713   221.966406051655   222.264532834737   216.016170514537   214.808238695492
  2.241106155   2.241113403   226.142490528487   225.047184485713   224.330405073154   227.114014970334   229.826815317769   225.025654189403
#[time: 2.25]
  2.251016865   2.251025438   226.142490528487   228.821226581687   226.540984186017   223.480503847289   218.624999428123   218.944944381871
  2.255259036   2.255299021   236.945898102098   228.821226581687   230.169029382806    231.12436109988   239.600014275375   229.364016180123
   2.25731573   2.257368382   233.491679574043   228.821226581687    241.00275234378   236.833021578903   229.040887448704   228.930441167632
#[time: 2.26]
#[time: 2.27]
#[time: 2.28]
#[time: 2.29]
  2.295274086   2.295292775   230.694187534096   228.821226581687   239.579167679348    236.37698100108   221.713671931985   221.918423944485
  2.297259856   2.297315807   230.694187534096   234.403324726148   233.752252014675   233.033590230492   225.708902808764   225.568259316355
  2.298915136   2.298923917   237.707755690692   234.403324726148   232.895815672904   232.952548219242   228.219400050956   228.909079260479
#[time: 2.3]
   2.30532241   2.305324506   237.707755690692   237.066037593934   237.241503503381   236.929743221826   235.397448555624   235.656235100304
#[time: 2.31]
  2.312414248   2.312419652   234.689760659269   237.066037593934   245.003790205016   244.592708803611   232.933389087473   231.709506070091
#[time: 2.32]
  2.326647723    2.32667357   240.832998616267   237.066037593934   238.842651161108   240.067778707831   231.433389025431    231.09101581879
#[time: 2.33]
   2.33271757   2.332724622   240.832998616267   246.633656908738   238.583670509636   238.640149317308   243.553218679189   243.233910600585
  2.335841628   2.335842027   242.374894029687   246.633656908738   244.113801679276   248.535509568189   247.731571984911   253.301563693484
#[time: 2.34]
#[time: 2.35]
  2.355215506   2.355287303   242.374894029687   246.428379348779   246.616811611052   247.358088582158   239.151835215338    237.74574583745
#[time: 2.36]
  2.362444411    2.36249197    250.83343839255   246.428379348779   245.644321655921   246.907770193614   257.019994263565   250.945725222261
  2.363490337   2.363512712    250.83343839255   242.975852570144   251.584846622706   249.646419570374   255.642867051427    248.13301024374
#[time: 2.37]
#[time: 2.38]
#[time: 2.39]
  2.396917994   2.397007653   247.665544844576   242.975852570144   251.592659431245   247.971965263758   237.397275387971   238.715628226564
  2.398958188     2.3989748   247.665544844576    248.67700208835   250.052745609245    247.41290876545   242.073942999297   241.209955233439
#[time: 2.4]
#[time: 2.41]
#[time: 2.42]
  2.429128337   2.429128733   246.742682372534    248.67700208835   253.704383133081   254.578556831433   246.185783560854   245.922537466278
#[time: 2.43]
  2.436300825   2.436343348   250.404760622746    248.67700208835   250.053294123217   250.664229879749   240.017640544682   241.788318698882
  2.437261275   2.437281237   250.404760622746   249.547974767228   249.879042256324   249.554065533986   242.990087991136   243.395075018164
#[time: 2.44]
  2.446052375   2.446071773   250.404760622746   258.108274668176   252.733079056915    252.40149519198   254.261448937261   254.252299232148
#[time: 2.45]
#[time: 2.46]
  2.463670659     2.4636717   250.404760622746   253.187913057878   255.112395250584   257.320891410056   252.484174415487   253.157085624712
   2.46371136   2.463712075   250.404760622746   244.098946476973   253.566089923768   254.193012109504   246.952451998294   247.077368514741
  2.467049707   2.467077123   250.404760622746   253.270417951356   254.848140141374   250.242441041886   242.258704522217   242.783453546861
#[time: 2.47]
#[time: 2.48]
  2.487462642   2.487503589   258.404887355965   253.270417951356   253.993589804712   254.789408216478   248.056355073743    249.88049891797
#[time: 2.49]
  2.496455905   2.496478076   258.404887355965   259.075311238393   257.210387382407   256.836419195458    251.76422818278    251.55633589009
#[time: 2.5]
#[time: 2.51]
  2.513082234   2.513082237   258.404887355965   262.031207553397   263.501882931971   263.920340105905   262.126838839603   263.470560224269
  2.518357759   2.518380396   272.580684357705   262.031207553397   262.123437661149   263.139612739532   267.630070357219   267.392682863583
#[time: 2.52]
  2.528812601   2.528890675   257.090208154875   262.031207553397   264.756501231628   266.181788331244   259.376785476534   259.249447390532
#[time: 2.53]
  2.531276883   2.531363172   257.090208154875   258.003196658224   256.661464257345   267.246157871723   250.347554833403   247.791094693672
   2.53649655   2.536524126   259.832969551854   258.003196658224    256.81173423422   256.677293393703   255.856014966148   256.037415057428
#[time: 2.54]
#[time: 2.55]
#[time: 2.56]
  2.563570688   2.563620238   259.832969551854   272.401844911357   263.776067889404    263.11984684461   266.070548695818   270.127780278198
#[time: 2.57]
  2.571541182   2.571662831   268.515453779246   272.401844911357   264.296012068643   270.287121997036   270.039726224697   266.345758865833
  2.571977154   2.572053496   271.726683120589   272.401844911357   275.934013871327   278.792706408511   264.352473089595    264.09479256056
  2.578496967   2.578509708   271.726683120589   255.149575129636   273.679904031319   274.008382286598   270.581214392966   255.403875799679
#[time: 2.58]
  2.583276952   2.583351694   271.726683120589   275.248366827366   274.170705126539   262.032210884341   272.485880896106   270.167474678981
#[time: 2.59]
#[time: 2.6]
  2.605135726    2.60517321    284.15710574734   275.248366827366   276.826962769653   279.518002519837   278.656163923407   279.133122614681
#[time: 2.61]
  2.616344571   2.616360815   269.565002245143   275.248366827366   282.764279411407   281.165818434437   265.253036147562    265.89609236398
  2.618688097   2.618696698   269.565002245143   266.920617109973   274.021855073613    275.44398186102   274.703589552699    271.84708647913
#[time: 2.62]
  2.622803436   2.622813153   265.379063519979   266.920617109973   269.877476290807   269.305561400619   275.463074899215   277.388276253877
  2.629322414   2.629336886   272.461229350861   266.920617109973   270.106046477196    270.57335686925   264.273375025564   265.502908236087
#[time: 2.63]
  2.632504394   2.632593117   265.343892230345   266.920617109973   274.499324407068   272.710659063918   268.556675548724   270.392842676528
  2.636848859   2.636889343   265.343892230345   267.799080601708   272.218262075921   273.049683418339   265.453888466123   264.828551507963
#[time: 2.64]
  2.644091563    2.64424062   265.343892230345   264.283081838428    268.89251580387   269.642070754882   271.699624968259   270.648642174161
#[time: 2.65]
#[time: 2.66]
  2.662467539   2.662524859   266.850000616108   264.283081838428   266.822473876978   266.425118244148   258.723184797084   259.959459280664
#[time: 2.67]
#[time: 2.68]
#[time: 2.69]
  2.691124157   2.691146146   266.850000616108   267.854494229378   267.725718679451   267.280074251624   275.821108025949    278.31857274481
  2.691157002   2.691160621   272.422675062775   267.854494229378   268.214918398083   268.384225772804   263.970983941429   265.738941301496
#[time: 2.7]
#[time: 2.71]
#[time: 2.72]
#[time: 2.73]
#[time: 2.74]
  2.740460658   2.740485541   265.588811390818   267.854494229378   274.557996520695   272.033901737283   272.262105235534   275.361653827645
  2.742262042   2.742269545   271.116519575228   267.854494229378   269.012447171435   269.672499001957   269.039519074257    269.18234133962
#[time: 2.75]
  2.750369286   2.750443529   259.773317031527   267.854494229378   275.255190227277   273.631062845657   264.826374419432   268.145736023873
  2.751553007   2.751590352   259.773317031527   254.895984187238   264.231453553342   264.704597757468   259.418433646583   258.092698128521
#[time: 2.76]
  2.765239225   2.765242421   259.773317031527   269.175050305054   260.624751272461    258.45148663319   264.618468698608   265.646004615215
#[time: 2.77]
  2.773858663   2.773867619   289.545203923054   269.175050305054   257.384738812304   267.582284629076   289.288222470941   275.449749454232
  2.777759959   2.777857156   289.545203923054   293.409764294821   286.119139903947   276.158442332307   287.947921170454   286.298595813463
#[time: 2.78]
  2.781787131    2.78189056   289.545203923054   285.532889625833   296.388369732483   298.287547280647    287.81205754393   287.018029065449
#[time: 2.79]
#[time: 2.8]
  2.806239142   2.806375578   289.545203923054    296.58144126719   292.768360134879   290.632006676159    292.59565517446   292.410925660994
  2.809332226   2.809342991   299.375717985241    296.58144126719   294.953305390475   298.528184656469   293.427751992439    293.95967967069
  2.809724295   2.809735675   297.289749361511    296.58144126719   298.289638531905   296.692566640479   296.693876142969   296.711875941437
#[time: 2.81]
  2.810393334   2.810430559   297.289749361511   321.160438098315   297.052631024764   297.022007013664      305.745193541   315.514934865517
  2.812138382   2.812142191   297.289749361511   301.051016993044   306.424092653654   317.872646862727   295.619647094974    293.99436364627
#[time: 2.82]
   2.82269642   2.822767263   299.909999160317   301.051016993044   299.193962424271   298.889095260035   306.206269250341   308.105190496124
  2.825810056   2.825832725    291.94102898679   301.051016993044   305.866794507911   306.529796634246   298.050781708689   307.029001518266
#[time: 2.83]
  2.830654715   2.830665934    291.94102898679   294.460008123072   296.548831124073   299.906379378566   290.277133048022     287.9777158228
#[time: 2.84]
  2.847652476   2.847653675   293.839629219617   294.460008123072   296.171834588105   297.313511325892   293.891733444788   290.933615760334
#[time: 2.85]
  2.858027307   2.858039124   293.839629219617   283.790754469664   295.399128441938   295.503044295398   291.474813085875   288.521055310591
#[time: 2.86]
  2.860328681   2.860345276   293.839629219617   295.988481614677   291.857711090986    289.84315174739    286.79585506937    287.27917699541
  2.860522238   2.860604073   293.174223612457   295.988481614677   296.146254436346    296.64380985043    299.90708768872   303.240372741419
#[time: 2.87]
#[time: 2.88]
  2.886798566   2.886835428   295.163045910772   295.988481614677   296.156658217804   296.644529830246   286.604635578663   286.120012911665
#[time: 2.89]
  2.894606624   2.894631931   295.163045910772   296.606610397575   295.664741941908   295.672184185784   291.123059045779   291.056485967793
#[time: 2.9]
#[time: 2.91]
  2.918613867   2.918636269   295.163045910772   301.784666966571   295.052171454765   294.965495168645   301.979802490705    306.38293480186
#[time: 2.92]
  2.921913306   2.921916896   306.351787886307   301.784666966571   300.351710210055   302.209947280014   295.889907488951   294.739776828788
  2.921993171   2.921996583   306.351787886307    307.65411246624   307.510029908225   306.532546079981   304.874700215942   304.218083216999
  2.926659129   2.926674003   306.351787886307   304.202110111417   310.848272090178    311.08306105973   301.602384371538   302.312556377169
#[time: 2.93]
  2.934514294   2.934537192   306.446299847644   304.202110111417   306.580726046019   306.363798248151    297.11423860603   296.823159598234
  2.936421283   2.936425744   306.446299847644   307.194066395638   309.408227506056   308.052426056649   302.655441264176   302.300207077433
#[time: 2.94]
#[time: 2.95]
  2.959962514   2.959967884   303.535877775047   307.194066395638   309.199995368194   309.509455303431   305.271408447298   305.534943367657
#[time: 2.96]
  2.961674397   2.961695067   314.278074747222   307.194066395638    308.27867932372   311.431172896149   304.620713754893   304.367007678315
  2.968266073   2.968293749   314.278074747222   315.018711794047   314.692450292564   312.353652917814   313.425092413701   312.669571815415
   2.96974445   2.969765938   309.147738118221   315.018711794047   319.514125871979   319.813942518604   314.459945235373   319.497588336685
#[time: 2.97]
#[time: 2.98]
  2.989030207   2.989049275   316.124553143151   315.018711794047   311.556237592715   309.580028435999   307.017555614567   307.287450592615
#[time: 2.99]
  2.994273348   2.994276779    315.87650473589   315.018711794047   320.921340317641   320.306550740963   307.999201623385    309.47091184266
  2.995162967   2.995260334    315.87650473589   317.508575658354   320.227942657395   319.989514896724   310.127086270087   309.627455425851
#[time: 3]
  3.001429487   3.001429566   315.387538590408   317.508575658354   316.805285501186   316.875158093472   315.893784997099   316.325614357592
  3.009838614   3.009917451   305.482664728365   317.508575658354   315.067359842732   318.445211586323   313.445266003297   318.701001531743
#[time: 3.01]
  3.009976092   3.010041866   322.170582053865   317.508575658354   313.866327423221   317.240819787064   312.242262315586   311.018400175125
  3.017578479   3.017640811   322.170582053865   333.995349589424   327.993408434954   324.623476409464   328.116122988791   329.150225134889
#[time: 3.02]
#[time: 3.03]
  3.032480009   3.032483035   336.533454581627   333.995349589424   329.676242091902   340.873244333103   326.404204054609   328.297737706425
  3.033685663   3.033722424   335.389316991499   333.995349589424   344.194358215528   341.733760163564   335.689222290548   334.846361873308
#[time: 3.04]
#[time: 3.05]
  3.051703445   3.051704648   333.062658418239   333.995349589424   335.195249020527   334.781145254535   328.179480028901   327.188205479507
#[time: 3.06]
#[time: 3.07]
  3.077892126   3.077919837   335.997345704078   333.995349589424   335.451514899148   335.802277428363   328.654899840794   328.663269422975
#[time: 3.08]
  3.082082842   3.082103749   335.997345704078   335.328494427283   337.078691218829   332.071465561127   341.146892914062   340.692860652056
#[time: 3.09]
#[time: 3.1]
   3.10501866   3.105069113   338.703660876562   335.328494427283   341.155755274824   340.916755729357   328.991275048018   328.511236060531
#[time: 3.11]
  3.110763503   3.110814913   337.764553740931   335.328494427283   343.196708345783   341.241250893818   329.039110326028   329.277570844575
  3.115475528   3.115499367   337.764553740931   333.380069159153   338.704348846767    338.14616353814   337.190864951787   334.073991326404
#[time: 3.12]
#[time: 3.13]
   3.13199429   3.132055673   337.764553740931   339.672656364307    339.75879132153   337.958209451153   330.926941248924   329.406769584241
#[time: 3.14]
   3.14393681   3.143938993    335.29017410383   339.672656364307   341.477367564087   342.533757105402   329.509221791228   341.076415171991
#[time: 3.15]
#[time: 3.16]
  3.162943845   3.163135271    335.29017410383   321.627263353645   341.310864538526   342.984701821295   340.531242760519   330.731475925348
  3.163392494   3.163427699   316.717732147911   321.627263353645   340.500500067838   329.664393034275   325.466073352596   331.217409882171
  3.164815652    3.16483379   318.818826609132   321.627263353645   321.781391208672    323.89745347334   316.556555478519   315.962070409273
#[time: 3.17]
  3.175503616   3.175515488   332.333390158892   321.627263353645   326.503254636715    328.40339727518   325.846791578535   326.575552777993
  3.179112859     3.1791286   332.333390158892   325.943761719787   326.728341484409   326.978428940924   341.159264457351   333.593945845585
#[time: 3.18]
  3.189235938   3.189270374   320.442758919311   325.943761719787   335.860118664178   331.407757526731   324.482768583445    326.64987914114
  3.189457617   3.189457617   320.442758919311   325.943761719787   323.339649009077    324.52540134538   323.248157351426   324.287495883168
#[time: 3.19]
  3.199466044   3.199528671   325.104397632076   325.943761719787   323.394818379177   324.447323377737   319.069031693432   318.949030395447
#[time: 3.2]
#[time: 3.21]
  3.212512386   3.212521948   325.104397632076   326.637461647473   327.037177541744    327.37084952722   316.665074076153   316.191604540956
   3.21807501    3.21807752   327.457049838995   326.637461647473   328.138832767413   328.494631731434   320.333748311336   320.828657369453
#[time: 3.22]
   3.22087604   3.220991255   327.457049838995   320.231453218301   334.169011645575   333.682886175862   332.821033667392   321.274098835938
  3.223497327   3.223551005    331.00531652961   320.231453218301   329.593430954313   324.613940097553   321.163262257326   323.708995257982
#[time: 3.23]
#[time: 3.24]
#[time: 3.25]
#[time: 3.26]
  3.268224641   3.268234764    331.00531652961   338.031075395227   329.226117522329   325.483978800306    331.83898582167    330.84644392787
#[time: 3.27]
  3.270887162   3.270928567    331.00531652961   333.503199841322   336.414829385254   339.960303464137   339.527776171068   342.199817259204
  3.273479779   3.273511484   334.489865839369   333.503199841322   333.779826945618   334.018510168302   334.531181002096   337.256417280008
#[time: 3.28]
  3.283476053   3.283489744   334.489865839369   332.289442490476   334.485727390591   334.350716240875    325.00271156771   326.941129793685
#[time: 3.29]
   3.29619498   3.296218189   333.054497461333   332.289442490476    339.01163839327   337.920518005906   332.570939030384   332.275514374479
#[time: 3.3]
  3.308869632   3.308919539   333.054497461333   331.876646897704   333.591244590857   333.459060174656   325.795123709147   328.725488386409
#[time: 3.31]
  3.316727565   3.316901924   333.054497461333   334.045396732591    333.23426731541   333.148885926165   323.684072460884   323.972286311357
  3.318765994   3.318825232   333.054497461333   334.273750887206   338.625827718216   338.880355621791   325.285572442329   324.100399637943
#[time: 3.32]
  3.326378829   3.326400225   320.430140883252   334.273750887206   336.333043237671     336.6402048057   329.873357033112   343.277265602823
   3.32910767   3.329137575   320.430140883252   325.707602122631     326.0622923119   334.673525553609   322.737140756951   317.351867512143
#[time: 3.33]
  3.333517043    3.33354941   328.107980791269   325.707602122631   325.122158418035   327.139444841497   324.081714108307   324.999722985349
#[time: 3.34]
  3.342417867    3.34247445   328.107980791269   329.309837554088   326.910371576752   326.604728364735   329.217925604789   325.960247902932
#[time: 3.35]
#[time: 3.36]
  3.363262101   3.363357966   337.211021782391   329.309837554088   329.082569626067   329.196970656367   333.692585738361   333.443294548261
#[time: 3.37]
  3.370758606   3.370758607   337.211021782391   329.309837554088   338.963208136365   333.448435850184   339.233605828843   333.659897974949
  3.376790139   3.376792718   337.211021782391   338.181799541094   338.368549267159   334.796203746145   336.359949943756   334.760134176358
  3.377741944    3.37774667   341.843222930313   338.181799541094   340.676922794502   341.324720624197    331.60046262989   330.744599962116
  3.379637502    3.37964913   342.062172186083   338.181799541094   342.289299958365   337.510523992491   332.313075623085   334.329029722494
#[time: 3.38]
  3.388211197   3.388243358   345.089527616224   338.181799541094   341.489632792412   338.578665404181   349.228184802545   343.924972247013
#[time: 3.39]
  3.392780825   3.392794506   336.380500216545   338.181799541094   351.197617855566   347.385565038564   336.550469459766   337.107666895314
#[time: 3.4]
#[time: 3.41]
#[time: 3.42]
   3.42143381   3.421476181   341.587411344603   338.181799541094   339.191525310299   339.609955621536   331.954999346336   332.940582242114
#[time: 3.43]
   3.43176652   3.431784969   340.774142448615   338.181799541094    344.93063491633   343.673375757534   335.004311367248   335.022289586927
#[time: 3.44]
#[time: 3.45]
#[time: 3.46]
  3.461021477   3.461029777   340.774142448615   344.064877946756   344.082407192827   343.600775260567    338.81428868967   343.882171849461
#[time: 3.47]
#[time: 3.48]
  3.480030139   3.480030199   344.798241172933   344.064877946756   344.573572433721   344.944421090687   340.678030239372   340.960603284907
#[time: 3.49]
#[time: 3.5]
  3.504767275     3.5048295   339.876613544649   344.064877946756   349.185683286558   340.929167927466   343.103186760352   343.405529530107
#[time: 3.51]
  3.516507376   3.516552164   346.295908899534   344.064877946756   344.019075893062   348.491300916899   340.554197489803   340.672629311251
  3.519450365   3.519455288   346.295908899534    345.31193914946   348.013018850258   347.241885406288   339.351944576917   340.062408907446
#[time: 3.52]
  3.523314615   3.523403197   343.658256363902    345.31193914946    349.93764614608    349.61458121963   340.467585339168   338.869587037658
   3.52355724   3.523564488   353.867163683155    345.31193914946   343.688711684408   346.613270453953   354.248887709798    351.85404721059
#[time: 3.53]
  3.534829734   3.534868257   346.353242691955    345.31193914946   352.780418244732   349.965929510982   346.316493317081   346.279535855477
  3.538824486   3.538831189   346.353242691955   339.342117504731   351.190198977327   350.392188615445   344.110788905247   343.223268499809
#[time: 3.54]
  3.545423188   3.545442853   346.353242691955   345.490899568869    348.06872052555   344.953631820346   345.931206362199   345.929075585159
  3.547260322   3.547270473   347.779866124392   345.490899568869   350.138072558325   349.729726593037   337.506454109188   337.983662264634
#[time: 3.55]
  3.550349213   3.550448646   347.779866124392    352.26075247847    348.80757841078   348.198696159959   343.854031934142   342.649694000439
#[time: 3.56]
  3.562088198   3.562098502   347.779866124392   349.145699978384   353.872726123357   356.045471450034   342.278643687713   339.965683503158
#[time: 3.57]
  3.573697763   3.573739514   347.779866124392   351.001256958711   353.857258557264   354.809438009573   342.615080382415   342.351595583517
#[time: 3.58]
  3.580855921   3.580981195   349.727830139452   351.001256958711   350.886624281466   351.375063771581   350.377155669904   349.934880523931
  3.586226151   3.586229024    352.59986999969   351.001256958711   351.250177914608   351.802703734029   345.412288923839   352.080606960441
#[time: 3.59]
#[time: 3.6]
#[time: 3.61]
  3.617736962   3.617748919   351.567501189353   351.001256958711   352.803761338961   352.492187818682   351.444430900827   351.430594585947
  3.618935694   3.618952818   351.567501189353   352.070498021988    354.27324122195   350.193846796481   342.038605115411   341.808002498192
#[time: 3.62]
#[time: 3.63]
  3.636063723   3.636078568   346.818593292677   352.070498021988    355.40424936084   355.613203385105   352.918300290837   360.130361471384
#[time: 3.64]
  3.642101289   3.642163654   348.830135506181   352.070498021988   350.981678533769   354.553178553753   345.711701331039   344.952318008439
  3.643644596   3.643645083   362.183367276464   352.070498021988   352.416837652067   353.756674261912   356.857620172571   357.106923045507
  3.645511468   3.645527276   362.183367276464   358.804806648386    363.41822029651   358.584289977366   367.594518605845   362.633610103368
  3.646989336   3.646995556   362.183367276464    366.83384609982   363.891810103292   361.484115397423   358.527161470193   358.179202541123
#[time: 3.65]
  3.652658725   3.652797119   362.183367276464   359.964944986868   367.997744372438    370.59392307521   363.075466500381   362.437628687174
  3.653341304   3.653345412   362.183367276464   374.537595442278   362.094404808794   361.667112865333   371.065231837796   381.948191723492
  3.654862292   3.654869153   377.809017162737   374.537595442278   366.663952607746   375.855621909326    374.13957140438   374.925883167862
#[time: 3.66]
  3.662772117   3.662832977   377.809017162737    381.20164051795   379.929901896489    378.72901555392   372.469726468028   370.726624528879
  3.665775769   3.665835743   379.587695838112    381.20164051795   382.512260201332   384.488698859099   374.968067387965   374.965842921607
#[time: 3.67]
  3.671370927   3.671386094   385.526523906477    381.20164051795   381.028087139187   381.122007021924    386.00445161226   383.843602283602
#[time: 3.68]
  3.687473115   3.687546706   386.846177574036    381.20164051795   385.187605669565   383.926811858592    388.78401626648   381.226160339273
#[time: 3.69]
  3.690421926   3.690450046    377.37871060543    381.20164051795   385.223235053277   384.277336728538   380.170995261255   381.558842204468
#[time: 3.7]
  3.706585576   3.706597709    387.44296391311    381.20164051795   386.664303163317   389.119940798434   379.941492513618    380.19551203648
  3.709400515   3.709434489    387.44296391311   383.646411100577   391.067007834893   383.233706880301   381.826553021627   384.376894708137
#[time: 3.71]
#[time: 3.72]
#[time: 3.73]
  3.730579411   3.730750054    387.44296391311   401.854653379629   388.044060622048   387.002886114071   394.443352006658   395.867136931743
  3.734557609   3.734573635   407.750182352972   401.854653379629   396.131962403724   399.386804184225   404.984052712067   404.445276492524
#[time: 3.74]
#[time: 3.75]
  3.751207591   3.751261279   403.271132291228   401.854653379629   405.306669422874   405.115559763221   393.915106966971   395.788016435914
#[time: 3.76]
  3.764785377   3.764875295   403.271132291228   404.743483245338   406.118756651636   396.352110549849   395.525317375021   394.860979092546
#[time: 3.77]
#[time: 3.78]
#[time: 3.79]
  3.793200346   3.793206034   391.419877943108   404.743483245338   407.768723301233    408.35070532127   393.803885794817   409.793208919628
  3.795601593    3.79560519   407.167222380412   404.743483245338    398.76063985073   406.660598401195   404.763377463932   400.057207130502
#[time: 3.8]
   3.80547081     3.8055166   407.167222380412   413.752462897157   405.260943812973   408.058243305078   413.654659000031   420.280289281538
#[time: 3.81]
  3.810106572   3.810192888    410.56388548714   413.752462897157    410.14813096263   414.321358480221   403.694951135696   404.502700077065
  3.816909358   3.817020984   420.777871169665   413.752462897157    414.78461842925   416.571187269498   417.530296358664   417.451265748398
   3.81867126   3.818707312   420.777871169665   424.545982653692   421.866704838418    419.09197299737   425.873973982838   428.984560851791
#[time: 3.82]
#[time: 3.83]
  3.832986621   3.832991293   421.797615907044   424.545982653692    425.34722914455   427.412549713079   419.305105933871   416.466209348453
#[time: 3.84]
  3.841132076   3.841144242   441.165791598663   424.545982653692   424.920991483435   426.050162024545    437.34533913354       431.92495126
#[time: 3.85]
#[time: 3.86]
    3.8624091   3.862411238   436.529601507152   424.545982653692   448.049471253134   429.977796450459   436.853552162017   432.236713713807
#[time: 3.87]
  3.871321187   3.871322677   426.560270644133   424.545982653692   439.203358611573   431.634240960138   426.630467413477   426.394245053837
  3.875763259   3.875770437   426.560270644133   429.424383009268   433.137056309773   432.071678380454   419.578385313552   418.994365617115
  3.876861275   3.876862828   432.009330285053   429.424383009268   430.202133937553   430.770493702558   422.173875683765   421.603621523493
#[time: 3.88]
  3.888818216   3.888870671   432.009330285053   421.813523221948   440.202434307472   438.396942336555   439.318170756461    424.80377784559
#[time: 3.89]
  3.892490618   3.892536862   432.077816712708   421.813523221948   432.615694842404   426.779385423851   437.480283646965   429.331027862316
  3.896438704   3.896515228   432.077816712708   428.820134591666   430.490659066744   428.191815845755   430.692437182803   427.278911462496
#[time: 3.9]
#[time: 3.91]
  3.914331656   3.914365832   442.833140621241   428.820134591666   433.932811194541   431.788072051205    434.85456704486   436.149877885062
#[time: 3.92]
  3.922266174   3.922452324   431.607780351995   428.820134591666   442.540130804654   435.839791023226   432.865513088119   431.102676814631
  3.925446244   3.925466484   425.305989129233   428.820134591666   430.715020069626   430.447663705665   422.684698582869   421.108027194531
#[time: 3.93]
  3.931188073   3.931273264   425.305989129233   433.726865240191   425.969977891977   425.276422364514   431.353541677828   434.313925434879
  3.934256397   3.934260431   436.799945947896   433.726865240191   431.057911077656   437.524003191493    433.59258648467    434.17035451683
#[time: 3.94]
  3.947814639   3.947817473   447.167169690766   433.726865240191   437.719698672859   436.837048817131   444.682726092129   439.984702148953
  3.948842177   3.948859825   447.167169690766   448.098356127262   445.147761324058    439.80159222814   439.747724925595   438.393962476306
#[time: 3.95]
#[time: 3.96]
#[time: 3.97]
#[time: 3.98]
  3.984908428   3.984915264   452.111125607661   448.098356127262   450.636421726096   451.072236475433    451.93682342221   449.238021058069
  3.985854776   3.985868459   450.012533685997   448.098356127262   450.875067804615   450.603991530999   441.008730192919   441.661754279892
#[time: 3.99]
#[time: 4]
#[time: 4.01]
  4.019884256   4.019896708   450.012533685997   447.722491190936    454.53627757684   452.707050935699   457.764257807683   451.981316088185
#[time: 4.02]
#[time: 4.03]
  4.034915561    4.03495689   446.000992319513   447.722491190936    448.75745607694   448.787982105272   448.490972976513   448.762748970575
#[time: 4.04]
  4.042152438   4.042153609   445.556020373452   447.722491190936   445.301463946067   448.664700838813   440.139416977165   439.695395262299
  4.042557397   4.042620481   452.214950891454   447.722491190936   449.296493162606   450.306439706146   441.879876352474   441.274132769948
#[time: 4.05]
  4.058261533   4.058261831   445.042513679731   447.722491190936   452.942787079711   452.153682872554   439.600954706436     439.2133291364
  4.059391676   4.059396525   445.042513679731    443.19425022933   447.654613757132    448.24044360542   436.283006517038    437.88170261831
#[time: 4.06]
#[time: 4.07]
  4.078317426   4.078326466   445.042513679731   449.759770239383   448.736327005015    447.38686595438    449.01760496784   458.248520610888
  4.079901828   4.079975005   447.957833917705   449.759770239383   448.148818831027   449.099260901703   448.396868982392   448.370556804824
#[time: 4.08]
  4.087109965   4.087168841   452.079846036842   449.759770239383   450.518328765156   451.458191124472   442.065231761857   441.957006534105
#[time: 4.09]
  4.098698065   4.098725451   452.079846036842   443.240366733106   454.464608002975   453.158669059586   457.747221863062   448.804389197214
#[time: 4.1]
  4.105297195   4.105324257   452.079846036842   455.835281325852   453.186526079528   450.348237421811    460.52360581073   465.053451590183
#[time: 4.11]
  4.111519885   4.111548885   452.079846036842   452.701743371199   457.049429783248   459.558123630554   443.429322522771   443.206596296301
  4.118572885   4.118661466   451.510249820892   452.701743371199   454.230181472068    454.44810131114   445.793372804854   445.822531791055
#[time: 4.12]
  4.120927666   4.120936286   459.980773505248   452.701743371199   453.746605478178   453.905560311461   455.549406162359   455.840414930216
#[time: 4.13]
  4.132056744   4.132056943   459.980773505248   463.700637237515   465.908268968945   460.379665333297   461.874873156566   464.477997005404
  4.134917288    4.13500666    466.95630106539   463.700637237515   463.785690807339    465.40592617782   464.225804965628   464.476088934203
#[time: 4.14]
#[time: 4.15]
#[time: 4.16]
#[time: 4.17]
#[time: 4.18]
#[time: 4.19]
  4.193161526   4.193171155    464.22102310663   463.700637237515   469.359437108878    464.85528931207   457.961398916261   458.968948415029
   4.19553478   4.195555863   465.207289373367   463.700637237515   466.242969829435   465.939696094173   455.231268116746   455.901364151115
#[time: 4.2]
#[time: 4.21]
#[time: 4.22]
#[time: 4.23]
  4.233551964   4.233615535   464.209181179334   463.700637237515   469.770326385413   469.014352085894   457.216005683117   457.883888294553
#[time: 4.24]
  4.246000871   4.246052773   464.209181179334   456.395262228932   469.905811161129   469.550861496645   460.243905833367   460.644818080906
  4.249954958   4.249967871   464.209181179334   466.000048365707   463.246934431294   460.772839236549   461.906816654863   460.785460650898
#[time: 4.25]
  4.251035546   4.251119968   470.266031551578   466.000048365707   465.166058661639   465.173230469297   461.784920875155   462.344447125407
  4.254281382   4.254323687   463.645488987974   466.000048365707   475.002244817103   471.262096854626   457.778087966671   457.954060058164
  4.254602682   4.254650173   463.645488987974   462.049104718547   467.906097468132   469.096580815734   466.213702519451   460.950358343121
  4.254971916   4.255024369   457.358741648929   462.049104718547   463.002334344174   463.551920226826   453.639814995346   452.935764947236
  4.257368558   4.257392101   457.358741648929   456.818675871939   460.640773109882   462.856875741655   448.473607130539   448.399621549227
#[time: 4.26]
   4.26340842   4.263436433   457.358741648929   464.388291134965   456.720341064796   456.886295623371   461.212009684564   461.403318892436
   4.26533955   4.265395634   457.358741648929   460.889148476031   460.288742538442   459.084499070817   463.940363994742   466.898769234246
#[time: 4.27]
  4.279625379   4.279640125   462.189963902708   460.889148476031    460.21342327162   460.841682328628   454.429866634588   455.441750838912
#[time: 4.28]
  4.287032746   4.287070796   464.533226758824   460.889148476031   466.518776830841   465.744745099774    454.71491025337   461.508977641491
#[time: 4.29]
  4.290113292   4.290121938   464.533226758824   463.447533329943   464.792780395839    463.33421801312   474.640040943839   473.070913538668
#[time: 4.3]
#[time: 4.31]
  4.310828036   4.310828724   464.763208734648   463.447533329943   466.222707250332   465.961793876456   454.808689161593   455.765238912152
  4.313176005   4.313186712   460.116551296867   463.447533329943   468.295539959525   467.605688829096   453.692493309827   453.421524185036
   4.31536516   4.315396628   460.116551296867   464.558490693804   466.012148167649   468.503033219342   459.820260730312   456.282564408278
#[time: 4.32]
#[time: 4.33]
  4.331663691   4.331684305   463.492184985872   464.558490693804   464.291783727137    465.71168570054   459.227110381395   458.679151965518
#[time: 4.34]
  4.347615355   4.347632041   463.492184985872    465.35712907036    464.12010595964   464.146733169316   455.346949663931   454.921804757346
#[time: 4.35]
#[time: 4.36]
#[time: 4.37]
#[time: 4.38]
#[time: 4.39]
  4.394019554   4.394068887   466.523746259333    465.35712907036   471.259563870222   472.846335786592   460.956153106053   461.752556459308
  4.397216965   4.397306489   466.523746259333   469.192951538686   466.880967015118   466.691092751699   461.793908989989   459.120451272044
#[time: 4.4]
  4.401556946   4.401700919   470.479091311403   469.192951538686   472.483108314947   473.722880714549   463.462145657238   463.489653163748
#[time: 4.41]
  4.413069073   4.413071508   470.816600190228   469.192951538686   474.188867089315   473.426752420324   473.311320085088     474.5439816813
#[time: 4.42]
  4.428642277    4.42872169   486.357516448955   469.192951538686   477.607927668627   476.520250410019   490.381339922081    478.11888724167
#[time: 4.43]
  4.430349416   4.430455196   486.357516448955   489.356002043322   482.134921830852   477.622448204144   487.978219434512   488.030134923745
#[time: 4.44]
  4.448430316    4.44850121   486.472253088846   489.356002043322   491.176866542848   493.246547450909   483.507988128276   481.142174281744
#[time: 4.45]
  4.452859732   4.452873619   486.472253088846   488.732692309143   489.295944393133   490.215271373111   487.002635783417   486.068134332916
  4.453079913   4.453081916   486.472253088846    505.11330962939   491.957352103368   492.973347156383   493.061771165733   498.584239454032
  4.454146039   4.454194386   486.472253088846   475.814502745574   491.786341555602   506.866682863945   494.014180103858   482.257709303164
  4.459887287   4.459955848   479.535629093457   475.814502745574   487.715731722767   481.176721498676   475.141422662474   478.340630907197
#[time: 4.46]
  4.462912615   4.462929207   480.154483996574   475.814502745574   484.931531662365   482.283782729392   473.845380896355    475.25370087907
#[time: 4.47]
  4.479756301   4.479760429   480.154483996574   463.503703956718   481.733977423611   480.530881845086   476.559924443309   471.644450349617
#[time: 4.48]
  4.486430295    4.48645761   465.008872965984   463.503703956718   481.952235007613   469.782562888571   462.865172055053   463.334251307041
#[time: 4.49]
  4.492163669   4.492283684   465.008872965984    460.87543205202   470.195485830782   469.091858185462   468.868109445087   463.678622223028
#[time: 4.5]
#[time: 4.51]
   4.51572701   4.515749078   465.008872965984   444.686783813071    466.14040972645   464.650666786488   471.199939451132   452.303484927965
#[time: 4.52]
#[time: 4.53]
  4.532474613    4.53249448   465.008872965984   471.794121744991   465.889851580574   453.781135267098   463.765979879849   462.746339285471
#[time: 4.54]
#[time: 4.55]
  4.555549269   4.555563221   465.008872965984   467.093324481627   466.133350675635   465.094429309844   463.626808574481   461.886719674202
#[time: 4.56]
  4.561359794   4.561363502   465.008872965984   463.440668518664   473.649229801621   475.141633461527   461.024637692291   461.239018070026
#[time: 4.57]
  4.572773404    4.57279666   465.008872965984   469.377607396534   466.693221990925   466.317867322374   467.068441000831   466.699131418974
  4.574453751   4.574533976   470.814805712367   469.377607396534    468.63552072394    469.77061350151   462.851504140314   463.129613280048
#[time: 4.58]
  4.579970513   4.580012076   470.814805712367   481.888235259194   476.843415329048   476.067151216217   476.044121693083   482.613261521909
  4.584118169   4.584171026   489.623712427921   481.888235259194   477.071051920292   486.961812388726   493.086960455168   485.660218661125
#[time: 4.59]
  4.598665475    4.59868985   485.175085635786   481.888235259194   488.964729330696   487.264103946022   490.577542820709   486.531485904542
#[time: 4.6]
#[time: 4.61]
#[time: 4.62]
#[time: 4.63]
#[time: 4.64]
  4.643602925   4.643648699   488.257293623509   481.888235259194   492.874936627109   490.498435131051   479.693558513308   478.656559181363
#[time: 4.65]
#[time: 4.66]
  4.669708196   4.669708511   488.257293623509   485.143306345929   491.035915613561    486.69805364529   490.901038427831   488.142521315383
#[time: 4.67]
  4.672926359   4.672946288   488.257293623509   485.768404089966   488.668033255356   487.815666892467   484.547995731183   484.876832831785
#[time: 4.68]
  4.689984946   4.689985723   488.257293623509   492.589881258069   489.777173026259   488.433078655458   483.622142089701   483.577358542009
#[time: 4.69]
#[time: 4.7]
#[time: 4.71]
#[time: 4.72]
  4.722739602   4.722790411   488.257293623509   464.434443801477   492.967869940594   494.909476664245   487.312024812911   470.462020433351
#[time: 4.73]
  4.730223492   4.730241987   488.257293623509   485.325962379332   487.973378290771   473.846147761826   483.725868535479   485.965052084377
#[time: 4.74]
  4.744205304   4.744240846   488.257293623509    492.66124687976   490.117951878652   489.092424820572   487.251813109034   486.474757763349
  4.746863185   4.746902528   488.257293623509   487.448660921723    492.30375453861   494.405380180195   485.730449450867   485.796122973094
#[time: 4.75]
#[time: 4.76]
  4.763517034     4.7635333   488.257293623509   492.458902698557   489.281809962386   489.149687844441    483.87853670089   482.348487338142
#[time: 4.77]
#[time: 4.78]
#[time: 4.79]
  4.791070779   4.791154646   488.257293623509   489.532082444521   494.815299784249   497.498559017043   481.747855950396   481.229898154764
   4.79275851   4.792822981   488.257293623509   494.081624135824   492.495881093658   493.131124566478   485.474722824851    484.57982047461
  4.796100717   4.796172061   497.240228376052   494.081624135824   493.957895896654   496.914723105184   493.031289752438   494.510170700787
  4.797322569   4.797346489   501.131316898076   494.081624135824   497.264158154328   496.124032326942   503.205974206663   498.404316939833
#[time: 4.8]
  4.803565286   4.803579648   501.131316898076   504.401111989774   498.615922937259   497.615888427685   502.623742371558   504.317364583254
#[time: 4.81]
#[time: 4.82]
#[time: 4.83]
#[time: 4.84]
#[time: 4.85]
  4.859759334   4.859783085   507.608184779547   504.401111989774    508.21186667542   510.065605075169   498.916045839763   503.762244697519
#[time: 4.86]
   4.86586969   4.865895458   507.608184779547   507.017593326811   511.956891823241    510.11651847889   507.836456125118   507.805419321551
#[time: 4.87]
  4.872456926   4.872542622   507.608184779547    506.53708589206   507.817336011866   507.745443177086   502.485464318321   504.457209074872
  4.875945723   4.875948945   508.631680954357    506.53708589206   508.138299393909   507.797038075454   498.598430078091   499.329845273598
#[time: 4.88]
     4.887328   4.887339269   515.374405275085    506.53708589206   510.841102232768   509.812044983902   507.452089912172   506.848971840563
  4.887372041   4.887387948   509.989171800111    506.53708589206   516.588284231461   513.212505411975   520.113609876799   516.353595371562
#[time: 4.89]
#[time: 4.9]
#[time: 4.91]
  4.912884249   4.912905291   509.989171800111   511.559076372247   510.132575155677   509.750362941539   514.959831392569   516.389137635614
#[time: 4.92]
#[time: 4.93]
#[time: 4.94]
  4.949604807   4.949621806   517.884963872864   511.559076372247   512.526932512637   512.814750328434   511.803458900013   513.310717254634
#[time: 4.95]
  4.957800109    4.95781939   517.884963872864   520.959484750916   525.022741046287   519.564930473426   514.084623391463   511.457154895375
#[time: 4.96]
  4.962867408   4.962960326   502.626940608873   520.959484750916   522.380488095253   525.091753376052    511.34097583781   528.104886092185
  4.964548823   4.964580311   529.394708499986   520.959484750916   512.053210368761   530.919586788229   525.382810163341   525.110238736469
  4.965500897   4.965505612   529.394708499986   528.690040399789    534.59737823596   526.362610162904   523.498393713398   523.524575695685
#[time: 4.97]
  4.975634183   4.975641981   529.668304175707   528.690040399789   533.355496183324   532.718109747896   521.264320034701   521.338188856376
   4.97832801   4.978605461   529.668304175707   527.806008735907    532.03328624189   531.991776952128   523.198307993439   523.480634548319
#[time: 4.98]
  4.984237279   4.984248177   529.668304175707   531.835802119181   534.232570262363   524.965743950768   527.052569842286    525.54542244735
#[time: 4.99]
  4.998374783    4.99838313   529.668304175707   530.248601643596   534.891720397214   535.660026909139   519.782262757194    522.13199068717
  4.999128324   4.999139803   529.668304175707    534.57105907779   536.369524565022   536.839370575312   530.560238575352   528.421273315775
#[time: 5]
#[time: 5.01]
  5.015413378   5.015464933   533.548052631064    534.57105907779   536.892434941277   541.366614784623   533.735801215425   535.379383652617
  5.015870025   5.015903967   533.548052631064   535.056387730807   538.584074247672   539.241100244558   532.443168681764   532.251545932182
  5.017737613   5.017748614   540.131326952202   535.056387730807   537.440327973371   538.123388361192   529.733768699927   528.857355804198
#[time: 5.02]
  5.021054122   5.021054362   540.131326952202   543.513944357441   535.707373351061   537.214477057317   538.076144517499   537.027130667481
#[time: 5.03]
  5.037807374   5.037830163   555.484495950048   543.513944357441   544.598764131107   545.684753359756   553.165189599457   543.830876669829
#[time: 5.04]
  5.040715261    5.04084444   555.484495950048   561.864346340811   555.665696710125   551.371361714808   552.342886709298   551.977998956155
  5.047752657    5.04776462   555.484495950048   557.780611668313   558.582243086564   558.526008152172   552.478476161923    552.20182718688
#[time: 5.05]
  5.051534225   5.051539328   555.484495950048    548.12382906727   559.347894018088   559.882843406893   564.630936872691   553.333791654308
  5.052769483   5.052798613        560.6302474    548.12382906727   556.318919491152   552.426305973857   563.511468893681   555.965293279163
  5.056303018   5.056303882   556.264314735522    548.12382906727   565.164172825596   557.753560223123     546.4655986319   546.930373213155
  5.058494712    5.05856129   556.264314735522   562.382819256479   552.110263623627   552.166057787314   554.237173950368   553.232227160423
#[time: 5.06]
#[time: 5.07]
#[time: 5.08]
  5.079995321   5.080058851   556.264314735522   564.638397643008    559.38368057114   559.427595853583   554.729158952054   554.543174037039
#[time: 5.09]
#[time: 5.1]
  5.101506219   5.101515849   556.264314735522   570.855258652896   559.263137884655   563.110033251893   561.400629927181   573.160713182893
#[time: 5.11]
  5.111622861    5.11167949   556.264314735522   559.320383951885    564.36518133911    568.23812694844   554.948567126066   554.460814679662
   5.11176132   5.111796066   555.123146634536   559.320383951885   556.505337188141   555.331812766946   561.329604731273   567.052995548346
#[time: 5.12]
#[time: 5.13]
#[time: 5.14]
  5.148259859   5.148307353   555.123146634536   557.060626832051   559.395562150423   560.319565310944   552.321137532567   549.624606846125
#[time: 5.15]
#[time: 5.16]
  5.166315201   5.166341364   558.884555218972   557.060626832051   561.670078399536   563.353728020322   553.905830743737   554.816413156267
  5.168716017   5.168785897   560.776791012877   557.060626832051    559.83887219419   559.459548801958   550.291450356508   550.191932032575
#[time: 5.17]
#[time: 5.18]
  5.180257636   5.180292213   560.776791012877   565.811986630904   562.305781760004   560.603952886898   559.039980512143   556.942410788959
  5.186399762   5.186440366   560.776791012877   568.434834167637   564.039827648704    565.63921921041   566.555470913216   571.564378951129
#[time: 5.19]
  5.193945833   5.193967936   560.776791012877   548.020477273921    563.79410184826   571.018272597946   563.997445541842   556.011482235928
#[time: 5.2]
   5.20974119   5.209752319   552.218995755799   548.020477273921   558.767253190081   554.703199660339   548.586905809628   550.411490475568
#[time: 5.21]
  5.212915171   5.213064616   547.335525658865   548.020477273921   555.692706964259   553.079524576973    539.58595409326   539.490196516696
#[time: 5.22]
  5.221710989   5.221715437   547.335525658865   543.119761689405   551.233182373417   551.620240601465   544.809672807756   544.896395107297
  5.227891239   5.228108775    542.45846588389   543.119761689405   552.127067376349    541.76029023907   537.212147771796   536.765436975156
#[time: 5.23]
  5.233020696   5.233036408   547.059059635341   543.119761689405   545.847372249047   546.136907782535   539.414771952696    541.09818776724
  5.236997853   5.237058211   547.059059635341   550.988600265539   549.671878018914   547.873845079274   550.831645573488   555.003688001565
#[time: 5.24]
#[time: 5.25]
#[time: 5.26]
#[time: 5.27]
#[time: 5.28]
#[time: 5.29]
  5.294984124   5.295006553   547.059059635341   557.978551308852   551.216832001457   553.404340230813   553.028496081552    560.02311036731
  5.295343328   5.295486901   547.059059635341   548.080599234251   554.147109883923    561.69561619473   538.359653044045   538.193652686536
#[time: 5.3]
#[time: 5.31]
  5.315741974   5.315761571   547.059059635341   551.766306790753   548.782624816759   548.965814192059   549.268305783409   548.341346264712
#[time: 5.32]
#[time: 5.33]
  5.334666694   5.334667971   547.059059635341   545.698184303253   550.540347434704   553.298751615007   545.721193319153   546.128746237203
#[time: 5.34]
  5.340353772   5.340399005   548.787105952478   545.698184303253   549.227230261275    548.64828057673   552.630431686408   549.423950445437
  5.346621089   5.346673109   539.237133669806   545.698184303253   554.508755489086   552.387890819091   543.163797389465   543.707465176035
  5.346821816   5.346828139   536.354036071239   545.698184303253   544.323737410529   544.359029316298    541.94215362214   545.888721757105
#[time: 5.35]
#[time: 5.36]
  5.364130289   5.364222991   536.354036071239   537.805806101581   544.057465396864   548.159206392233   529.957380492688   529.738429564109
  5.368074717   5.368088591   538.686029034045   537.805806101581   538.443073241643   539.020177812136   528.739322885925   529.949556068912
#[time: 5.37]
  5.372004959    5.37203382   538.686029034045   534.293978136259   540.864411018394   540.558733549508   537.443315466746   536.704024069036
#[time: 5.38]
#[time: 5.39]
  5.397051334   5.397069909   538.686029034045   540.268815846246   533.741710108583   534.158728535385    537.97198959444   537.394568103942
#[time: 5.4]
  5.406104119   5.406141099   543.832866449247   540.268815846246    541.24303170047   541.477280228279   537.363383284498   539.336193823751
#[time: 5.41]
  5.414363263   5.414416936   544.471870863348   540.268815846246    546.95367939651   545.492682524827   534.176349516645   534.432715151517
  5.417946653   5.417990552   535.652130730893   540.268815846246   547.037791954645   543.325889626899   535.157707035811   534.808075253905
#[time: 5.42]
   5.42535779   5.425364796   538.861856769017   540.268815846246   539.713986464626   541.049235149306   539.106819534769   538.707271488596
#[time: 5.43]
  5.430566973   5.430610568   538.861856769017   543.057295573876   540.585476504892   541.128130181788   540.692411831873    540.69520337678
#[time: 5.44]
#[time: 5.45]
#[time: 5.46]
   5.46679232   5.466809168   538.861856769017   531.270845231002    545.70899436396   548.454925066392   533.976436161285   535.027441095327
#[time: 5.47]
  5.473969166   5.473975364   538.861856769017   532.816232874956   538.263218789652   536.628782786648   529.721295513979   528.979703202921
    5.4741309   5.474147154   538.861856769017   543.085896349946      535.626825466   535.818639604582   536.110010123938    534.09947034796
  5.477471831   5.477555314    538.91290032634   543.085896349946   541.814211396975   543.582797013174   538.266014257176   535.430025518095
#[time: 5.48]
  5.485924253   5.485941104    538.91290032634   537.106811245845   541.389685926011   542.293370599335   531.170647659653   531.043976798799
  5.487905176   5.487947638   538.104277123095   537.106811245845   542.406497317024    541.94147324894   545.895235259877   544.543442246254
#[time: 5.49]
#[time: 5.5]
  5.504201306   5.504214896   554.166340361411   537.106811245845   540.582952351088   539.810922471851   551.702061804798   542.995870488429
  5.508816834   5.508893885   538.242226861523   537.106811245845   553.382322114331   544.293864525179   527.772267067584    534.13519659074
#[time: 5.51]
  5.515863778   5.515934471   538.242226861523   540.568365257853   542.084098355151   541.511233130406   538.000184583322   537.876048045193
  5.517313877   5.517339543   538.242226861523   539.120346583374    543.54029097871   545.220397710524   529.169405233897   528.640552327255
#[time: 5.52]
   5.52171509   5.521724402   542.354673009418   539.120346583374   538.345977904078    539.03825008784   532.209823784888   533.462066425948
  5.527591329   5.527595841   544.371206034149   539.120346583374   545.363514741295    543.91510136757   540.184942649788   540.543072037115
#[time: 5.53]
   5.53679297   5.536815684   535.334681866465   539.120346583374   548.800214410628   546.215667635207   538.033641422145   535.987352850766
#[time: 5.54]
  5.540803435    5.54093412   535.334681866465   521.704967551112   540.590823368587   544.094378470715   535.228059914748   523.625265633971
  5.545976583   5.545979647   535.334681866465   539.832634267656   532.034761347138   528.160960247065   529.783270945966   530.776122450722
#[time: 5.55]
#[time: 5.56]
#[time: 5.57]
#[time: 5.58]
  5.583807036   5.583810798    537.52016043961   539.832634267656   537.524187058522   536.823907978722   529.713519729385    529.97632619655
   5.58538614   5.585407719   545.944596251476   539.832634267656   541.111066474322   541.473770244382    540.31448892675   541.054170642283
#[time: 5.59]
  5.596509083   5.596529081   545.944596251476   537.425473014131   548.604299359901   545.523489236607   554.149189788219   543.158883670034
  5.599743526   5.599758655   545.944596251476   547.339501646597   543.912488711376   542.657184419323   550.485019800175   551.340491730537
#[time: 5.6]
#[time: 5.61]
#[time: 5.62]
  5.625297845   5.625311927   551.763187951521   547.339501646597   549.577294061954   544.773975217895   541.440165320049   540.403276242706
#[time: 5.63]
  5.632819234   5.632900311   551.763187951521   555.245714764039   553.844996699921    551.70143848385   557.257736317497   549.500632554722
  5.639361638   5.639432101   551.763187951521   553.335516954765   553.754506772426   553.781213496482   544.949705571399   544.680382936625
  5.639588504   5.639748275   555.237413789884   553.335516954765   554.119757080092   554.724913557535   554.270986729616   554.430130951475
#[time: 5.64]
  5.645434982   5.645497051   555.237413789884   548.757636997025     551.7026648074   556.029069547216   546.793649429929    551.84159633324
#[time: 5.65]
  5.650453136   5.650477094   548.212827180146   548.757636997025   556.253529907965   555.203294776747   557.178902288955   558.470529689332
  5.653398691    5.65342361    562.00950282535   548.757636997025   548.778302406461   548.822632009171   556.504422020238   554.206732572004
#[time: 5.66]
  5.663981055   5.664004416    562.00950282535   557.226988451197   564.391930098321   552.883429334374   564.132281943466   550.016661674373
#[time: 5.67]
  5.673648224   5.673707772    562.00950282535   562.642689339408   562.513947458469   561.498840676749   553.049401670413   552.219444920852
  5.677362864   5.677414972    562.00950282535   561.456129498455     563.2066540854   563.288270387811   557.431028356126   557.539051838808
#[time: 5.68]
  5.681870631   5.681883747    562.00950282535    563.21640690486   567.451930024981   567.193251209585   563.510504162056   562.256093261127
#[time: 5.69]
  5.693965813    5.69396944   538.628204780188    563.21640690486   566.784008872104   567.246747551077   545.424206483453   564.670425187969
  5.695957561   5.696034941   569.989309640474    563.21640690486   547.345413640725   562.146120114294   569.898855333654   567.283038115714
#[time: 5.7]
  5.700242131   5.700280901   564.502283376042    563.21640690486   570.829373740712    567.95816545475   554.417712398164   555.743050447409
#[time: 5.71]
  5.715093304   5.715117542   564.502283376042   565.351712520236   564.099483504731   563.952403469169   557.584864715204   556.195917460037
#[time: 5.72]
  5.720261211    5.72034971   570.535743395326   565.351712520236   564.830352629415   564.810790066999   560.554869531799   560.206856939284
  5.726018874   5.726028112   570.535743395326   585.408550359637   573.255496264711   570.408377249214   576.976190075666   580.118001450045
#[time: 5.73]
  5.731330818   5.731331638   570.535743395326   575.077345968717   579.914779890604   589.809406366263   569.077386445574    566.17368732001
  5.737582328   5.737585075   570.535743395326   574.068669223061   572.024012325098   571.240963183114   574.727245421218   575.555023744249
#[time: 5.74]
  5.748030059   5.748043534   570.535743395326   560.826817620356   572.542084566009   573.111637789872   576.774940286739   566.902826621642
  5.748501704   5.748637218   570.535743395326     570.0066339568   568.767446317128   565.983213284357   565.487921583178   565.543238739512
#[time: 5.75]
  5.753677468   5.753807513   571.363794613521     570.0066339568   572.280856810243   572.087172492108   561.005426249017   560.854615424752
  5.754839178   5.754840262   570.734678267593     570.0066339568   571.681040895248    571.58707244391   561.679224147672   562.520615041079
#[time: 5.76]
#[time: 5.77]
  5.770270538    5.77027897   570.734678267593   569.313441986109   575.118036846205   574.946817261463   561.306020528964    561.60919486167
#[time: 5.78]
#[time: 5.79]
  5.792064359   5.792084651   570.734678267593   570.059540516843   575.888418934287   573.657825588483   563.113890297955   563.109089931529
#[time: 5.8]
  5.800088827   5.800209715   570.734678267593   575.194256225152    573.72030654513   573.544391610386   566.306262248759   565.543236392095
  5.801433202   5.801540284   566.748032388659   575.194256225152   572.704108892545   572.650230110507   569.606916730735    574.52969384987
#[time: 5.81]
#[time: 5.82]
  5.826682264   5.826683644    577.72733321611   575.194256225152   570.585247415021   575.693845845425    568.12021810889    567.78191538931
#[time: 5.83]
#[time: 5.84]
  5.846656589   5.846808119    576.14082703555   575.194256225152   582.829422766134   581.363987462197    565.92313332329   568.943831390942
#[time: 5.85]
#[time: 5.86]
#[time: 5.87]
  5.877916572   5.878063784    576.14082703555   573.800713012424   573.986132794947   578.197978397776   570.009892673062   570.136337789066
#[time: 5.88]
  5.885329303   5.885388441   571.959986834271   573.800713012424   579.453979394259   578.354110739974   567.702977709698   567.011765590153
#[time: 5.89]
  5.894667294   5.894729587   571.959986834271   575.391068118639   574.608102858061   575.244132426584   569.628177810816   568.441997023247
#[time: 5.9]
  5.905777527   5.905821514   582.847358593954   575.391068118639   577.953749420469   579.747157790951   578.151408736613   578.684881827637
#[time: 5.91]
  5.911322917   5.911355717   564.314108426263   575.391068118639   583.607134406376   581.083299234184   568.402348797405   572.864143107882
  5.911683903   5.911744403   572.770700094188   575.391068118639   570.273820437625   576.148852116502   575.661377325077   580.462080650547
#[time: 5.92]
#[time: 5.93]
  5.934636753   5.934655457   578.386294778301   575.391068118639   576.479070157806   577.749131073573   568.286109202396   567.986068001607
#[time: 5.94]
  5.941724178    5.94182214   573.416339671162   575.391068118639   581.561075980012   580.179551977618   569.262947529957   568.898857807911
#[time: 5.95]
  5.955357617   5.955377157   573.416339671162    569.29156583619   577.852272408619    578.88806762243   574.216891092097   571.221355175528
  5.955549016    5.95563268   575.106377981613    569.29156583619   576.278825066197   569.400158419339   574.870946128175   573.238685988159
#[time: 5.96]
  5.960889046   5.960935572   575.106377981613   575.646866753258   573.653672850928   572.788102645913   568.451060746747   568.348172485785
#[time: 5.97]
  5.971025415   5.971094536   575.106377981613   578.582847669131   577.688529599456   577.819150723566   579.019149413383   581.816517123541
  5.977709543   5.977782523   577.312433545503   578.582847669131   576.265879499289    576.05123867022   577.870143944791   577.865275286376
#[time: 5.98]
#[time: 5.99]
  5.991121163    5.99112181   582.565821213184   578.582847669131   582.690813973926   578.083922754572   579.213908923093   580.534255435501
