# command line: ./generate_stepping_data --cm 0.4 --eqmpre 200 --dt 1e-10 --ls 10.49 --runtime 3.0 --ct 0.2 --eqmpost 224 --label paramSearch-fitparamsrun --k_ub 75.0 --cb 0.1 --exp-unbinding-constant -0.35 --k_b 100000000.0 --lt 23.8 --eqt 0 --eqb 120 --seed 1.0 --nomovie --framerate 1e-10



#********paramSearch-fitparamsrun__k_b-1e+08,k_ub-75,c--0.35,cb-0.1,cm-0.4,ct-0.2,ls-10.49,lt-23.8,seed-1,dt-1e-10********
#time_unbind, time_bind, nbx_bind, fbx_bind, nmx_unbind, fmx_unbind, nmx_bind, fmx_bind
#[time: 0]
 0.0087229404  0.0087284101                  0  0.753387635054792   2.82479876179116  0.970237577722473   1.50875017841191   1.64729323535114
#[time: 0.01]
 0.0138971745  0.0139380001  -13.9897381833274  0.753387635054793   1.31637168542943    1.4219355392133  -8.95983419853175   3.87000522028621
#[time: 0.02]
 0.0287500475  0.0287518449  -4.56131844497831  0.753387635054793   -9.6087458321138   3.57685263777371  -3.56708533000174  -4.32874242675955
#[time: 0.03]
 0.0340262593  0.0340414932  -4.89840005851609  0.753387635054793    1.1891415849685   3.37516346318251  -1.63628843800424   1.68771364522765
#[time: 0.04]
#[time: 0.05]
 0.0519121022  0.0519174179  -4.89840005851609  -3.52407682872688  -1.47940211319552 -0.435509774979232  -5.75974975229718  -6.02782058424688
 0.0553202992  0.0553759995  -4.89840005851609  -5.73830384462469  -2.25006330812857   -1.7223879208639  -15.1502149061853   -15.060305107196
#[time: 0.06]
 0.0674952767  0.0675359866  -4.11187161547998  -5.73830384462469  -1.80768197702593  -2.25524191182875  -11.6817120840864  -9.92446445983502
#[time: 0.07]
#[time: 0.08]
 0.0852678658  0.0852852068  -4.11187161547998  -2.57648414257201   -3.9927672184365  -4.13563607654666  -9.02387403101763   -9.6168617657592
 0.0876589995  0.0877102317   2.57706711366755  -2.57648414257201  -1.47129067660788 -0.932618295685509  -7.37235802109278  -2.61926709932273
#[time: 0.09]
#[time: 0.1]
  0.100882241  0.1008984171   2.57706711366755   -9.0425407464072   3.32265503651009   2.17956707312106   1.12256322290699  -4.96044124919326
#[time: 0.11]
 0.1142203431   0.114224267  -5.25786656591185   -9.0425407464072    3.5070360740073  -2.24427440432102    -14.81923888025   -13.413991008783
#[time: 0.12]
 0.1286828481  0.1287300779  -31.2523554607824   -9.0425407464072  -5.13560101723784  -6.26122384227287  -25.3937588942683  -6.14276517896925
#[time: 0.13]
 0.1331719708  0.1331796815  -31.2523554607824  -35.8692113821631  -23.6045544578242  -7.39284803198445  -27.8352430870144   -30.984312128544
#[time: 0.14]
 0.1468624556  0.1469488286  -31.2523554607824  -29.5288528660886  -28.1640017471835  -29.7903180410124  -31.3193083441027  -31.5841703757714
#[time: 0.15]
 0.1513477071    0.15134984  -26.4025422630625  -29.5288528660886  -29.8510592213121  -31.3696381451411  -20.2860046455199  -23.5098760015476
#[time: 0.16]
 0.1628167791  0.1628482712  -23.5261081150259  -29.5288528660886  -28.3445367797113  -28.2447809017653  -32.8562745566983  -31.7197233232301
#[time: 0.17]
  0.175371827  0.1753844513  -23.5261081150259  -25.7009781512744  -23.1941667763844  -25.5112443873784  -25.6218921965918  -25.4927769155777
  0.177166122  0.1771901291  -23.5261081150259  -21.9340959835036  -19.4236660173058   -20.524033383695  -28.9892756490432  -32.2343851515551
 0.1780856888  0.1781093401  -23.5261081150259  -19.9586309728941  -20.2764226170535  -19.6129808930099  -29.0839297906714  -30.2295711650229
#[time: 0.18]
 0.1824342911  0.1824432231  -17.8711208831186  -19.9586309728941  -17.7972083478941  -16.3318757662829  -26.0679554132501  -24.8550956425606
#[time: 0.19]
 0.1959921083  0.1959944985  -26.9664322101333  -19.9586309728941   -15.440623647097  -15.9340012126001  -21.2903592689759   -19.767311644627
#[time: 0.2]
 0.2028716115  0.2028727731  -13.0822340893742  -19.9586309728941  -26.3064267988879   -19.407944382295  -22.3617244610591  -21.1679247603396
#[time: 0.21]
#[time: 0.22]
#[time: 0.23]
 0.2338024852  0.2338080166  -13.0822340893742   -9.8294374384808  -13.5842697523656  -14.3333425261129  -19.3778361388822  -20.1011214491931
 0.2370844162  0.2371633086  -13.0822340893742  -8.91100590223353  -10.0865777212058  -8.56635044494421  -11.9393066929079  -12.2765266572988
#[time: 0.24]
 0.2497380132  0.2497605774  -13.0822340893742  -11.3491540118713  -10.2694818479273  -9.19694187700876  -14.0704985788767  -15.4527704627329
#[time: 0.25]
 0.2554502051   0.255477557  -8.91866017719874  -11.3491540118713   -9.9394315954358  -9.28546978370979   -18.860128306759  -18.6489934555102
 0.2584903309  0.2585249376  -12.9963352641097  -11.3491540118713  -11.2881844404961  -9.71041709865985  -17.0220924482798  -18.6439622131127
#[time: 0.26]
 0.2666173586  0.2666522531  -12.9963352641097    -12.33480086637   -9.3598870035535  -9.21211969423405  -8.26022130677922  -11.0976917450916
 0.2694003519  0.2694023686  -3.87808815020477    -12.33480086637  -7.61706208203405  -7.32637475217315  -12.7600138188972  -7.67658049686369
#[time: 0.27]
 0.2747336881  0.2747524766  -10.2481838301309    -12.33480086637  -4.34966854686135  -8.13678345102124  -18.9511983655839  -19.0382759031729
 0.2788021403  0.2788351779  -9.13685787596721    -12.33480086637  -5.03320084024555  -6.25063281339111   -17.868632793307  -15.4820366946646
#[time: 0.28]
#[time: 0.29]
#[time: 0.3]
#[time: 0.31]
 0.3105150244  0.3105952719  -9.13685787596721   -8.2170662762503  -8.14089616792016   -9.0797078563994  -13.7726064295793  -14.1177890561538
 0.3109029678  0.3109033029  -9.13685787596721  -14.2173485828747  -4.22719364575477  -3.86105551644562   -5.8332177405374  -9.63117314905708
#[time: 0.32]
 0.3259580338  0.3259617894  -9.13685787596721  -7.18746905968282  -7.37325712332994  -11.8450233492198  -7.80604437468839  -7.71138576750836
#[time: 0.33]
#[time: 0.34]
#[time: 0.35]
#[time: 0.36]
#[time: 0.37]
 0.3745025826  0.3745026917  -9.13685787596721  -3.24365471893199  -6.48991169204757  -5.93445173385058  -1.87658853706399   5.43687023889928
#[time: 0.38]
#[time: 0.39]
#[time: 0.4]
 0.4040725829  0.4040811106   0.34179063155453  -3.24365471893199  -2.75259277437001  -1.04234036998459   -5.3510409619866  -4.96622046491564
 0.4055309729  0.4055808016  -4.14765210068561  -3.24365471893199   3.42913453473949   1.88917222607629   1.20154669374676   1.62297625037812
#[time: 0.41]
 0.4104391058  0.4104413158  -4.14765210068561   9.27307571773785  0.799252765387143   1.17889632802778   2.02344243331682   4.22797858822671
 0.4115574218  0.4115923019  -4.14765210068561 -0.624317564316867   2.57154967531653   5.14957424183316  -8.63377125651809  -9.45648149056532
#[time: 0.42]
#[time: 0.43]
#[time: 0.44]
 0.4485076095  0.4485327667  -1.39038453008809 -0.624317564316867  -1.41960811255104 -0.985134120267462   8.23991974255805   9.26614141073544
#[time: 0.45]
 0.4512221549  0.4512344121   3.85046116075556 -0.624317564316867 -0.873663256094884 -0.618426872251068  -5.12293720429906  0.114388386613011
#[time: 0.46]
 0.4656277662  0.4656376109   3.85046116075556   3.28205391429834   3.65165446687024   1.82739344140848  -2.03254254863492   -1.9952031706268
 0.4663756497  0.4663942235   4.40639464368175   3.28205391429834    4.5196958878602   4.45916330366586  -5.20128958511633  -5.34071877835579
#[time: 0.47]
#[time: 0.48]
 0.4847192432  0.4847221297   4.40639464368175   2.62595744022786   5.08778097380659   4.97515759744419   3.01572315391747    3.0297165542269
#[time: 0.49]
 0.4976019799  0.4976392822   6.47575914598963   2.62595744022786   7.30109022163314  -2.41914215490971   -3.8387253299759  -4.69810465018131
 0.4992468335  0.4992630024   13.5025821646916   2.62595744022786   4.99613557876674   4.84164410437725   9.82489400659155   7.79892083348251
#[time: 0.5]
#[time: 0.51]
#[time: 0.52]
#[time: 0.53]
 0.5392146713  0.5392153064    11.766978915076   2.62595744022786   14.5895020273306   8.21355227431874   5.73425327318192   7.36629989710861
#[time: 0.54]
 0.5467608705  0.5468002536   -3.0768351886996   2.62595744022786   15.5511853123665   10.3053481740015   1.54183087620064   5.22982412114545
#[time: 0.55]
 0.5536233943  0.5536878512  -5.30144795220287   2.62595744022786  0.487862630614153   2.46007363819133  -5.69291460959375   7.28533844131664
#[time: 0.56]
 0.5633512868  0.5634653697  -5.30144795220287  -4.21056255796024 -0.0120772529928468   4.60394502978245  -10.3644526006514  -10.8034702486817
 0.5668314578  0.5668629612  -5.30144795220287  0.749010319765913   -8.4606556851762  -3.92612127465426   -6.1871223925362  0.504613044393786
#[time: 0.57]
 0.5759552857  0.5760021017   5.00044500671807  0.749010319765913  -1.77770928674377  0.558673505601003  -4.14901109060706  -2.64632172794407
 0.5775872046   0.577623921   5.00044500671807   4.12651465251199   6.86474641789629   5.70483509496127   2.08025067313553    2.2209640632364
 0.5782752434  0.5782835051   5.00044500671807   8.93333524645372   8.41466919225191   7.80316189814505   1.10068637621762  0.220165484864825
#[time: 0.58]
 0.5839253136  0.5839452342   5.00044500671807  -1.55290332380551   11.4981915199897   13.4260187673748   3.73866450109162   2.51818216419619
 0.5841564189  0.5841776287 -0.529404863383366  -1.55290332380551   4.62487577939004   2.79941994736962  -10.9864109536375  -11.1448942416765
 0.5895801384  0.5895947307 -0.529404863383366  -3.07402737377971    1.9016314358185   1.26300110152852  -8.18572214239164  -6.85128087658877
#[time: 0.59]
#[time: 0.6]
  0.601592462  0.6015989757 -0.529404863383366   2.09461865563075  0.342777847606208 -0.474050516979798  -8.11018247929949  -7.91042112799898
 0.6067527774  0.6067568298 -0.529404863383366   1.58002540145189  0.828636719353399  0.851133324949762  -2.19399843582748  -6.09210902046266
#[time: 0.61]
#[time: 0.62]
#[time: 0.63]
  0.634371003  0.6343711833 -0.529404863383366   -2.7950828683971 0.0859215993213733  0.297534823564777  0.518334248773182 -0.623141645503592
 0.6373205058  0.6373235775 -0.529404863383366  -2.37028315922195  -1.79436257404823  -1.65865759087439   6.08569261125895   3.68575391553425
#[time: 0.64]
 0.6408278826   0.640875851 -0.529404863383366   5.61045865988627  -3.13282515403311  -2.38845524465162  -2.68469486002184  -3.62328138965746
 0.6457824911   0.645796027    8.6237444266529   5.61045865988627   6.77368846800809   9.93413057333607  -1.12992878481426  -1.66911058379735
 0.6463977407  0.6464195301   7.37551299289407   5.61045865988627   9.50694275979317    8.7957218934193    1.8473547765066   1.70366789041884
#[time: 0.65]
#[time: 0.66]
#[time: 0.67]
#[time: 0.68]
#[time: 0.69]
 0.6902933722  0.6902936277   7.37551299289407   3.33739055367291   5.49183601528586   7.04974486849594   10.9315134628433   5.54536763404793
#[time: 0.7]
#[time: 0.71]
 0.7121821179   0.712189252   5.49521514897703   3.33739055367291   10.6333504402324   9.39757998477821  -4.77349160870168  -5.17147488530049
#[time: 0.72]
 0.7292443881  0.7292777915   7.77322453104486   3.33739055367291    8.0495015000157   6.93567363991535   4.02993252510563   4.57781792367368
#[time: 0.73]
 0.7317931654  0.7318046946   7.77322453104486   3.45151372528881   7.73908169334596   6.49544402318056   16.7268447403023   9.16430953357003
#[time: 0.74]
 0.7433245597  0.7433578158   9.11353894454315   3.45151372528881   8.04608825697903   6.97354055113566   1.21536009058945   2.16430978585065
 0.7482634938  0.7482702588   9.11353894454315   12.6480835804953     12.36036402989   9.60947632247463   2.08476545542571    2.1697078117773
#[time: 0.75]
#[time: 0.76]
#[time: 0.77]
 0.7758112602  0.7758148677   9.11353894454315   10.5057417759242   15.4883083561226   17.1797570529024    4.8343207419371    3.2360183677166
#[time: 0.78]
 0.7893875814  0.7893890992   9.11353894454315   5.02306181581295   12.4331719538277   13.0934285091769   1.84204098296684   3.23115915837815
#[time: 0.79]
 0.7925444043  0.7925536672   7.36148894347752   5.02306181581295   10.7864235647146   9.06347526792074   4.37589187035727   4.71084425156305
 0.7967902759  0.7968348911   2.86454940274756   5.02306181581295   8.35998176618068   7.63719365819349  -2.88899984795095  -4.68620728412775
#[time: 0.8]
 0.8000853845  0.8001116277   7.52226902178427   5.02306181581295    6.8679268865157   8.03391107845002   12.7757093053326   8.47570400076338
#[time: 0.81]
 0.8147160796  0.8147324061   7.52226902178427    4.8755015868914   7.38253043298861   6.91057352808395  0.237126026789859  0.823276325997827
 0.8148344234  0.8149155988   7.52226902178427   16.6351863387941   12.1521917024821     10.24942388711   12.3365961417272   13.1562816873954
 0.8173550306   0.817398444   7.52226902178427   19.2136959237245   13.9860986561436   17.3045398498246   13.6699974631259   11.8693683104845
#[time: 0.82]
#[time: 0.83]
#[time: 0.84]
 0.8438216669  0.8438310779   18.5088134482695   19.2136959237245   11.0168440580808    21.323352337906   14.2261416966453   14.0385217122474
#[time: 0.85]
 0.8575601563  0.8575601576   15.8866936527714   19.2136959237245   21.7091900745274   21.9717765974369   21.0985487182208   22.7127415635181
#[time: 0.86]
 0.8637531336  0.8637751147   17.9342626603622   19.2136959237245   20.3464001593373   14.6449407935858   11.8715973974248   10.6197920564867
#[time: 0.87]
  0.872289858  0.8723221158   17.9342626603622    22.344057116905   20.5110571002117   21.1249656270768   15.0434061492509   12.9760615269206
 0.8775243983    0.87752654   27.6569722723914    22.344057116905   21.3922459047174   22.3661461225338   30.7302480870087   28.0847231017191
#[time: 0.88]
 0.8853014702  0.8853358163   27.6569722723914   36.6443907748291   23.2965925775814   24.2925795504821    30.300997027792   26.9317313326961
#[time: 0.89]
#[time: 0.9]
 0.9038630199  0.9038873342   41.2084097914933   36.6443907748291   30.0020168697848   29.6501757660642   38.5390089528868   38.6711811379948
 0.9082549534  0.9083182817   41.2084097914933   42.6971227564928   36.6517747641459   41.4371929426297   35.0689493628555   34.7345448304994
#[time: 0.91]
 0.9133611195  0.9134626145   57.8472990264013   42.6971227564928   44.4365363299452   44.7499117990423   53.8910721927658   48.7885172479848
 0.9183780914  0.9183986148   57.8472990264013   69.7641868736333   59.2493159093841   47.8614985076026   63.5618820902874   72.6549675064275
 0.9197746761   0.919782537   74.0168269687601   69.7641868736333   62.2441289106579    71.419129429901    64.186314199943   66.2317013920064
#[time: 0.92]
 0.9296728971  0.9296816943   65.8122255595704   69.7641868736333   72.0627381042599   71.8996388490315   61.5744702915947   61.9734256925504
#[time: 0.93]
 0.9342872554  0.9343009386   65.8122255595704   69.6726909400284   68.4614758306871   69.0776773876953   68.0463740019513   69.2199588306264
#[time: 0.94]
 0.9449575159  0.9449649527   72.9128413107603   69.6726909400284   71.8577929674322   75.6295518663363   65.5852305691561   67.0694723875332
#[time: 0.95]
#[time: 0.96]
 0.9601895043  0.9602410099   75.0195068501874   69.6726909400284   74.3745247186713    72.575865769503   73.5996317025517   72.5561242005461
#[time: 0.97]
 0.9703401633  0.9703741437   72.8019363552924   69.6726909400284   75.9050727348087   72.9089146828286   72.9805234784553   72.2310542376531
 0.9708148322  0.9708408226   72.8019363552924   66.1262968454282    74.630671256228   73.5191384649004   78.0330070754833   72.6742972518079
 0.9714437537  0.9714451748   68.2198959285481   66.1262968454282   69.4888591522042   69.4716912924048   63.6150909883064   65.8918836350999
#[time: 0.98]
#[time: 0.99]
#[time: 1]
  1.009180251   1.009204804   68.2198959285481   54.3569753613163   67.7097964380443   67.4088804195207   70.1999217949415   60.4000181185425
#[time: 1.01]
#[time: 1.02]
#[time: 1.03]
  1.031026578   1.031127768   47.2726011757332   54.3569753613163   67.1344388984677   62.2780482159431   52.4271056446984   48.5408965010426
  1.032482098   1.032501847   47.2726011757332   35.3274977911017   50.7885889371986   53.1016432921078   55.2262111873043     40.74433527545
  1.039286872   1.039290289   47.2726011757332   51.1031869195655   48.0011869113576    39.388379326873   50.2411564097776   51.6094816943692
#[time: 1.04]
  1.048225579    1.04824555   47.2726011757332   46.7065165523671   50.1203806595048   50.7426257307246   51.9560884492916   51.3024249018972
#[time: 1.05]
#[time: 1.06]
#[time: 1.07]
#[time: 1.08]
  1.082078985   1.082102416   42.0556319370637   46.7065165523671   52.6055773135041   52.2774635863395   47.4073931533067   48.6656345446822
#[time: 1.09]
#[time: 1.1]
  1.101915608   1.101918319   42.0556319370637   33.9129127070545    44.212107738133   43.5744559621002   51.0873342279213   43.0334041323715
#[time: 1.11]
  1.110710892   1.110715821   35.4004997394342   33.9129127070545     44.40220899075   41.5835789292473   35.0095627365602   34.3537926767114
  1.112115036   1.112118244   36.0772509818737   33.9129127070545   37.5202975477387   36.9546077244763   28.1069602057002   31.5566449115385
#[time: 1.12]
   1.12150263   1.121530375   33.0078026989926   33.9129127070545   33.7766865831868   34.9683866036938   36.3346224033256   36.8146195643959
#[time: 1.13]
#[time: 1.14]
  1.144393911   1.144402054   23.3572116343235   33.9129127070545   33.7850095710841   33.8489560347606    26.534648079006   32.4530979021101
  1.145766085   1.145795335   23.3572116343235    19.698098691975   29.5700395267665   34.8744011475163   29.2574393848233   23.7790635283332
#[time: 1.15]
#[time: 1.16]
#[time: 1.17]
  1.173485335   1.173499549   21.2610869462935    19.698098691975   22.0919597415809   21.6735597402537   16.2249981013335   16.9259771364212
  1.179343173   1.179375879   21.2610869462935   13.9750857448559   20.4941290818492   20.4802911775141   26.0595009572971   19.5250070186902
  1.179628786   1.179662428   16.0122044649786   13.9750857448559   23.4660119733526   19.7879293025001   16.8407246384091   16.4960533901689
#[time: 1.18]
#[time: 1.19]
  1.199377045   1.199400366   16.0122044649786   28.6234495586823    20.977752517496   20.1348621008405     20.90170897706   26.9324407752917
   1.19941546   1.199431221   16.0122044649786   20.7895329542628   22.6816186132407   27.5691664831986   15.6574240933873   11.9699029826312
#[time: 1.2]
  1.205697209   1.205779813   12.9787721658381   20.7895329542628   19.1479135230435   22.1819053304464   17.7472988452707   22.3169585854767
#[time: 1.21]
  1.215005886   1.215025529   19.0832434001159   20.7895329542628    19.865760219828   23.7323001538389   22.0978510079646    22.750365469255
  1.215876896   1.215876991   29.5554343152277   20.7895329542628   22.0238109198984   22.2900949995056   23.3458730255367   24.4539997446431
#[time: 1.22]
  1.224146881   1.224150674   29.5554343152277   31.3034562049439   31.3278201591066   25.7137252848251   31.4741225443183   32.5167158404428
  1.227964797    1.22797141   27.9791607048961   31.3034562049439   34.8345289440536   35.5787324855619   22.1989930619071   22.5658226185824
#[time: 1.23]
#[time: 1.24]
  1.242427528   1.242431394   32.1046438880526   31.3034562049439   32.6224863448834   33.2652180560534   24.1576235881587    24.182501960206
#[time: 1.25]
#[time: 1.26]
  1.265343657   1.265343828    29.309970087385   31.3034562049439   35.4816952920596   35.2880787143834   22.4970651853093   22.8009899765643
#[time: 1.27]
  1.278505048   1.278553132    33.084880321478   31.3034562049439   29.4876476775182   31.0804571610446    27.604109636016   28.3796370673336
#[time: 1.28]
  1.284437788   1.284487585    33.084880321478   37.4896462899917   34.3056259220186   33.8375351698796   32.4959490450221   31.3872746266081
   1.28470205   1.284703706   40.6490900948583   37.4896462899917   36.8589902106209   40.4971660627129   31.0297694831341   31.9560096819574
#[time: 1.29]
#[time: 1.3]
#[time: 1.31]
  1.318038119   1.318038855   40.6490900948583   42.3736063991746   40.5456806922276   39.8202783804563   33.7934718817571   33.2970370496047
#[time: 1.32]
  1.322942419   1.322960264   37.2768462016972   42.3736063991746   44.1965449253282   44.9212696302958   41.0660576866027   41.8459640309328
#[time: 1.33]
  1.331734535   1.331774298    43.869606178537   42.3736063991746   39.9111268596756   39.9572620442176   34.4604674300491   35.3093290905904
#[time: 1.34]
#[time: 1.35]
  1.351508573   1.351539464    43.869606178537   43.3183634748083    43.845375134739   43.7942255182049   38.3697949394978   38.8395905209596
#[time: 1.36]
  1.369807889   1.369819828    43.869606178537   39.2279410853407   44.1801726715544   44.1454459472129   53.8866007660885   47.3963134645025
#[time: 1.37]
#[time: 1.38]
#[time: 1.39]
   1.39296539   1.393008082    43.869606178537   39.0771132645043   46.9446358410861   45.2695860414447   52.4171105472954   47.3077200919275
#[time: 1.4]
#[time: 1.41]
#[time: 1.42]
  1.422225205    1.42227146    43.869606178537   45.3028846904871    46.573467075618   44.2169634253331   37.0803148651916   36.8901496470115
#[time: 1.43]
#[time: 1.44]
  1.447855226   1.447859004   48.1303150080126   45.3028846904871   46.6069445817738   46.8752671914899   37.8836695842527   42.7575630186824
  1.449779132   1.449792248   48.1303150080126   51.6242253757936   48.9676158183964   48.2226687726111   47.7672077325408   44.9773727858596
#[time: 1.45]
#[time: 1.46]
#[time: 1.47]
#[time: 1.48]
#[time: 1.49]
#[time: 1.5]
  1.506444476   1.506460598   48.1303150080126   47.3495593936357   50.4247806201214   51.2985661693133   38.5532847669586   40.2166430026768
#[time: 1.51]
  1.518414294   1.518416624   48.1303150080126   43.4999997627849   55.3558568366576   54.9649900622308   52.3668083396988   49.1192271456613
#[time: 1.52]
  1.524590611   1.524595443   44.6701105924003   43.4999997627849   49.8209415893286   48.7674953997218   35.3389133484631   37.6103583838221
  1.525894131   1.525896121   44.6701105924003   42.7892955272031     43.91268990816   43.9346164517174   39.1235393776088   39.6455613619677
#[time: 1.53]
#[time: 1.54]
   1.54134951   1.541366949   43.8491088712105   42.7892955272031   46.0576619372429   45.5567108846139   42.4716964537449   42.6321325211975
  1.543526257   1.543597146   43.8491088712105   44.8480271675483   46.4807251648938   45.2804767316976   42.5113508312352   42.0500872359979
#[time: 1.55]
#[time: 1.56]
#[time: 1.57]
#[time: 1.58]
  1.581175957   1.581190182   43.8491088712105   52.6759469687471   49.1865082117914   49.7592777859169   48.6027738041948   45.9670447947332
  1.585381757   1.585392492   57.2133580655504   52.6759469687471   50.6735178951891   54.7539686122491   54.7378151291529   55.0087358933308
#[time: 1.59]
#[time: 1.6]
  1.605306519   1.605313698   51.0688033288987   52.6759469687471   60.1381733909983   56.8881979952058   54.9765743016601   56.3669529614476
  1.605813365   1.605834818   52.1351716348396   52.6759469687471   58.3920432606077   59.6846860131039    48.632406986206   51.7585249615926
  1.607400433   1.607456277   53.5692280418593   52.6759469687471   54.0140289628567   54.1858110383984   51.5337822876485   51.7488798491644
#[time: 1.61]
  1.615771824   1.615784588   50.6988310879158   52.6759469687471   55.4237305898062   54.7152227145654   46.3425426265276   44.3418152905746
#[time: 1.62]
  1.628340133    1.62834959   50.6988310879158   52.7126617876212   53.0425735993883   53.9097617417147    43.531205989962   43.6145143703661
#[time: 1.63]
  1.632359921   1.632404523   50.6988310879158   55.4810325992849   54.9512137387765   56.6430761692272   50.7175433488814   47.2369977443217
#[time: 1.64]
#[time: 1.65]
#[time: 1.66]
#[time: 1.67]
  1.670248324   1.670267621   50.6988310879158   61.2106190669563   55.0960623494951   55.2564053112771   53.8411456456812   59.1675086461881
  1.673996544   1.674038183   47.4145451016336   61.2106190669563   56.8210930340289   57.7507902784706   55.0276852714769   60.8125163550964
  1.677611411   1.677616405   66.5657904902329   61.2106190669563    56.185162202186   62.0207931100841   57.5510103635301   58.4373481009296
#[time: 1.68]
  1.680230602   1.680295419   66.5657904902329    71.251916358388   71.2528020144412   66.8956163444181   70.2295493806692   73.2013220214092
  1.685921087   1.685922706   66.5657904902329   56.7548598020796   71.5764950765793    73.290395015279   65.2936031882147   62.7055990136936
  1.688636121   1.688642368   59.2753923655674   56.7548598020796   63.7053006457954   62.3330388595116   54.2916473812111   55.4005114365533
#[time: 1.69]
  1.695630164   1.695637861   58.4810432846615   56.7548598020796    63.362073340803   60.8927438439379   48.4087727202423   50.0695343725453
   1.69992571   1.699940603   60.6506079877803   56.7548598020796   64.6663475051697   63.7940390511652   51.4893125224594   51.0877503012566
#[time: 1.7]
#[time: 1.71]
  1.712586455   1.712600612   60.6506079877803   61.2649226771576   62.2185181628087   60.5792274098031   53.0702372457541   52.5610686455827
#[time: 1.72]
  1.720985708   1.720994976   60.6506079877803   65.1150047550791   60.7192786526822   60.7055792955057   55.0238705042877   55.3147435552495
  1.726799914   1.726807976   60.6506079877803   59.9949571275565   64.2062003184662   65.8406305189182   62.7998996732184   52.8216603212925
  1.728962289    1.72897214   60.6506079877803   58.0404124151543   56.3731540406791   65.9903371543579   57.5746890847782   57.9246004860796
#[time: 1.73]
#[time: 1.74]
#[time: 1.75]
#[time: 1.76]
  1.765710693    1.76572437   60.6506079877803   57.1580116133443   67.1306689957193   64.9451827783315    60.047781039658   62.8956014125754
#[time: 1.77]
#[time: 1.78]
#[time: 1.79]
#[time: 1.8]
  1.801223333   1.801274094   53.6049692091989   57.1580116133443   64.0985043632975   62.8212665708006   54.7298819749774    61.077290345032
  1.804108605   1.804124568   60.4518604981842   57.1580116133443   55.2688987914309   55.2023940828585   53.1338407066426   53.0521361099998
  1.807774259   1.807786838   58.6767108478893   57.1580116133443   64.3092286619491   62.2052732343976   51.0457978210675   51.9968113767315
  1.809180464   1.809186062   56.3776571245644   57.1580116133443    61.607605081572    61.100050777294   52.3136588770118   52.0977017104485
#[time: 1.81]
  1.813558734   1.813593125   54.3845747749906   57.1580116133443    55.122201729446   61.7251854408156   59.2089274952713   61.5115059156045
#[time: 1.82]
  1.821731679   1.821757497   54.3845747749906   49.2777429107449   55.8872929706121   56.2135628979821   57.9139204522902     53.27754648421
  1.824017491   1.824068772     50.50662824099   49.2777429107449   48.8386752632828   50.3839387008548   47.1628882930014   47.4736323382876
#[time: 1.83]
#[time: 1.84]
#[time: 1.85]
  1.850563893   1.850584076   51.7587271490323   49.2777429107449   55.4937641531459   54.9129794859289   43.2933493596392   44.1546941860777
  1.859694078   1.859709354   51.7587271490323   52.6284736819434   54.8502908457733   53.9611594853507   51.8273701561529   52.1028868867361
#[time: 1.86]
  1.863766762   1.863824985   51.7587271490323   41.8436435829694   54.4465488962294   54.5718062122208   60.5357297873452   45.7199474415593
#[time: 1.87]
  1.879514318   1.879535365   51.7587271490323   56.7101864600692   56.5520520555477    46.225827827543   49.8703629955271   48.8370933637688
#[time: 1.88]
  1.889906194   1.889906223   51.1543784516798   56.7101864600692   54.3958020702971   52.8774172786979   46.0780511474934   59.0111836674762
#[time: 1.89]
#[time: 1.9]
#[time: 1.91]
  1.912930462   1.912973478   58.7974474482445   56.7101864600692   57.8514071235085   60.2209143707616   48.6036198312865    49.147441590544
  1.919125654   1.919160906   58.7974474482445   62.1897593522623   61.5709706342098   60.9301292838249   56.3978022837169   54.6157701155026
  1.919537196   1.919545717   58.7974474482445   59.5434888555951   58.7252061576093   63.0911483112203    60.355186670883   60.5446013957002
#[time: 1.92]
  1.929590313   1.929590481    66.743892537245   59.5434888555951   65.7022768166129   66.1799538384201   76.9496314642755   69.6256814126264
#[time: 1.93]
#[time: 1.94]
#[time: 1.95]
#[time: 1.96]
#[time: 1.97]
#[time: 1.98]
  1.984710272   1.984762814    66.743892537245   76.3841579225381   70.1181182594819   60.1607347949982   70.9235848947904    70.711085147569
  1.989190993    1.98919872    66.743892537245   69.5494590491092   72.1685301351601   74.5383141169289   71.8079801013985   75.3907199810408
#[time: 1.99]
  1.994066523   1.994092322    66.743892537245   62.8099599395701   72.7121387523637   73.7142757931282   70.5313754757022   66.9045002194226
  1.999742847   1.999764709   69.2173079070069   62.8099599395701   66.0505151308956   65.3784831038815   78.9667503532653   67.5034261761642
#[time: 2]
#[time: 2.01]
#[time: 2.02]
  2.022508995   2.022527246   63.7743478982525   62.8099599395701    68.245682981187   67.1215263097799   55.3462815153542   56.5980513492856
  2.027251654   2.027287539   63.7743478982525   57.8263906179873   63.0278048237932   63.7891228141728   59.0627564557006   60.4045628817907
#[time: 2.03]
  2.033748303    2.03375278   54.2925118433619   57.8263906179873   70.2216880740923    63.982520825003    49.256620512721   48.2097457587385
  2.037767233   2.037802815   59.2531727759397   57.8263906179873   59.0895192661844   60.4513772857106    57.564218410574   56.7712633737331
  2.038118333   2.038141269   60.4424347296503   57.8263906179873   58.4379688673204   58.4560711427384   53.3386213019613   53.3672333522377
#[time: 2.04]
  2.040398743   2.040402651   60.4424347296503   61.0748435601502   62.9941767459694   60.6953342634895   60.6054960838374   60.5615831869024
  2.042220009   2.042253605   60.4424347296503   49.3473039740103   64.2992767644596   64.8115764382551   66.1815107367603   56.4270752535642
  2.049761438   2.049763065    47.537037169535   49.3473039740103   63.0582099403636   55.7818268248969   50.2579345007224    55.519483612161
#[time: 2.05]
#[time: 2.06]
#[time: 2.07]
#[time: 2.08]
#[time: 2.09]
#[time: 2.1]
  2.103546447   2.103565137    47.537037169535   46.2939648571187   50.5074522415209   51.3319965952647   41.3058006445243   41.5808607840565
  2.104997817   2.105068023    47.537037169535   38.4690532013558   47.7352133053491   47.6559472785004   53.6982290083057   45.9919322164791
  2.109122385   2.109151686    47.537037169535   53.2349015305348   52.8790624525058   46.0842924131832    44.643632560661     43.86656015156
#[time: 2.11]
  2.114068359   2.114082861    47.537037169535   50.3502232328721   52.3609436079109   53.4879000343037   47.7619550499513   47.3067218138839
#[time: 2.12]
  2.122167948   2.122220905    47.537037169535   50.0551566482573   51.2892248980485   51.9159951768324   53.3477828993169   56.0376832870256
  2.125236101   2.125238045    47.537037169535   50.5149847880406   52.9795486661984     54.71104710481   43.0537145812628   41.2049600719732
#[time: 2.13]
  2.132975108   2.132993012    47.537037169535   49.7205273983465   51.0496935155512   51.9673796422147   49.1576673615354   50.8361038385928
  2.137499752   2.137528051    47.537037169535   57.8872377996259   46.1001766148557   50.5705458797827    52.671599881485   52.3758998222405
#[time: 2.14]
  2.145218015    2.14524303    47.537037169535   45.4743287271744   54.3513546908428   59.6460332242672   53.4787541023979   50.2334886062076
#[time: 2.15]
  2.156724756   2.156791879    47.537037169535   58.7733228844418   45.1368112534975    45.310300273076   52.7450568525168   54.6475319013473
#[time: 2.16]
  2.162455634   2.162485596    47.537037169535   46.9872641232518   53.1514616926748   58.0422357515862   41.6062552351287   37.1254010444276
  2.163131876   2.163172106    41.926609195894   46.9872641232518   52.6622002778102   52.2675874188947   42.8159906734143   50.0169184395032
#[time: 2.17]
  2.178524328   2.178568305    41.926609195894   46.4000391651109   47.7244076818675   50.0506770350007   44.7817943011593   48.6068748747756
#[time: 2.18]
  2.182824332   2.182825816   47.8905888908842   46.4000391651109   44.3144809564815   44.7886030581267   39.9080810630414   39.7223534913118
  2.189637655   2.189685237   41.2067205694841   46.4000391651109   53.9994946386112   52.8623339575844   42.1745773248953    41.787271493752
  2.189739473   2.189757094   58.4371934190889   46.4000391651109   44.9553263636353   46.4916538076517   55.9815875245335    51.318023737444
#[time: 2.19]
  2.191871047   2.191874108   47.4884960005914   46.4000391651109   63.3949464823578   56.3564743523987   37.3242722324247   38.8322578498439
  2.197222765   2.197223716   47.4884960005914   46.3452006587682   46.9763951003479   46.9724916661916   40.4178293159456   41.2409065022118
#[time: 2.2]
  2.207304605   2.207321986   44.0153894027173   46.3452006587682   52.6588627839167    51.819147669168   42.1545881734588    41.666293073542
#[time: 2.21]
   2.21001671    2.21001711   54.4083139545435   46.3452006587682    47.381467444661   48.6259755072801    64.064547358529   54.0099390415934
  2.210752562   2.210763921   54.4083139545435   67.8768572229375   55.8659049304684   51.4530251149895   61.3495452932974    61.639683075139
  2.213310564   2.213326147   54.4083139545435   43.3992965473683   58.7868826159689    67.397326750166   54.6583839996322   43.4974417477538
  2.219807354   2.219831609    44.628919818851   43.3992965473683   55.3267207495286    49.662442159944    36.851386275735   46.4095886958278
#[time: 2.22]
   2.22033919   2.220350078    44.628919818851   54.8618698149583   45.9439046213131   44.0709101090883   51.4852868910331     46.21804430648
#[time: 2.23]
  2.236222844   2.236261486    44.628919818851   52.5206033185788   51.1559940705844   53.2763356604571   48.4013453088295    47.975153300593
#[time: 2.24]
  2.240940321    2.24096659    44.628919818851   43.5763229123578   49.8299062590673   51.3820678261307   35.5338252310094   36.6664988101517
  2.241613468   2.241635798    44.628919818851   49.1950816556124   47.1547037988835   46.7096634897707   38.5438072662996   38.8585097658672
#[time: 2.25]
  2.251522256   2.251532015   52.9787280194857   49.1950816556124   50.4082071471971   51.4102160509353   42.8691799772713   42.0254676349645
  2.255764181   2.255800541   52.9787280194857   52.4065779066881   56.3148831404249    54.353708345386   55.5688756036337   52.1373605634511
  2.257821375   2.257837949   49.5600394911043   52.4065779066881   58.2751476340254   58.0014843600121   51.5235828675274     55.25994333456
#[time: 2.26]
#[time: 2.27]
#[time: 2.28]
#[time: 2.29]
  2.295784383   2.295839616   62.1505263462003   52.4065779066881   57.2694635197815   59.4699292275299   65.9843891626559   58.1400167527883
   2.29776518   2.297815026   62.1505263462003   63.3106456598366   65.6538881861095   59.3415855960282   57.7841396603126   56.8000514096908
   2.29942106   2.299422106   62.1505263462003    71.827259535776    63.665970029929   63.7127583555757   55.1215107561174   68.4764893856438
#[time: 2.3]
  2.305829405   2.305853635   77.7621364050149    71.827259535776   67.6020073551303   71.2745651237003   70.2333001871175   70.4678439104542
  2.307230942   2.307232238   77.7621364050149   86.7003936889378   77.1815068897001   75.2677696072458   81.6508586740857   81.1177619431201
#[time: 2.31]
  2.312917981   2.312933245   77.7621364050149   80.8081806942653   86.9020121045062   93.3380345469852   78.8162324955662   75.6393295583266
#[time: 2.32]
  2.327150053   2.327167438   86.3940523568779   80.8081806942653   82.0572164523611   83.6170214905912   78.0548209724359   85.3062310628495
#[time: 2.33]
  2.333220934   2.333228313   80.1152027684729   80.8081806942653   83.4558003199221   83.4872740859939   78.7784354076048   78.5656224728429
  2.336344999   2.336356361   83.4993285074535   80.8081806942653   82.4910372459832    82.856753572068   73.8089698912007   77.5206234329817
#[time: 2.34]
#[time: 2.35]
   2.35571743   2.355727301   83.4993285074535   82.3960620835509   85.1667291333203   84.3761935446787   82.2465026477512   74.0175442681899
#[time: 2.36]
  2.362954038   2.362989212   83.4993285074535   84.1542214867963   85.0868224196834   84.7701903359023   79.2644853178451   79.2888349768179
  2.364001665   2.364013402    81.482362043203   84.1542214867963   85.8958980263022    86.283346159511   74.7326236975084   80.5018676307076
#[time: 2.37]
#[time: 2.38]
#[time: 2.39]
  2.397430836   2.397438844    81.482362043203   82.7785777095642   85.9708255074588   87.4960038948178   72.4153468759575   72.5438868188495
  2.399481997   2.399506649    81.482362043203   47.0049112333051   85.6278037909155   86.4162284824276   77.1701065185133   53.0527243541522
#[time: 2.4]
#[time: 2.41]
#[time: 2.42]
  2.429542917   2.429579123    81.482362043203   84.1874075028577   83.4907566027138   56.6620098460415   82.6705796401265   82.3191670569702
#[time: 2.43]
  2.436710723    2.43676896   85.6352989978178   84.1874075028577   85.1030169546805   86.0459179497941   84.9411239834428   84.9353754717581
  2.437668972   2.437686965   88.7399809769838   84.1874075028577   84.5265787661143   85.1395183692994   79.8526316708954    80.961156806891
#[time: 2.44]
  2.446460383   2.446476762   83.0555368720188   84.1874075028577   89.2869849439107   87.8521771564986    92.913832235755   94.4039139353538
#[time: 2.45]
#[time: 2.46]
  2.464079235   2.464100907   83.0555368720188   84.6857918292605   84.8120826882896   85.1993708042249   74.7096523851978    75.065400737103
  2.464117383   2.464118106    81.935089781594   84.6857918292605   85.8646908625586   86.2586347546411   82.0896503788157   80.9971430105624
  2.467455717   2.467463941    81.935089781594   80.4546227134582   87.5182926815879   89.0734879758792   78.8531921670302   79.3341769413431
#[time: 2.47]
#[time: 2.48]
  2.487871222   2.487884784    81.935089781594   102.189128402265   82.6593996306763   82.1505009822308   90.9191310346642   99.1378592514382
#[time: 2.49]
  2.496866692   2.496926429   109.209671724684   102.189128402265   89.9751077266235   100.692022112758   102.068821550187   102.863470011188
#[time: 2.5]
#[time: 2.51]
  2.513488328   2.513488876   102.852984587283   102.189128402265   113.119946313294   108.584147503808   99.5350695952439   99.6537397138622
  2.518763789   2.518764592   108.827773001344   102.189128402265    100.45873230058   102.854762301698   113.074892459318    107.50299324224
#[time: 2.52]
  2.529221675   2.529252974   108.827773001344   106.934958463795   101.880038875029   103.312567407586   115.117937872814   113.631804350026
#[time: 2.53]
  2.531692245   2.531698918   82.2020686072927   106.934958463795   112.307460346171   110.603493167174   86.6133407994754   114.147298978012
  2.535797462   2.535819845   108.101072803231   106.934958463795   87.6290749243003   110.950282135554   99.7788729923388   102.284442024196
  2.536917207   2.536921655   108.101072803231   106.531661536331   106.552357965507   106.716611976742   108.083225457909   105.995687250109
#[time: 2.54]
#[time: 2.55]
#[time: 2.56]
  2.563994387   2.563999794   108.076476898351   106.531661536331   112.124175580747   111.558299143177    99.465964794734    99.689344985043
#[time: 2.57]
  2.571970957    2.57198944   108.076476898351   109.882857147833   107.913042236848   107.644587739742   101.903933282952   100.316319709968
  2.572420758   2.572425566   111.236219442048   109.882857147833   115.334070009823   116.664560813489   110.757609429138   110.660323325955
  2.578949828   2.578971835   119.563237916385   109.882857147833   111.877164860517   111.425602649637   117.362103727215   114.801822717263
#[time: 2.58]
  2.583728628   2.583745063   110.951747002182   109.882857147833   122.573743037624   115.476565897704   104.332760878278   104.371966903267
#[time: 2.59]
#[time: 2.6]
  2.605595177   2.605599665   110.951747002182   112.743242101942   110.517543259807   111.124502277938   104.367506817302   104.644254845381
#[time: 2.61]
  2.616808317   2.616845986   111.531653657399   112.743242101942   113.884806469322   114.166825015318   111.074409684247   110.533880381774
  2.619148927   2.619177865   118.111521341773   112.743242101942   114.608578491098   115.004059775683   113.492471955538   114.816618172932
#[time: 2.62]
   2.62326165   2.623264652   114.444098857662   112.743242101942   117.322735384855   116.225972797226   107.311875266734   108.424377656544
  2.629781525   2.629795779   124.046991524379   112.743242101942   118.357232209254   117.815178018038   122.881922802912   115.247762559628
#[time: 2.63]
  2.632963573   2.632989756   113.786389734724   112.743242101942   125.143541973257   120.353315921612   107.330240109324     108.8307764774
  2.637316094   2.637323829   113.786389734724   118.624789547225   119.958142007282   119.394226531184   116.246529176843    120.75182339469
#[time: 2.64]
  2.644563255   2.644609569   113.786389734724   111.761411810103   118.233303107517   119.754730064133   123.179238386691   121.182299053933
#[time: 2.65]
#[time: 2.66]
   2.66295302   2.662956727   112.635798681697   111.761411810103    114.85220159191   114.129489144586   114.697545700697   113.534266047847
#[time: 2.67]
#[time: 2.68]
#[time: 2.69]
  2.691616585   2.691657441   112.635798681697      114.471676048   114.165409840839   114.018550653162   109.181916228329   105.284433472061
#[time: 2.7]
#[time: 2.71]
#[time: 2.72]
#[time: 2.73]
#[time: 2.74]
  2.740950906   2.740954663   121.926285950657      114.471676048     116.0091405497   116.984111001828   127.576965343814   119.941156828966
  2.742755053   2.742766002    115.69721931156      114.471676048   123.937534169168   120.163955338304   111.426298541594    112.21526072985
#[time: 2.75]
  2.750861814   2.750866866    115.69721931156    124.19218911216   120.453476689018   119.827632681774   116.280646771992    114.48626248461
  2.752054695   2.752080358    115.69721931156   115.151993564111   120.415666554269   120.990221903195   108.948262230228   109.731715472113
#[time: 2.76]
#[time: 2.77]
  2.774362442   2.774391812    115.69721931156   116.766884931461   115.284466427828   115.299138964578   106.950136965133   107.072246502827
  2.778261601   2.778277147   118.479163330282   116.766884931461   118.081618004291   118.373260520753   113.675254351976   115.145327315906
#[time: 2.78]
  2.782299609   2.782307904   118.479163330282   123.429334186968   124.615491739343   123.721910966429   113.868096331192   113.296936101246
  2.785857634   2.785866983   125.520371045221   123.429334186968   124.831287180174   127.561275774694   118.822068697327   122.938856771749
#[time: 2.79]
#[time: 2.8]
  2.806762367   2.806796526   115.501854524484   123.429334186968   129.341391436064   128.201098403323   119.933685129145   120.941188923057
  2.809868736   2.809883068   114.279440095273   123.429334186968   121.071757245607   125.389710589595   120.680545836427   133.755611757186
#[time: 2.81]
  2.810260286   2.810267751   114.279440095273   116.618781498497   117.425590646958   124.868363985326    121.12711618845   123.434335682322
   2.81092983   2.810949318   121.189711113926   116.618781498497   115.958593428698   116.310195739652   126.558731525902   122.649186017277
  2.812678067   2.812744518   96.4156335794318   116.618781498497    118.18626467179   118.470327280043   103.743602253704   118.972373603919
#[time: 2.82]
  2.823226518   2.823228057   114.350203031153   116.618781498497   103.487675510063   110.902400509333   114.166115682096   116.433204571975
  2.826348822   2.826351227   110.493093501257   116.618781498497   120.522215969078   121.851395876907   113.754963373779   120.029644220726
#[time: 2.83]
  2.831195973   2.831217234   110.493093501257   111.049017043112   113.988379552117   115.781096133277     106.7485427934   106.638830344938
#[time: 2.84]
  2.848192423   2.848200711   110.493093501257    112.96731513349   114.252547434836   114.514685592563   104.130687854635   103.070897457174
#[time: 2.85]
  2.858566282   2.858594231   119.414381260502    112.96731513349   112.767866360855   113.146145981025   118.328136168209   116.430665032481
#[time: 2.86]
  2.860865529   2.860941064   119.414381260502   121.914972748276   118.061794852433   117.108228271827   121.427227925735   122.392689104265
  2.861051441   2.861055506   119.414381260502   109.533134342581   121.844209167254   122.416657271456   126.799603227672   113.056180314107
#[time: 2.87]
#[time: 2.88]
  2.887337814   2.887340886   119.414381260502   118.584369966778    119.78798960837    114.87714839987   112.152487798498   112.308337636482
#[time: 2.89]
  2.895150253      2.895164   119.414381260502   105.920185730558    119.42759542679   119.395024361201   119.291268704914   108.972283054938
#[time: 2.9]
#[time: 2.91]
   2.91915879   2.919171386   119.414381260502   123.562822254639   114.387352985543   112.852593134873   114.758585515697   114.727293006574
#[time: 2.92]
  2.922459446   2.922464061   127.795241810467   123.562822254639   123.952863276257   125.220865875234    128.03145003292   126.806540772217
  2.922539173   2.922552136   123.018619376253   123.562822254639   129.042736751976   128.153277472777   116.115635956856   116.226448759209
  2.927203908   2.927210461   123.018619376253    109.91365228545   127.231355922245   127.329377958984   129.052494774529   115.281304880257
#[time: 2.93]
  2.935059935    2.93506093   123.018619376253   121.124997387786   119.740395814138   116.899383806082   125.389142483426   124.882825593032
   2.93696985   2.936974656   123.018619376253     128.9404751804    126.06014117298   124.896755998396   121.473974363711   120.881931770834
#[time: 2.94]
#[time: 2.95]
#[time: 2.96]
  2.960511033   2.960529711   129.591211174237     128.9404751804   127.323032422627   130.101771215771   132.400355495002   131.831011920243
  2.968815412    2.96882391   129.913936298045     128.9404751804   131.605323059894   131.455765866399   119.660220771067   120.099341666257
#[time: 2.97]
  2.970296219   2.970305479   129.913936298045   135.354481918696    132.58561865645     126.4747438547   126.069870798241   125.553495510538
#[time: 2.98]
  2.989583679   2.989638063   139.046275911218   135.354481918696   132.047834832394   130.097508556665   129.652730471666   130.059155551817
#[time: 2.99]
  2.994822423   2.994833921   139.997566092516   135.354481918696   143.506737644812   141.359564626077   134.827429133181   135.875088804384
  2.995711003   2.995711419   144.803555963397   135.354481918696   142.253393376326   141.228123794445   142.102654833135    139.90258011587
