# command line: ./generate_stepping_data --dt 1e-10 --cb 0.1 --k_b 40000000.0 --eqmpre 200 --eqt 0 --runtime 6.0 --ct 0.2 --lt 23.8 --ls 10.49 --seed 1.0 --eqb 120 --cm 0.4 --nomovie --eqmpost 224 --exp-unbinding-constant -0.35 --k_ub 75.0 --label paramSearch-fitparamsrun2 --framerate 1e-10



#********paramSearch-fitparamsrun2__k_b-4e+07,k_ub-75,c--0.35,cb-0.1,cm-0.4,ct-0.2,ls-10.49,lt-23.8,seed-1,dt-1e-10********
#time_unbind, time_bind, nbx_bind, fbx_bind, nmx_unbind, fmx_unbind, nmx_bind, fmx_bind
#[time: 0]
 0.0010240671  0.0012146453     14.82387668765   13.3970554070164   7.00690231432819   11.2959907606026   7.13480311895412   7.85935308229126
 0.0086981699  0.0087706811   12.3456524246999   13.3970554070164    17.937475464654   17.2013434619997   8.09430714776844   7.80821740698548
#[time: 0.01]
 0.0138636463  0.0139180077   19.9275356849925   13.3970554070164   15.0142139941249   15.2026281505555   14.6891630879782   15.1538933594925
#[time: 0.02]
 0.0287149821  0.0288141767   11.8548055474261   13.3970554070164   24.8898218765032   18.2816161763241   10.5382812034777   7.79091077855647
#[time: 0.03]
 0.0339782731  0.0340643084   24.0463863004094   13.3970554070164   17.2427826284542   17.9874975182252   20.5460862799885    17.798027230939
#[time: 0.04]
#[time: 0.05]
  0.051855006  0.0518760204   24.0463863004094   28.8033523022024   25.8482634472958   15.1181016525408   23.7810555194984    21.863495381842
 0.0552611375  0.0552716434   29.7178684693201   28.8033523022024   27.7304915653795     29.60036132169   25.7932050849401   26.1096279034625
#[time: 0.06]
 0.0674416014  0.0676822736   29.7178684693201   35.2781033200718   32.7953084616423   32.3075103040345   33.8507246419968   39.5392341006937
#[time: 0.07]
#[time: 0.08]
  0.085187118  0.0852044754   29.7178684693201   31.2532719661139   34.0200146086799   34.9979786094307   24.8058152143255   24.2128451554421
 0.0875782681  0.0876295003   36.4068232223547   31.2532719661139   32.3584572155938   32.8971381445721   26.4573980875907   31.2104890093577
#[time: 0.09]
#[time: 0.1]
 0.1008015096  0.1008367821   36.4068232223547   39.3307367366738    37.152411145197   36.0093231818075   38.9072830756639   41.7135776952489
#[time: 0.11]
 0.1141371583  0.1141456992   38.5051858331926   39.3307367366738    40.767638590587   42.1255870534578   45.5978663244005   46.3575124095726
#[time: 0.12]
 0.1285990023  0.1286853024   51.5393502297846   39.3307367366738   40.0100099649812   40.2061440767061   54.6394105444973   44.7425843462988
#[time: 0.13]
 0.1330844261  0.1332412707   42.7880239735824   39.3307367366738   56.4978217061541   46.2075464284789   32.6590365736509   36.5492794856677
#[time: 0.14]
 0.1467550908  0.1467572921   42.7880239735824   40.9550469014198   45.9162024718871   44.8019744175448   32.8828514457882   34.1196516408847
#[time: 0.15]
 0.1512512758  0.1513459617   42.7880239735824   46.2468922778639   43.7754850971373   42.4720071047217   38.1073776501282   37.5838549732717
#[time: 0.16]
   0.16270806  0.1627345095   42.7880239735824   35.6442562877043   44.0658684204445   43.8616339509338   48.1041406838882   41.7951880773541
#[time: 0.17]
 0.1752637099  0.1753830332   41.9322589496384   35.6442562877043   43.1078577987618   40.0412956150824   33.8484890502605   35.3428096226007
 0.1770437303  0.1771472255   40.5374702935815   35.6442562877043   44.2387686641704   41.4063851983394   32.1047839352951   33.0164183559586
 0.1779523328  0.1779789979   40.5374702935815   38.7707047570643    41.534582919517   39.5038616936566   42.0100124532629   34.1319870969004
#[time: 0.18]
 0.1823005319  0.1823572803   41.5634185170776   38.7707047570643   44.4356468392655   43.7066660586614   31.3342907842036   30.9169228503761
#[time: 0.19]
 0.1958519513  0.1958554348   39.3009381209437   38.7707047570643   43.6044534102634   42.9709550596884   31.3365518847039   31.8681119749694
#[time: 0.2]
 0.2027313588  0.2027359636   39.3009381209437   54.7038221420862   37.6759824280901   39.4995373261303   46.9516570223617   47.0906165024048
#[time: 0.21]
#[time: 0.22]
#[time: 0.23]
 0.2336608535  0.2337705911   61.4447964121648   54.7038221420862   47.7027900239305    54.573013150226   57.0129279314665   57.4883169375238
 0.2369289385  0.2369853272   61.4447964121648   63.9918708915054   60.2013147010764   58.4655687243454   56.5728974553301   54.9735840006451
#[time: 0.24]
 0.2495853858  0.2496240053   61.4447964121648   65.4282461406849   64.4933300171481   65.3636546147335   55.1595826936309   55.5936817035661
#[time: 0.25]
 0.2552956418  0.2553503829   61.4447964121648   58.2316875215274   64.6773383072286   66.0821642737274   62.0188526998753   60.8965344539423
 0.2583323794  0.2584929748   61.4447964121648   62.0153079144291   58.9256033013536   59.9825547616214   50.9621541849599   52.2140116139595
#[time: 0.26]
 0.2664431484  0.2664489069   61.4447964121648   60.2074874670309   64.7039596368137   64.7588602013242   61.6124158831557   61.4193432830954
 0.2692300873  0.2692720144   72.4481209444234   60.2074874670309   66.3753953380416   65.8124079504412   67.3228604819822   66.3559963145109
#[time: 0.27]
 0.2745581529  0.2745632668   58.1836387620366   60.2074874670309   71.1545181288384   63.1903398522682   52.9546575082448   52.7927911884727
 0.2786283417  0.2787536723   65.6330571784953   60.2074874670309   60.7200570397396   62.0724753694913   64.5624620451655    61.736703730033
#[time: 0.28]
#[time: 0.29]
#[time: 0.3]
#[time: 0.31]
 0.3103290514   0.310353132   65.6330571784953   68.7525217565815   66.3118496574091   64.4491640048061   67.3181998098788   67.3291485943582
 0.3107244037  0.3107280992   71.7733616775401   68.7525217565815    71.842385439271   72.8920688767545   70.2090211415657   70.2285822327395
#[time: 0.32]
 0.3257789993  0.3258330062   71.7733616775401   62.7773807093541   72.6049771281212   70.3445440879142   72.5101251978151   68.0800413312144
#[time: 0.33]
#[time: 0.34]
#[time: 0.35]
#[time: 0.36]
#[time: 0.37]
 0.3743170608  0.3744549149   71.7733616775401   74.7766153793588   72.6422056735696   68.2839496543824   66.0794308946637   64.8426940974455
#[time: 0.38]
#[time: 0.39]
#[time: 0.4]
 0.4038693197  0.4039899969   77.1436013371476   74.7766153793588   77.3764747860037   78.2533098598676   79.7753657309141   77.5886833539965
 0.4053127178  0.4053958403   77.1436013371476   78.9173908557784   80.2292441778605   79.3061184329317   75.6170161737199   74.1817115854391
#[time: 0.41]
 0.4102164975  0.4105307627    81.946493134728   78.9173908557784   82.0149105989278   82.6659236946786   71.4837181776454   74.2708745750884
 0.4112935421  0.4113006719   86.5070605258055   78.9173908557784   78.6715644671666   79.2071010266727   82.0341825971124   82.7940650781486
#[time: 0.42]
#[time: 0.43]
#[time: 0.44]
 0.4482473635  0.4484438137   90.3028540935471   78.9173908557784   87.4034715214238   85.3356196855479   88.1899006288007   83.2896220434854
#[time: 0.45]
 0.4509389739  0.4509430969   82.1943876030784   78.9173908557784   94.1834003923564   82.3542823303719   71.7621207352202   73.9537772622636
#[time: 0.46]
 0.4653457654  0.4654406436   82.1943876030784   80.8472930812697   82.1530060995356   80.9362629408658   91.6427656545484   88.4672081477364
 0.4660824518  0.4661925035   82.1943876030784   84.9282261615196   82.3996467720113    82.270975732007     74.27954302092   74.6521955323397
#[time: 0.47]
#[time: 0.48]
 0.4844137248  0.4844309493   82.1943876030784    85.675624565435    84.731317517325   85.0595829735127   83.9052690130331   82.9663804737533
#[time: 0.49]
 0.4972945953  0.4973206152   84.9089675643245    85.675624565435   85.8097238213395   81.4245655815903   91.0720708703609   84.9681236656027
 0.4989410949  0.4989582229   75.6098826053867    85.675624565435   85.8569597300787   85.8993348886139   77.5272770192801   85.4407809913524
#[time: 0.5]
#[time: 0.51]
#[time: 0.52]
 0.5292392705  0.5292832873   89.4684909806152    85.675624565435   80.8293029875803   84.9728880113516   95.7732371423173   92.8788288065844
#[time: 0.53]
 0.5389030545  0.5389731078   87.2184006684456    85.675624565435   91.3827885740448   89.5548641093186   76.7386479432498   79.6051710032283
#[time: 0.54]
 0.5464400545  0.5464857863   82.7230047054534    85.675624565435   93.1790030111602    92.164134645344   85.0395530038045   89.3496580917335
#[time: 0.55]
 0.5533019954  0.5533020577   82.7230047054534   88.9402726627926   85.1557018568946   86.0673738479809   86.9535050682219   88.4358877609003
#[time: 0.56]
 0.5630386037  0.5631567954   90.1970800647336   88.9402726627926   87.6235626022463   91.1166997223142   91.8271849438352    91.499036806456
 0.5665182657  0.5668157495   92.8323798082675   88.9402726627926   89.4848593177655   87.6586427474326   90.1064341872959   90.3637340045295
#[time: 0.57]
 0.5756071182  0.5757549948   92.8323798082675   95.3325339300665   94.2936155555691   92.0886746717161   92.8058181148249   91.0162251903045
 0.5772258117  0.5772949592   97.4888913459411   95.3325339300665   98.0383727823267   98.9847017449818   94.3821824253886   96.5808259104436
 0.5779097096  0.5779229114   97.4888913459411   100.759446351768   100.445875472153   99.1066599736322   91.9828993355847   90.4231515971188
#[time: 0.58]
 0.5835589831  0.5837663464   99.0826457090786   100.759446351768   103.778475971408   105.356840136294   98.3392240211538   101.983486094215
 0.5891919275  0.5892379147   106.101285752514   100.759446351768   101.785394763192   102.945361606317   100.945417823568   103.307550850046
#[time: 0.59]
#[time: 0.6]
 0.6012002116  0.6012170557   106.101285752514    103.31723234852    105.73347003125   104.210391619905    110.10778552555   108.348974185441
  0.606359225  0.6064287349   106.101285752514   107.721200588617   105.100823358958   104.963910374713   99.7288093771326   99.2546788248933
#[time: 0.61]
#[time: 0.62]
#[time: 0.63]
 0.6339687107   0.633992598   104.299152598947   107.721200588617    106.60919392821   106.740137417868   99.6352293934811   97.5142732664036
 0.6369150937  0.6369184963   112.245357337781   107.721200588617   105.975477516939   105.825235082352   106.402961850093   107.817493757359
#[time: 0.64]
  0.640422423  0.6405250248   112.245357337781   114.717872407672   108.714860524519   109.557629098628   113.442829126333   110.321679289876
 0.6453697935  0.6453813588    120.33236489168   114.717872407672   118.849708631404   120.157813240304   126.233669980494    119.52471520084
 0.6459853457  0.6460806108   111.703662293952   114.717872407672   120.722649121593   119.172345707951   108.062203196193   114.073516946768
#[time: 0.65]
#[time: 0.66]
#[time: 0.67]
#[time: 0.68]
 0.6898711289  0.6898886457   116.181472286152   114.717872407672   111.821657375791   114.756429158013   108.699445871892   109.793067022221
#[time: 0.69]
#[time: 0.7]
#[time: 0.71]
 0.7117575513  0.7117710454   123.413656270845   114.717872407672   120.097603666463   119.678721291327   126.707482397104   123.755705714097
#[time: 0.72]
 0.7288188995  0.7288406625   113.951830581322   114.717872407672   124.605209737143   119.487342093753   106.350020583223   110.452310062863
#[time: 0.73]
 0.7313690608  0.7314532968   113.951830581322   112.630742804734   115.529595058517   115.701105089368   107.961330167199   107.974913567453
#[time: 0.74]
 0.7428906787  0.7429027555   111.456592993465   112.630742804734   115.430272124099   115.062999587341   103.433879832989   103.412060576657
 0.7478324419   0.747832445   116.239157477869   112.630742804734    116.68334402337   117.281624806255     117.2267392164   116.385107237081
#[time: 0.75]
#[time: 0.76]
#[time: 0.77]
 0.7753810934  0.7754158493   116.239157477869   119.048478905025   121.409797975535   119.171255471163   112.782085614616   110.741931328955
#[time: 0.78]
 0.7889533856   0.789047789   116.239157477869   114.398045550893   119.952790110937   121.309118026162   108.817024748844   108.949977242998
#[time: 0.79]
 0.7920979561  0.7921752083   116.223502583377   114.398045550893   118.127503596295   117.472168398149   109.654598970943   109.664271814154
 0.7963348082  0.7963577303   116.223502583377   122.346259038335   117.375042860894   116.820573086981    115.52648280001   114.275211170867
 0.7996326637  0.7998063693   123.620401983303   122.346259038335   121.158552016518   123.847590497736   117.340040832408    118.36854221327
#[time: 0.8]
#[time: 0.81]
 0.8142441786  0.8142625388   123.620401983303   127.109020852207   123.974194574707   123.728248481651   120.990816474154   119.099551804921
 0.8143622605  0.8143696702    127.67096238528   127.109020852207   128.616695816272   130.954528370751   119.065623070948   116.959855528647
 0.8168926118  0.8169148894    127.67096238528   130.686599646868   131.239906025089   130.878264751982   120.397660715289   120.799359272293
#[time: 0.82]
#[time: 0.83]
#[time: 0.84]
 0.8433621891  0.8433889509   133.389833765998   130.686599646868   128.814678790601   131.863364631312   135.131900462603   134.506662737205
#[time: 0.85]
 0.8570985921  0.8571203184   131.610863149797   130.686599646868   135.682580316635   134.615784775434   121.552740319652   122.308772322995
#[time: 0.86]
 0.8632886572  0.8632927635   131.583303970059   130.686599646868   134.294769414468   128.576105126384   132.726769266387   132.335457831596
#[time: 0.87]
 0.8718277138  0.8719419099   131.583303970059   136.424899237885   134.239264193585   127.787683060712   126.661163819299   126.402010102394
 0.8770517742  0.8772147561   131.583303970059   130.265787428038    135.22581448777   136.314505921326   124.524451118827   124.535516544532
#[time: 0.88]
 0.8848075479  0.8848935666   130.902765348022   130.265787428038   129.520208989483    129.71052393962   123.570466788623   125.579740088339
#[time: 0.89]
#[time: 0.9]
 0.9077573177  0.9078689398   131.672061115909   130.265787428038   127.584925142592   133.346283345086   130.120845734002   130.854102831314
#[time: 0.91]
 0.9128570104  0.9129335703   131.672061115909   128.125826724721   133.512375469507   133.242258739594   137.588292552124   129.322647218403
  0.917877308  0.9178973867   131.672061115909   140.565778853431   133.499813526582   131.331083745858    139.82673790957   133.503253835444
 0.9192739266   0.919310187   131.672061115909   130.463463421369   135.955816081537   141.993303605871   121.417934280003   121.494446263139
#[time: 0.92]
 0.9291683589  0.9291972242   129.504820820907   130.463463421369   131.136209864127   131.061956646984   130.697699406436   130.731230446928
#[time: 0.93]
 0.9337802479  0.9338460128   136.235028119847   130.463463421369   130.833873318341   130.989471607915   126.799900574469   126.337782769498
#[time: 0.94]
 0.9409619339  0.9409764763   136.235028119847    142.17928586995   134.339253544318   133.587000908183   136.739398252369   133.403125396841
 0.9444418396  0.9444745964   136.235028119847   139.786181927094   142.601651620872   148.525914411497   129.926584630265   129.788854177698
#[time: 0.95]
 0.9596704668  0.9596795402   136.235028119847   147.727994204991   138.010375146667    138.24247207315    142.09934518714    142.34056055089
#[time: 0.96]
 0.9698267146  0.9698277172   136.235028119847   138.203108267452   142.193017048332     152.3387658885   128.057534189714   127.825218854277
#[time: 0.97]
 0.9703057037  0.9704512773   143.328841617408   138.203108267452   137.169732348183   137.130376368099   135.655469612058   139.529236465837
 0.9709188564  0.9711103503   143.328841617408   141.455628926958   140.758480283687   140.762999038387   144.744147573605   143.371262533462
#[time: 0.98]
#[time: 0.99]
#[time: 1]
  1.008629944   1.008634986   155.008035526885   141.455628926958   142.948138076632   142.663216338975   150.007814773429   147.582109148129
#[time: 1.01]
#[time: 1.02]
#[time: 1.03]
  1.030478971   1.030487588   155.008035526885   155.566653789582   153.956387980308   149.277381269536   150.194815942826    150.05590740642
    1.0319466   1.031962453   140.863972543039   155.566653789582   155.651196789341   155.718960127951   148.540766473806   165.431254891295
  1.038751779   1.038783091   167.983137356519   155.566653789582   145.660488068542   153.149126173066   158.526840827151   159.947508158446
#[time: 1.04]
  1.047686703   1.047972341   167.983137356519   170.003565427197   167.907392635009   162.112412838229   167.551084348717   160.362948326344
#[time: 1.05]
#[time: 1.06]
#[time: 1.07]
#[time: 1.08]
  1.081504906   1.081526637   182.324975733221   170.003565427197   173.632169448321   174.787370870642       174.95559023    176.02783809412
#[time: 1.09]
#[time: 1.1]
  1.101341409   1.101442917   182.324975733221   193.556592749219   177.723251253794    173.91778222164   188.593126790863    191.57607834577
#[time: 1.11]
   1.11012363   1.110157475   196.010248551989   193.556592749219   189.273598785337   192.280365823105    188.24292427305   189.901448180208
  1.111524032   1.111565463   197.353747319906   193.556592749219   197.871325876813   196.925708116728   190.718275398046   192.199878757991
#[time: 1.12]
  1.120906517   1.120926201   197.353747319906   200.163658431304    194.04769701659   195.258134899506   190.442291059765   190.213575612326
#[time: 1.13]
#[time: 1.14]
  1.143798798   1.143828937   197.353747319906    201.33072072741   198.685266709697   198.612477727191   190.024765113896   190.843035308294
   1.14516794   1.145285604   197.353747319906    200.73018835839    201.11211394366   202.575949779268    205.29290725417   209.716223077656
#[time: 1.15]
#[time: 1.16]
#[time: 1.17]
  1.172875262   1.172970704   205.472286502761    200.73018835839    199.56094438058   200.511838390894   209.386022052146    205.27637863276
  1.178722623   1.178757049   202.254117467415    200.73018835839   201.491226916399   203.931558856897   207.624733239202   206.255379337634
  1.179007808   1.179096934   181.106972327094    200.73018835839   205.468619925396   204.805373945222   191.013591840375   205.219678941582
#[time: 1.18]
#[time: 1.19]
  1.198746055   1.199008277   181.075752388389    200.73018835839   190.413482359248   205.625003249432   184.215712792423   196.721285503279
#[time: 1.2]
  1.205036232   1.205057406   181.075752388389    179.73216716212   186.597619290615   200.013024170947   177.172528477032   177.370464695875
#[time: 1.21]
  1.214353032   1.214376296   181.075752388389   182.344499854255   184.655797736836   184.136467102311   177.110146335339   177.168082027174
  1.215223501   1.215228195   181.075752388389   184.767586260322   184.109477820654   184.343207228555   180.354317594943   179.910856466136
#[time: 1.22]
  1.223492854   1.223975136   190.460232765263   184.767586260322    184.84903587438   187.855592148031   196.821752486675   190.945141760151
  1.227247369   1.227272027    185.53130222861   184.767586260322   194.202996924869   191.495639878201   195.722061095854   194.614820453541
#[time: 1.23]
#[time: 1.24]
#[time: 1.25]
#[time: 1.26]
  1.264624322   1.264658989    185.53130222861   187.786570727663   188.924016057507    188.73932408994   180.594838788946   180.051068791796
#[time: 1.27]
  1.277781319   1.277798916    185.53130222861   192.804033216821   185.390316834769   188.167928203596   188.656829954045   187.681320128196
#[time: 1.28]
  1.283718186   1.283736727    185.53130222861   188.166976478629   190.184344501325   194.434558910754   180.727607173309   178.977205681971
  1.283986356    1.28401207    185.53130222861   183.095172174598   188.769168311457   190.759691111426   181.354145770722   181.719396694212
#[time: 1.29]
#[time: 1.3]
#[time: 1.31]
  1.317319227   1.317362023    185.53130222861   195.408498983602   185.875272016076   185.245773443329   190.646464257072   194.427102631201
#[time: 1.32]
  1.322217862   1.322266991    191.12796539005   195.408498983602   190.570799637111   189.801301945435   197.281167254923   200.152402388902
#[time: 1.33]
#[time: 1.34]
#[time: 1.35]
  1.350784886   1.350952497    191.12796539005   193.202677018243   194.298819748616   194.598505365749   182.911474406413   183.239221426316
#[time: 1.36]
  1.369065589   1.369127183   195.760831532858   193.202677018243   191.624631160148   191.526255841343   187.312422494982    187.95633619295
#[time: 1.37]
#[time: 1.38]
#[time: 1.39]
  1.392216519   1.392265725   195.760831532858    198.01002756538   199.346029832038   198.507084165594   192.578888664967   192.298749754982
#[time: 1.4]
#[time: 1.41]
#[time: 1.42]
  1.421475412   1.421549019   195.760831532858   197.908729709067   199.422077853648   200.204714906308   196.782822667689   196.764599779532
#[time: 1.43]
#[time: 1.44]
  1.447101542   1.447209384   195.760831532858    199.90623132103   198.755231224251   199.145991165638   193.072566511813   192.249807231207
  1.449011597   1.449012598   202.172865153296    199.90623132103   198.581814997793    199.26607730404    197.57002187493   198.385191583728
#[time: 1.45]
#[time: 1.46]
#[time: 1.47]
#[time: 1.48]
#[time: 1.49]
#[time: 1.5]
  1.505678604   1.505678666   202.172865153296   194.688217543135   203.282241284485   202.279610950002   206.355482565774   201.426002766981
   1.50687316   1.506873702   202.172865153296    199.55732203126   204.366689641611   200.109312590625   200.987470981591   200.952602652651
#[time: 1.51]
  1.517650569   1.517650804   193.394777519349    199.55732203126    208.71024871705   207.484671756514   197.313748676812   199.833490808217
#[time: 1.52]
   1.52382718   1.523891036   200.523942316085    199.55732203126   200.444945866906   202.749491276827   202.476964593114   202.197019064703
  1.525122735   1.525142568   207.766189699124    199.55732203126   199.887067917951   199.903333096473   204.336020600098   203.886413374141
#[time: 1.53]
#[time: 1.54]
  1.540575651   1.540666802   194.114325311867    199.55732203126   206.606402714293   204.125085866259   194.734292809195   194.283944566983
  1.542742966   1.542776206   194.114325311867   185.159609797982   197.845376640801   201.795786549079   202.799655618261    192.94505823449
#[time: 1.55]
#[time: 1.56]
#[time: 1.57]
#[time: 1.58]
  1.580397691   1.580424064   184.190728377119   185.159609797982   197.562373431183   192.550251099417   179.132705356203   178.551072080142
  1.584601781   1.584603455   187.269654511728   185.159609797982   187.453160613409    187.74550093366   177.197753418979   176.997388691857
#[time: 1.59]
#[time: 1.6]
  1.604527843   1.604575014   177.731822973488   185.159609797982     190.3175583391   188.770991317316   182.203652388876   193.507255968058
  1.605029349   1.605066786   177.731822973488   181.883899043985   185.713943355441   191.512387146983    180.63434206369   180.894341044773
  1.606614289   1.606656475   184.840484371089   181.883899043985   180.888015330875   182.623930852408    175.53124683212    175.55115940429
#[time: 1.61]
  1.614987482   1.615051702   184.241645541993   181.883899043985    184.30664726828   183.117546872289   173.767407953089   173.084708682505
#[time: 1.62]
  1.627548828   1.627551493   184.241645541993   181.307205441462   181.731992829429   184.685217276432    188.92982975057   186.502719319958
#[time: 1.63]
   1.63156946   1.631682353   184.241645541993   183.658128401747   187.861426643809   185.323819128917   188.158612357995   187.586032943331
#[time: 1.64]
#[time: 1.65]
#[time: 1.66]
  1.669448694   1.669535712   184.474621397276   183.658128401747   186.334483565516    186.30643362151   175.481861463741   175.660963212802
#[time: 1.67]
  1.673188087   1.673284504   184.474621397276    192.00825107811   186.445705219505   186.350871010952   187.280936259387   190.254102251105
   1.67679586   1.676810666   194.679868545667    192.00825107811   191.346369414487   193.031970585399   184.531112666213   185.184298110332
  1.679413678   1.679473359   194.679868545667   197.487165807366   199.559480004652   197.388849980139   188.913700113192   187.023100485991
#[time: 1.68]
   1.68510485   1.685165486   189.499469716392   197.487165807366   198.639705522475   199.671081788102   192.729132500516   191.703180939779
  1.687812269   1.687813839    204.41084815995   197.487165807366   194.910550291781   196.814619649511   195.674905061749   197.906018434575
#[time: 1.69]
  1.694806859   1.695014492    204.41084815995   207.707502562398    209.90740687502   201.256440777719   197.852005257081    197.78013237196
  1.699075771   1.699149721    204.41084815995   214.952588177994    211.71781325055   213.605111773871   209.996048704071   211.600359913722
#[time: 1.7]
#[time: 1.71]
  1.711728522   1.711752743   220.428037602689   214.952588177994   210.030456068608   212.670326038601   211.024239545743   214.610014052297
#[time: 1.72]
   1.72012646   1.720143955   210.544688101953   214.952588177994   217.494799841994    217.56961847793   208.764984860543   208.599506365013
  1.725939555   1.725941456   210.544688101953   215.570063114365   214.079489950476   215.688282649463   213.855527191199    214.28489702358
  1.728102762   1.728114316   210.544688101953   204.208299042016    211.95483931296   221.969056047595    209.94701378116   208.048449493114
#[time: 1.73]
#[time: 1.74]
#[time: 1.75]
#[time: 1.76]
  1.764850922   1.764854534   210.544688101953    209.86870432775    217.10119457601   212.042121401142   216.974348482071   212.056016576597
#[time: 1.77]
#[time: 1.78]
#[time: 1.79]
#[time: 1.8]
  1.800364985   1.800382319   214.008184412307    209.86870432775   214.852015889518   214.605760115387   206.202197568246   205.692896473869
  1.803254579   1.803262802   214.008184412307   212.098548486981   212.649997287745   212.352316044099    212.26682043978   212.552828173546
  1.806921075    1.80700785   214.008184412307   217.398941945437   218.263707852568   217.003755155017    210.80792761739   209.853429108992
  1.808317631    1.80844978   221.747287059692   217.398941945437   218.841941347096    220.17738171285   214.449656589634   215.726314527435
#[time: 1.81]
  1.812679348   1.812713913   216.182875719803   217.398941945437   220.815783842745   219.799902650368   220.523985157348    225.93895497407
#[time: 1.82]
  1.820852189   1.820858534   223.098375783577   217.398941945437   217.876925984129   214.330035317631   222.086526965723   220.651908787825
  1.823140363   1.823186393   223.098375783577   224.201304984674   217.314297571676   218.900971057942   217.254984069526   217.360808493107
#[time: 1.83]
#[time: 1.84]
  1.849687404   1.849725769   223.098375783577   212.517477893462    228.59427978358   229.115126535482    220.94973054677   217.267252566498
#[time: 1.85]
  1.858815151   1.858933387   209.891698921953   212.517477893462   225.584062414382   219.354835786161   207.041262354573   206.769826400763
#[time: 1.86]
  1.862874392   1.862932356   216.080708066969   212.517477893462   213.237387860652   213.602012065238   214.566598323312   214.079001098812
#[time: 1.87]
  1.878621803   1.878700552   216.080708066969   208.654160927712   217.920691047303   214.148172881419   222.223718412146   210.608688249031
#[time: 1.88]
  1.889005674   1.889017633   210.858637043783   208.654160927712   215.995635237468   212.894616380242   200.431755596362   200.214905417334
#[time: 1.89]
#[time: 1.9]
#[time: 1.91]
  1.918229048   1.918277781    226.73819550648   208.654160927712   213.544035059898   212.877247584806   223.075637288816   217.124893420937
   1.91863875   1.918640441   210.600491980019   208.654160927712   225.223027625831   215.402732449408   206.643786708536   209.381273442233
#[time: 1.92]
#[time: 1.93]
#[time: 1.94]
#[time: 1.95]
#[time: 1.96]
#[time: 1.97]
#[time: 1.98]
   1.98381284   1.983819553   210.600491980019   221.462419695862    210.54241197948   209.509202104388   216.751556405234   220.894429278913
  1.988299516   1.988407113   210.600491980019   206.156644626757    216.40721289053   219.806216364436   207.538311963703   207.693839289627
#[time: 1.99]
  1.993161874   1.993163464   210.600491980019   215.683450561597   213.376010123066   211.801938674887    210.60646089553   206.677910352818
   1.99884128   1.998911022   210.549389721718   215.683450561597   213.928949990747   215.848963842564   210.574740693023   206.280316190821
#[time: 2]
#[time: 2.01]
#[time: 2.02]
  2.021601118   2.021617036   219.618901861597   215.683450561597   213.723207418834   214.152670341372   212.459535647052   212.670622158114
  2.026343891   2.026362326    221.97454617035   215.683450561597   222.689952241221   220.705148959976   212.247644575653   212.768509007138
#[time: 2.03]
  2.032842741   2.033000154    221.97454617035   225.909168123592   228.472193122509   221.899526501115   219.866315700436   218.551639099681
  2.036841105   2.036852843   228.621181392163   225.909168123592   227.001533219183   228.560122106895   221.522245253419      222.690352543
  2.037195249   2.037249649   228.621181392163   242.143267414337    226.63389005959   226.851991370366   235.378132420728   234.798437809822
  2.039471552   2.039482824   228.621181392163   232.666405412956   235.751976008126   244.783273174177   227.188151794966   226.358526790951
#[time: 2.04]
  2.041291914   2.041327919   228.621181392163   231.388051230936   233.435712631107    236.59983615115   223.426157295736   221.599933355411
  2.048833144   2.048844849   239.854613751008   231.388051230936    232.43911739536   233.237484511686   238.462414786703   236.367729291608
#[time: 2.05]
#[time: 2.06]
#[time: 2.07]
#[time: 2.08]
#[time: 2.09]
#[time: 2.1]
  2.102616718   2.102638002   239.854613751008   242.076009770623   240.803847196426   235.726288714612    233.76226285938    233.16305012309
  2.104067636    2.10413854   245.203052662859   242.076009770623   241.652776758667    241.78931190595   235.704821503279   236.224896567259
  2.108192243   2.108237051   242.959044339778   242.076009770623    250.71969472819   248.460731475869   237.618121286756    244.06663784228
#[time: 2.11]
  2.113136125   2.113144345   242.959044339778   244.282778440801   243.932060706486   243.840080023404   253.109188030378   254.513425290747
#[time: 2.12]
  2.121236575   2.121321391   242.959044339778   246.692465823858   243.981191550019   244.446575789186   240.623958798383   239.390597813685
  2.124300414   2.124560905    250.58754373326   246.692465823858   249.019774884295   251.845139335777   241.160652698635   241.735527207683
#[time: 2.13]
  2.132004747   2.132042403   238.940552290548   246.692465823858   251.549354937323   250.392251019061   243.406648540563   248.379264784771
  2.136526856   2.136568369    244.61929408706   246.692465823858   240.068736071765   246.236426552767   238.618194082983   238.935291285931
#[time: 2.14]
  2.144243327   2.144381412   243.689304857359   246.692465823858   243.525509543914   247.854755940285   241.686106868169   241.577826404892
#[time: 2.15]
   2.15573513   2.155767064   243.689304857359   254.747203827198   244.360573599242   244.187505578678   249.026142240636   252.021296482378
#[time: 2.16]
  2.161470858   2.161582087   243.689304857359   246.541035072004   249.250437106783   254.020103610241    238.21794124278   238.384409501368
  2.162136055   2.162138179   243.689304857359   248.006945675836   248.916465301176    251.14306220051   240.059374325183   240.066798226946
  2.162181552    2.16224408   243.689304857359   247.338210576172    248.90564812297   251.187493918786    252.00060122287   255.756546479518
#[time: 2.17]
  2.177525428   2.177564968   243.689304857359   248.911145695181   248.885553905241   250.413792501519   240.141699691447   239.635975808761
#[time: 2.18]
  2.181826029   2.181852031   243.689304857359   252.666053604457   246.359453832343   246.635035458165   248.275177392197   254.158297154693
   2.18863593   2.188706261   257.892879877591   252.666053604457   249.954435931287   255.663565447781   252.113714349078   252.833072736928
  2.188734745   2.188754137   253.971344621285   252.666053604457   255.121645894398   255.257786926907   256.062592708099    255.44213592209
#[time: 2.19]
  2.190866175   2.190877009   247.874510991114   252.666053604457   259.603009874788   259.250683046416   249.882137779613   247.838145995425
  2.196216832   2.196361058   254.449332376742   252.666053604457   250.669601355585   251.053298195923   246.234451146191   247.956878465945
#[time: 2.2]
  2.206279632   2.206292091   256.318435564697   252.666053604457   259.561510365441   258.254730632084   247.726171852952   247.089810150418
  2.208992363   2.209014222   251.884013856563   252.666053604457   258.541996860909   256.778519736295   247.698368791625   247.731574527011
  2.209725348   2.209740578   252.088698663361   252.666053604457   255.165220577154   255.562144296251   245.811219402982   250.427209305811
#[time: 2.21]
  2.212282966   2.212463343   255.584469853409   252.666053604457   254.057739654471   254.517780121023   245.602401753638   244.825398278949
  2.218757963   2.218941649   255.584469853409   258.764536979793   258.764012126813   257.101867098479   251.795336553139   250.189958385832
  2.219268482   2.219321032   255.584469853409   257.422947163767   257.324848005257   259.169817645762    249.28887879246   249.492153779908
#[time: 2.22]
#[time: 2.23]
  2.235146398    2.23519181   255.584469853409   259.849434903084   257.163677963729   257.231753909495   249.407826871057    249.87018625094
  2.239862858   2.239992058   255.584469853409   260.936255652159    258.90799903919   259.509662036533   251.889159355459   250.668983154569
#[time: 2.24]
  2.240522617   2.240625498   252.068357496214   260.936255652159   260.297167790655   263.012124512423   257.718436811974   259.985508703899
#[time: 2.25]
  2.250420901   2.250523648   265.293537152893   260.936255652159   259.399770634926   261.573681791432    259.92294820571   263.780065576358
  2.254650492   2.254711859   265.293537152893   273.907113367198   268.615292493528   266.280199991238   269.981384295571   278.713877847636
  2.256704241     2.2567714   271.306462426917   273.907113367198   272.010894766286   275.774048002582    265.97682570024   272.630125763036
#[time: 2.26]
#[time: 2.27]
#[time: 2.28]
#[time: 2.29]
  2.294660539   2.294787214   275.012011770242   273.907113367198   278.955601006384   280.952700838861   278.265504707176   271.425105938945
  2.296632025   2.296644604   275.012011770242   268.983446932516   278.236695178606   277.824639969372    283.90222786178   277.457244423841
  2.298292624    2.29830851   272.546964559512   268.983446932516   274.587009799674   273.942417582457   279.359012965054   275.166597644448
#[time: 2.3]
  2.304699021    2.30470198   272.546964559512   268.051507361705    271.95605132421   271.621824051185    265.76661736745   267.857397217991
#[time: 2.31]
   2.31179071   2.311810031   272.546964559512   276.369969130227   279.044118824278   276.175243927343   266.742047063198   266.043728855791
#[time: 2.32]
  2.326022221   2.326040414    277.36636859986   276.369969130227   277.006840694312   278.945804462374   276.934840987436   276.902450972577
#[time: 2.33]
   2.33209296   2.332095228    277.36636859986   280.896955454694   276.704434624136   276.712527494663   271.636991624524   271.116239814739
  2.335217658   2.335260472   279.504010400495   280.896955454694    280.47566693075   282.746774793398   278.520067275174   277.541010312333
#[time: 2.34]
#[time: 2.35]
  2.354585963   2.354591113    290.78102003946   280.896955454694   282.244076091464   282.458915669143   283.225636685986   284.715257593164
#[time: 2.36]
  2.361823312   2.361834167   283.214213199182   280.896955454694   290.518157090154   286.610262640628   275.703226463452   275.953481120564
  2.362874136   2.362909993   286.331728769556   280.896955454694   284.858088969758    283.61356190012   276.545150868369   276.108259410986
#[time: 2.37]
#[time: 2.38]
#[time: 2.39]
  2.396300092   2.396431866   283.915649550742   280.896955454694   287.959857486286   285.376795600946   282.626626509693   282.267388972355
   2.39833497   2.398397137   275.002454213939   280.896955454694   286.784035737469   285.064052812983   282.750724928072   286.433171971116
#[time: 2.4]
#[time: 2.41]
#[time: 2.42]
  2.428499224   2.428562394   282.410465697305   280.896955454694   281.625726305633   286.653747213003   289.293995892695   287.717662156676
#[time: 2.43]
   2.43566332   2.435757942   284.076893310744   280.896955454694   285.189422599985   284.697077107721   274.468318440079   275.140383358252
  2.436617038   2.436628366   284.076893310744   287.390148762133   283.974940242621   282.914008580735   279.044349233405   277.843439207912
#[time: 2.44]
   2.44540931   2.445427011   286.508190474993   287.390148762133   288.107015453862   289.781678361784   280.545008293258   280.583119418089
#[time: 2.45]
#[time: 2.46]
  2.463027952   2.463063074   288.099329012868   287.390148762133   288.803352140198   289.061956589901   283.244809452543   280.311001239804
  2.463064247   2.463119242   290.186865317794   287.390148762133   289.791456764585   289.581161569789   289.878632029149   289.528505246109
  2.466395524   2.466410547   290.186865317794    292.10979580566   294.936262424796   293.107964815827   284.440894757625   281.920852196604
#[time: 2.47]
#[time: 2.48]
  2.486810018   2.486811445   290.186865317794   288.993018329407   293.405031530598   293.970844870284   285.740697253499   286.440500627458
#[time: 2.49]
  2.495808445   2.495844549   290.186865317794   291.437566649231   291.929352998697   291.519244516917   283.923931751821   282.081645940976
#[time: 2.5]
#[time: 2.51]
  2.512433199   2.512435476   282.611057190759   291.437566649231   295.468384946918   296.260843240459   286.974520844687   286.798956423189
  2.517708425   2.517732817   282.611057190759   275.150987978191   288.344602663774    290.86176054806   289.634622004302   280.503411359966
#[time: 2.52]
  2.528163048   2.528196817   282.611057190759   279.161494737671   275.407871906499   276.891987880722   278.702441036456   278.905059451091
#[time: 2.53]
  2.530633402   2.530641464   279.737390846913   279.161494737671   285.989329113833   283.208048234913   272.957599720179   276.726613634082
  2.534740909   2.534753741   279.737390846913   280.516345708997   278.512705397641   284.027580568305   285.782245125913   288.060254631965
  2.535861977   2.535903664   295.164315574199   280.516345708997   279.521091461154   279.424040562382   287.206545909389   287.704490509751
#[time: 2.54]
#[time: 2.55]
#[time: 2.56]
  2.562933373   2.563133841   295.164315574199   296.624016591369   298.566914160704   289.116111264703   291.703437721786   290.656335794186
#[time: 2.57]
  2.570884428   2.571006102   295.164315574199   291.277924442081   297.012278213794   297.464352002574   289.108229528683   292.802196887535
  2.571320424   2.571361677   295.164315574199   289.849317077741   301.982233976202   299.089999967079   298.787225966373   288.508499147273
   2.57784488    2.57786984   295.164315574199   297.328021476941   289.338708791811   294.565690500911   290.831296610399   289.720504704142
#[time: 2.58]
  2.582623467   2.582698137   295.164315574199   298.685999280977   298.289302205642   299.225300556328   295.923513349717   293.605107132592
#[time: 2.59]
#[time: 2.6]
   2.60448217   2.604519653   307.594738200951   298.685999280977   300.264595223264   302.955634973448   302.093796377018   302.570755068292
#[time: 2.61]
  2.615691015   2.615707259   293.002634698749   298.685999280977   306.201911865018   304.603450888048    288.69066860119   289.333724817596
  2.618034541   2.618043142   293.002634698749   290.358249563579   297.459487527221    298.88161431463   298.141222006304   295.284718932736
#[time: 2.62]
  2.622149879   2.622159596   288.816695973586   290.358249563579   293.315108744413   292.743193854225   298.900707352822   300.825908707483
  2.628668858   2.628691649   287.504963498309   290.358249563579     293.5436789308   294.010989322854   280.377228076745   280.328167897199
#[time: 2.63]
  2.631849679   2.632054383   291.604649181742   290.358249563579   293.054744629019   294.154852337645    288.38046563568   288.610930218416
  2.636178733   2.636223218    293.43759038063   290.358249563579   297.727416234868   297.051128979938   289.111521536437   289.152543187105
#[time: 2.64]
  2.643420943   2.643537081    293.43759038063   279.740960847419   295.504971851398   294.387235924215   288.699628894917   285.557575602573
#[time: 2.65]
#[time: 2.66]
  2.661801147   2.661943423    293.43759038063   290.299384227789   291.705772046611   285.340991208369   301.490607926867   295.493864271887
#[time: 2.67]
#[time: 2.68]
#[time: 2.69]
  2.690446473   2.690502121   292.824280584153   290.299384227789   294.111468937153   293.554010944085   284.141525554798   284.089323341048
#[time: 2.7]
#[time: 2.71]
#[time: 2.72]
#[time: 2.73]
  2.739778827   2.739847602   292.824280584153   290.546986756126   295.237883477179   293.898276865173   286.616959183341   287.366647754863
#[time: 2.74]
  2.741574196   2.741576183   292.824280584153   304.774127207548   295.333819611464   294.491837343232   292.131841712457   305.528686917613
  2.749682135   2.749734214   292.824280584153   297.220742662919   300.592375475413   309.145137309813   285.955504472772   286.774338662052
#[time: 2.75]
  2.750868914   2.750901828   292.824280584153   286.017987377891     294.9024000324    294.80078584826   283.811995837815   282.692138758218
#[time: 2.76]
  2.764555779   2.764618576   292.824280584153   297.802844935368   293.232756941151    290.11411300632   293.584743785036   291.338193308755
#[time: 2.77]
  2.773167379    2.77317178   292.824280584153   299.572347696505   290.820997159867   296.348834239581   296.401194359335   294.883367920968
  2.777069824   2.777174561   304.638775013597   299.572347696505   297.751529260054   300.077707159806   294.404744418194   298.153416866485
#[time: 2.78]
  2.781095984   2.781104307   304.522513963541   299.572347696505   310.679459273725   307.788865914034   294.390114988983   294.961270494831
#[time: 2.79]
#[time: 2.8]
  2.805560084   2.805619361   304.522513963541   299.539149017019   307.465225452235   304.839651663514   305.383351281961   296.953046771277
  2.808663464   2.808779988   304.522513963541   303.168659800076   305.677573752241   304.248404418794   300.024606888248   299.990592191952
  2.809041738    2.80907959   317.585426611069   303.168659800076   304.699814015697   302.861533523144   320.672469040563   310.671758344359
  2.809707306   2.809806427   302.249475908569   303.168659800076   315.954121825851   307.198705656155   302.859191323881   302.888386065788
#[time: 2.81]
   2.81144528   2.811506416   316.744897247758   303.168659800076   302.819060781978   302.883694427472   309.587567710629   310.036074221034
#[time: 2.82]
  2.825118114   2.825135339   300.943369899242   303.168659800076   321.242615122865   311.928884066409   301.337528420128    298.77858524053
#[time: 2.83]
  2.829963363   2.830026506   300.943369899242   302.755455623626   302.145920499797   302.320315358996   297.776071763849   294.679365798198
#[time: 2.84]
  2.846954288   2.846975227   305.503885871465   302.755455623626   304.994140526854   305.825041738599   296.137504019518   298.046457684346
#[time: 2.85]
  2.857326411    2.85739146   290.514701741844   302.755455623626   305.402287782981   305.008235953537   295.094442816578   300.367502804464
  2.859620598   2.859636728   305.129769101843   302.755455623626   296.628198627073   296.696272639324   313.655653497003   309.455840142575
  2.859814207   2.859890538   290.985991222489   302.755455623626   305.856153876631   305.239088969119   297.310533500772   298.115188221862
#[time: 2.86]
#[time: 2.87]
#[time: 2.88]
  2.886090789   2.886103968   301.760857351014   302.755455623626   297.930414824435   301.435989386901    293.71345034163   293.877497003556
#[time: 2.89]
  2.893901959   2.893930879   303.992777695937   302.755455623626   302.381419465461   302.394069876081   296.925004514034   296.799840056937
#[time: 2.9]
#[time: 2.91]
  2.917908935   2.917924602   303.992777695937   306.230280981294   302.062597255392   302.172870637615   296.569231805958   296.035227593997
#[time: 2.92]
  2.921209249   2.921392058    293.10381098326   306.230280981294   307.686290671122   308.269295687449   294.147755374665   308.848919781606
  2.925932133   2.926087837    293.10381098326   298.410857530873   302.510593126168   308.710041206065   294.307020242633   291.672230982139
#[time: 2.93]
  2.933768329   2.933851479    293.10381098326   296.549457695363     297.3588469777   298.266564770161   294.734236255004   293.423140976596
  2.935667336   2.935727987   297.339922584126   296.549457695363   296.519315271203   299.620734161725   291.202417059856   294.021007942528
#[time: 2.94]
#[time: 2.95]
  2.959201043   2.959225909   295.649950677088   296.549457695363    299.55452218702   299.243238262514   304.453218458852   306.584245648827
#[time: 2.96]
  2.967504755   2.967519227   295.649950677088   289.969696094726   298.832794290066   299.073198977815   298.254707805171   293.009914232286
  2.968984857    2.96912094   295.649950677088    297.73031185816   298.511181000959   296.265540664819     291.7888216933   291.231875902603
#[time: 2.97]
#[time: 2.98]
  2.988255693    2.98833742   294.990592871569    297.73031185816    295.41155533948   294.315358704625   295.269827531396   291.268279459906
#[time: 2.99]
  2.993490719   2.993619509   301.113053826582    297.73031185816   300.536756854172   301.804942978448   295.014212629349    297.46631101777
  2.994363429   2.994564643   291.245568364785    297.73031185816   303.966691318343   303.191577306579   292.771003746963   291.272156438796
#[time: 3]
  3.000615582   3.000759638   300.252642548416    297.73031185816   294.641814334412   295.194815685016   294.566108606354   295.345407882022
  3.009005434   3.009062772   294.569474321402    297.73031185816   298.689177384136   298.920636825916   290.321176938686   289.577806060678
  3.009146093   3.009211885   302.392318253672    297.73031185816   297.406637060297   297.642508305829   292.463998515395   291.240136374933
#[time: 3.01]
  3.016748498    3.01681083   302.392318253672   314.217085789233   308.215144634761   304.845212609271   308.337859188598   309.371961334699
#[time: 3.02]
#[time: 3.03]
  3.031650028   3.031684412   320.196707919816   314.217085789233   309.897978291708   321.094980532912   310.013150834972   315.689838156141
  3.032851434   3.032974713   320.773754851474   314.217085789233   327.915364085576   321.873927997837   317.495185881746   317.495328457255
#[time: 3.04]
#[time: 3.05]
  3.050857531   3.050896116   316.667468330107   314.217085789233   323.590442267471   319.873807685644   319.132093322835   317.667210539294
#[time: 3.06]
#[time: 3.07]
  3.077041317   3.077099624   316.090039204104   314.217085789233   316.951205734723   315.886114265094   306.955467301174   310.982212470813
#[time: 3.08]
  3.081228254   3.081278628   316.891301344918   314.217085789233   317.188824979472   312.258872173988   309.821568569324   310.788575269975
#[time: 3.09]
#[time: 3.1]
   3.10416009   3.104260294   316.097363766423   314.217085789233   321.795017077698   320.720569091557   306.156168982589   305.795734892258
#[time: 3.11]
  3.109898344   3.110004106   316.097363766423   320.828433693487   320.801090137506   319.710895447611   316.783365780768   311.281645285112
  3.114603505   3.114622823    321.77347932241   320.828433693487   320.618825376215   322.403698880402   311.486273610103   313.132666456618
#[time: 3.12]
#[time: 3.13]
  3.131122704    3.13114534   321.964512859908   320.828433693487    325.52466688302   325.070900724179      317.371259379   317.916876451452
#[time: 3.14]
  3.143070306   3.143099442   321.964512859908   325.977000777847   325.116143160362   324.341828180228    317.58707409507   317.138369454381
#[time: 3.15]
#[time: 3.16]
  3.162073734   3.162087976   321.964512859908   325.504985665213   327.855926219405   329.378727730521   323.625587798066   323.373910310529
  3.162545643   3.162555747   322.460707128177   325.504985665213    328.63545837366   331.267731847945   321.040558345627   321.143821252353
  3.163971998   3.164009782    332.19620070666   325.504985665213   326.778407825103   328.058097142045    324.99962366863   326.363355425044
#[time: 3.17]
  3.174657063   3.174728995    332.19620070666   333.533503248024    339.68808857911   334.343476873892   328.952969923547   328.748849575369
  3.178258684   3.178315816    332.19620070666   339.416621433551   327.966518682596   334.329315723931    335.60062568851   334.923414034251
#[time: 3.18]
  3.188376381   3.188391823   341.524748780226   339.416621433551   338.935992341966   344.161831283135   331.507078822621   335.638664735505
  3.188600508   3.188600508   341.524748780226   339.416621433551   340.821871029784   340.616537717041   340.759147310735   340.581059610709
#[time: 3.19]
  3.198608939   3.198671498    338.57725734584   339.416621433551   342.989590501466   336.672680540112   332.541891407195    332.42189010921
#[time: 3.2]
#[time: 3.21]
  3.211655214   3.211751789    338.57725734584   347.172111325456   340.510037255508   340.843709240985   341.335284493986   341.056776486856
  3.217206227    3.21726468    338.57725734584   340.368251383021   345.127603405314   348.209700648408   337.973833001433   335.373340964839
#[time: 3.22]
   3.21999998      3.220075    338.57725734584   346.158933578233   346.010265048567   347.088823972932   342.729738938018   340.984888941855
  3.222626565    3.22265325   349.496733751566   346.158933578233    344.38810737207   349.337998831214   339.491681628774   341.981120809148
#[time: 3.23]
#[time: 3.24]
#[time: 3.25]
#[time: 3.26]
  3.267357911   3.267366592   343.422542979582   346.158933578233    349.82363798601   348.560227976846   337.426241645561   337.370478326241
#[time: 3.27]
  3.270020687   3.270024113   349.002157749099   346.158933578233   345.764557221104   346.484825751604   340.078139194574    341.61242089451
  3.272618247   3.272666929   349.904149301743   346.158933578233    350.14964318497   349.772230960227   349.298030940358   347.740069833913
#[time: 3.28]
  3.282612166   3.282719796   343.325603539448   346.158933578233   349.332027920621   348.463817189363   348.980761896837   350.940910381532
#[time: 3.29]
  3.295318811   3.295373549   343.325603539448   341.459970696125   349.313235001457   350.806318951614   338.721577493416   339.687431790376
#[time: 3.3]
  3.307989475   3.308136276   343.325603539448   346.214921385059   343.810078045567   343.339306270385   342.862699373951   341.956860312089
#[time: 3.31]
  3.315834145    3.31583669   343.325603539448   334.978279011818   345.292677013365   345.479007055267   346.477235641573   338.789437400585
  3.317894933   3.317916398   343.325603539448   337.641956724553   346.497095102517   343.204890332843   337.400844226541   339.747977286048
#[time: 3.32]
  3.325512765   3.325647906   332.146098366016   337.641956724553   344.363250090374    342.81694613025   336.585571133042    343.01011508948
  3.328227093   3.328237162   332.146098366016   339.951714020506   336.029957575215    338.59636662601    336.00572786879   335.963694426983
#[time: 3.33]
   3.33263895   3.332668251   343.273541267198   339.951714020506   337.532853781969   340.749385369224   333.099090600416   335.761697985696
#[time: 3.34]
  3.341540129   3.341609523   341.504995716563   339.951714020506   341.681880288051   341.103697546667   338.983175533456   340.581664500486
#[time: 3.35]
#[time: 3.36]
  3.362382693   3.362452932   341.504995716563    334.72774274289   341.264634399284   341.105949463759    341.30059034088   340.061608897867
  3.369882474   3.369888849   344.978533273704    334.72774274289   343.413219144891   338.674333797397   343.538038099731   339.548129131389
#[time: 3.37]
  3.375913175   3.375913769   344.978533273704   338.938144894886   345.500675853327   340.802206230266   341.847845557228   333.975447548431
   3.37686525   3.376869939    342.59956826027   338.938144894886   346.156369080145   342.670590085188    332.35680796101   331.500945298423
  3.378760772   3.378772399   342.818517539877   338.938144894886   343.045645287364   338.266869339559   333.069420976877   335.085375076286
#[time: 3.38]
  3.387334466   3.387366627   345.845872970018   338.938144894886   342.245978146213   339.335010757974    349.98453015634   344.681317600805
#[time: 3.39]
  3.391904094    3.39206303   334.245667514562   338.938144894886   351.953963209359   348.141910392356    333.46742827099   333.149495614884
#[time: 3.4]
#[time: 3.41]
#[time: 3.42]
  3.420538128   3.420682091   341.195260175298   338.938144894886   338.448784742701   339.811839889371   334.900862541503   335.231833465696
#[time: 3.43]
  3.430857308   3.430922191   340.437918475257   338.938144894886   344.734320596752   343.950253684337   335.800285408794   336.497423858721
#[time: 3.44]
#[time: 3.45]
#[time: 3.46]
  3.460106123   3.460123191   334.706709264143   338.938144894886   344.296029770055   343.998793201838   340.208485494564   341.514937811647
#[time: 3.47]
   3.47911355   3.479291236     345.0939249144   338.938144894886   339.068308626228   339.584837289088   339.278985764457   341.123720749873
#[time: 3.48]
#[time: 3.49]
#[time: 3.5]
  3.503827376   3.503959617     345.0939249144    344.25774768584    349.48965402258   338.157677926829    355.39213761165   354.384107440843
#[time: 3.51]
  3.515558055   3.515632628   351.363244974859    344.25774768584   348.145682908757   347.608171620436   341.440566282443    347.66290187916
  3.518497042   3.518624349   354.141985785583    344.25774768584   351.318881399623   348.972550912996    347.80855309309   349.201729506467
#[time: 3.52]
  3.522345193   3.522423011   345.879248579486    344.25774768584   356.247360513068   351.448743715618   337.908753477513   338.022490562221
  3.522589278    3.52260753   345.879248579486   342.812840132716   346.726768395531   345.904351773294    354.36184472973   349.762747864043
#[time: 3.53]
  3.533860494    3.53389522   352.408730325944   342.812840132716   346.730099024184   345.685575417526   351.308570022568   347.301166504105
   3.53785571   3.537856237   352.408730325944   347.486160894519   355.332768298568   349.125817568215   358.244464719403   352.141832290832
#[time: 3.54]
  3.544455124    3.54450781   330.820898571215   347.486160894519   355.136159978738   352.812981460979   331.304720575285   351.767935097695
  3.546287777   3.546332331   355.720811317948   347.486160894519   338.028506485142    352.21138732549   348.535460919138   350.119675540753
  3.549372277   3.549561357   355.720811317948   352.064165288473   355.304010509135   352.642401029925   358.231842942788   357.239174351334
#[time: 3.55]
#[time: 3.56]
  3.561099724   3.561161664   355.720811317948   354.626268241108   358.241537873819   357.068675938413   349.820028211229   350.072960522765
#[time: 3.57]
  3.572702568   3.572733359   355.720811317948   367.238091570738   361.519686504579   360.761118825737   361.073058271183   370.495403624589
  3.579862158    3.57987029   370.270709599999   367.238091570738   362.275959976281   364.705785638177   365.807078603095   366.739064658521
#[time: 3.58]
  3.585247733   3.585299706   364.942504237149   367.238091570738   370.889954208252     369.3761951535   364.636992716577   363.830377114702
#[time: 3.59]
#[time: 3.6]
#[time: 3.61]
   3.61675206   3.616795103   372.955589590857   367.238091570738   366.606182538079   367.005040117938   372.998345988096   371.113905336825
  3.617946541   3.617993749   372.955589590857   375.995681274441   375.941573107795   368.962301198526   367.780255561298   373.829892669171
#[time: 3.62]
#[time: 3.63]
  3.635070469    3.63507065   372.955589590857   380.260199730438   377.605643097856   378.891006144715   380.116061201644   385.233543543189
#[time: 3.64]
  3.641110023   3.641159745   381.661404790363   380.260199730438    376.81451648399   382.946772088351   375.652925282099   376.256976631651
  3.642655173   3.642706992   381.661404790363   384.101523743732   385.533830628677   384.772590125989   380.593810277966   378.842927015292
  3.644515238   3.644588637   387.665279667448   384.101523743732   387.339344607321   388.541683315236   377.808832451933   379.476458841377
  3.645985574   3.645991162   387.824699854056   384.101523743732   389.411930254209   386.781538144965   380.878263527941   382.630048220687
#[time: 3.65]
  3.651655105   3.651749584   387.824699854056   383.145465996011   391.749063139557   389.482004541927   378.725547745617   377.869955184854
  3.652343344   3.652530511   384.922951954151   383.145465996011   386.310004046861   385.693950802098   374.866682796136   376.063774088055
  3.653840312    3.65385672   370.826878064497   383.145465996011   387.079960003509   383.582419961984   379.854841848226   390.920869536841
#[time: 3.66]
  3.661748881   3.661799546   370.826878064497   363.718240892474   377.753515388659    381.92248289246   366.821039381011   367.102750006086
   3.66475405    3.66476412   370.826878064497   373.361535228042   373.615822725331   369.907952272015   365.567130276323    364.77075010723
#[time: 3.67]
  3.670355774   3.670368014   370.826878064497   377.219740077841   372.833198462221   373.013339645983   375.678040088452   377.327616557645
#[time: 3.68]
   3.68645845   3.686513628   376.367581696435   377.219740077841   371.805334670205    378.99078152592   373.754379902003   373.677593453004
  3.689409827   3.689533988   376.367581696435   371.912434063068   377.233416360435   377.339090537486   377.179100837941   375.317370287991
#[time: 3.69]
#[time: 3.7]
  3.705560806   3.705597622   376.367581696435   379.949926718554   384.154951366416   381.146066344852   377.871023475285   373.905587382439
  3.708372353   3.708372544    373.18650654516   379.949926718554   379.000709860347   377.471498465965   373.931624795109    388.05400344891
#[time: 3.71]
#[time: 3.72]
  3.729555526   3.729707927   376.233372887242   379.949926718554    377.31661494969   378.614549549582   385.294475818478   389.257299047522
#[time: 3.73]
  3.733535807   3.733587742   381.430470511638   379.949926718554   380.737502109068    381.44831543996   382.580690714519   382.167812426809
#[time: 3.74]
#[time: 3.75]
  3.750181157   3.750207006   378.093442091035   379.949926718554    381.39227714192   381.315526911359   373.161805443044   373.209939266656
#[time: 3.76]
  3.763762495   3.763958137   379.084604666356   379.949926718554   382.820316605685   373.174193100963   387.458240013756   388.342234727329
#[time: 3.77]
#[time: 3.78]
#[time: 3.79]
  3.792162811   3.792211974   379.084604666356   384.273925588019   383.443581031739   383.773193247572   378.362174768847   377.486533007482
  3.794558579   3.794565993   388.796671764543   384.273925588019   384.050432825137   385.554433924614   380.152455895707   380.445243138576
#[time: 3.8]
  3.804427306   3.804438466   388.796671764543   396.616617457667   386.061249273158   388.091709943488   392.706767177616   392.669882444082
  3.809067531   3.809170865   394.350637741515   396.616617457667   392.156780737294   397.675593923733    389.80708566112   388.875661969877
#[time: 3.81]
  3.815867913    3.81597712   390.283529480143   396.616617457667   398.274153214706   399.504892038643   396.307772834526     400.1075997871
   3.81763007    3.81765195   390.283529480143   388.418011442662   395.660285685919   398.446615295064   382.533469646108   383.429609400972
#[time: 3.82]
#[time: 3.83]
  3.831947328   3.832008325   390.283529480143   371.903597068821   392.817689417565   392.070480856343    392.64202981991   377.618322285606
#[time: 3.84]
  3.840084397   3.840085871   390.283529480143    399.37712938311   387.747274955408   378.321617629076    394.29152658826   391.782389073719
#[time: 3.85]
#[time: 3.86]
  3.861363707   3.861403305   387.739744261882    399.37712938311   396.019997846306   404.328984711013   392.396145208375   405.071846832413
#[time: 3.87]
  3.870270878   3.870292071   387.739744261882   390.303249216478   396.017347811482    400.59928729192   387.565682916657    384.90098082643
   3.87471035   3.874753593   387.739744261882   389.862353472488    384.11564383004   396.799545419555   386.023000273611   385.384956726294
  3.875803548   3.875823591   387.739744261882   385.968580709964   391.112189007897   391.538007569794   377.608011446996   384.045207272033
#[time: 3.88]
  3.887757881   3.887814478   387.739744261882   386.221212260056   396.051896844628    394.83884491724   382.214827995722   382.828875172105
#[time: 3.89]
  3.891429824   3.891433197   387.739744261882   390.425923835533   388.114811543936   387.876587327125   382.435682666526   381.508996691201
  3.895383825   3.895419169   387.739744261882   390.221783365369    391.47451565207   392.120261842466   379.693981953323   380.050431498892
#[time: 3.9]
#[time: 3.91]
  3.913282266   3.913282893   395.409095158557   390.221783365369   390.650918875106   387.340027365609    395.52963620203   393.386645674356
#[time: 3.92]
  3.921221252   3.921234793   396.741082930602   390.221783365369   395.963774686794   394.534441648978   390.262164882237   391.552272887589
  3.924423666   3.924432397   396.741082930602   400.836038745769   394.113233081108   393.580931191182   397.090191973497   396.228614801527
#[time: 3.93]
   3.93016723   3.930228853   402.606211725884   400.836038745769   397.696939165915   396.895232824568   402.397022661835   399.496700713582
  3.933238961   3.933256157   402.606211725884   405.304304836845   407.346482134985   406.112344669989   405.333401941232    405.65795531911
#[time: 3.94]
  3.946795339   3.946809855   407.989126344208   405.304304836845   406.285106616427   407.430398968885   399.464771881955   399.413329734793
  3.947821209    3.94789355   404.589889554807   405.304304836845   408.914807974906   408.052310104539    395.39576516179   395.201334161478
#[time: 3.95]
#[time: 3.96]
#[time: 3.97]
#[time: 3.98]
  3.983880137    3.98411162   409.216046297504   405.304304836845   407.988717313469   408.322095071332   402.999119038068    406.36979698475
  3.984796768   3.984813655   409.866725009093   405.304304836845   408.015677385704   407.755581100906   407.587019864893   405.155083408706
#[time: 3.99]
#[time: 4]
#[time: 4.01]
  4.018825938   4.018849964   409.866725009093    412.53091521571   414.083100081403   410.144260090482   403.950634563943    404.01511073387
#[time: 4.02]
#[time: 4.03]
  4.033855632    4.03385624   413.512456912146    412.53091521571   411.044866343668   410.977298197438   405.962669679417   407.321673690311
#[time: 4.04]
  4.041097908   4.041098448   413.512456912146     404.8106722401   413.722071307085   413.064274292501   412.280705447746   410.818349678559
  4.041502987   4.041515256   407.984936237004     404.8106722401   415.747597290851   410.077227718464   410.429053603633   409.545081960698
#[time: 4.05]
  4.057213951   4.057266697   405.506507690319     404.8106722401   409.410272632383   408.827060597065   402.802675810103   403.137362470533
  4.058337188   4.058348199   407.704809201459     404.8106722401   407.366949572984   407.170575642084   400.112876708262   403.616056513891
#[time: 4.06]
#[time: 4.07]
  4.077262199    4.07753458   407.704809201459     410.0105755797   411.171460415604   409.094939367847   404.154779076416   407.976669745195
  4.078811503   4.078864111   411.692859121156     410.0105755797   409.593357812054   409.991253415542   406.759039774687   407.786706326786
#[time: 4.08]
  4.086022458   4.086097181   413.344157344966     410.0105755797   412.965624766958   412.175859177388   415.217643062371   414.453521791566
#[time: 4.09]
  4.097608596    4.09761768   413.344157344966   409.373674553859   415.587744094163   413.697459405907   416.778931544928   415.124161876723
#[time: 4.1]
  4.104210055   4.104213273   392.128031048082   409.373674553859   415.462578195133   414.454115125716   394.187352585083   408.025826539805
#[time: 4.11]
   4.11043558   4.110544337   392.128031048082   394.045411771123   400.524099246121   409.741781631837   389.072039837169   388.581080053235
  4.117478044   4.117527312    384.76394669508   394.045411771123   394.077775119384   394.412985645662   390.494686499971   396.563217540042
   4.11983783    4.11992992   391.445529045112   394.045411771123   391.010195074773   393.267822007046   399.912846328338   402.910031762202
#[time: 4.12]
#[time: 4.13]
  4.130955902   4.130956793   391.445529045112   394.171368367946   397.735931670382   399.375857624862   390.939550167308   390.232196073247
  4.133816366   4.133874188   391.445529045112   401.120869429793   394.898868752991   396.030968234124   392.797332837001   392.591352944337
#[time: 4.14]
#[time: 4.15]
#[time: 4.16]
#[time: 4.17]
#[time: 4.18]
#[time: 4.19]
  4.192064389   4.192192662   391.445529045112   397.616047150547   395.860356915193   398.704104908606   393.848083420336   393.522645307876
  4.194422012   4.194483625   391.445529045112   397.748802802849   395.267047759738   400.065895534001   395.046367112666    395.27717926152
#[time: 4.2]
#[time: 4.21]
#[time: 4.22]
  4.227898483   4.228015861    402.72857235955   397.748802802849   397.270988052988   399.712789165655   398.265929791149   400.072142922135
#[time: 4.23]
  4.232418055   4.232426793    402.72857235955   404.814526935812    404.64058908629   403.337597896446   398.747900928846   398.750424870134
#[time: 4.24]
  4.244874222   4.244875556    402.72857235955    398.91737882936   409.031327986168   410.496040123705   402.245620069916   401.940517281883
  4.248834721   4.248841218   402.681496471185    398.91737882936   402.889193902836   401.826562461049   403.562197799873   402.885740226298
  4.249916161   4.249931829   402.681496471185   405.777268841993   404.117197033802   393.981035395583   398.144439418183   397.122303718957
#[time: 4.25]
  4.253171066   4.253173776   411.612491440148   405.777268841993   407.372154872166   409.595216165361   410.506637170225   409.170158238582
  4.253497467   4.253660229   403.526155550054   405.777268841993     414.0932874339   411.239762176631     402.7130201379    402.33335127398
  4.253851778   4.253878531   403.526155550054   402.896695141919   402.381897855394   403.351195070311   401.731393647468   401.799597172177
  4.256251744   4.256423585    403.83040801697   402.896695141919   404.235949753625   404.080687105034   406.314848541532    405.70702311384
#[time: 4.26]
  4.262272143   4.262368478   395.301877217086   402.896695141919   403.487808412642   402.787764812453   404.430389125849   411.048444112674
   4.26419391   4.264252516   395.301877217086   396.803986763712   398.545498683928   397.318189737114   395.976770695879   395.856213591256
#[time: 4.27]
   4.27847933    4.27850308   398.543401606259   396.803986763712    395.77128910391   395.425954688758   388.298332676179   388.341026914417
#[time: 4.28]
  4.285885422   4.285933386   402.343450705688   396.803986763712   402.804474088082   401.766949517833   398.007098393155   398.819436921351
  4.288964566   4.289022318   404.259598941277   396.803986763712   401.725898826395   399.711092630227   401.162214328127   400.641606389541
#[time: 4.29]
  4.298926799     4.2989452   404.259598941277   410.287610614416   403.808724975328   401.762106437149   408.905984833707   409.718222085407
#[time: 4.3]
   4.30967043    4.30967894   404.259598941277   410.686822091219   408.961423303175   410.756326579563   399.741646737867   400.524732024261
#[time: 4.31]
  4.312017365   4.312036587   412.059483423006   410.686822091219   409.491736696571   412.658787201347   404.354865538367   406.270655396153
  4.314205544   4.314253413   412.059483423006   413.697670727987   417.585546648646   416.539050657627   413.604584185297   413.747325923303
#[time: 4.32]
#[time: 4.33]
  4.330502081   4.330587046   420.551482219212   413.697670727987   413.717379372793    413.91840964188   424.101303771985   410.930591486621
#[time: 4.34]
  4.346445438   4.346471723   417.085853936512   413.697670727987   418.198222372837   417.143197384755   406.685561524549   407.238494933892
#[time: 4.35]
#[time: 4.36]
#[time: 4.37]
#[time: 4.38]
#[time: 4.39]
  4.392848491   4.392876312   414.699029713867   413.697670727987   423.975744218057   421.469689543812   407.597313137529   410.151808250573
  4.396048768   4.396242408   411.106379603763   413.697670727987   415.157231795383   414.990427453191   409.479057301431   408.986561064412
#[time: 4.4]
  4.400375216   4.400468214   410.215397841949   413.697670727987   417.044418914966   418.245729320861   416.875111083577   422.712811681763
#[time: 4.41]
  4.411893699   4.411974663   410.215397841949   405.002891089194   414.627091199286   416.511274093704   412.545143629637   410.831554010896
#[time: 4.42]
  4.427456879   4.427458748   410.215397841949   413.665944465429   415.884218964889   412.647739659941   405.850452708024   403.663700845969
  4.429174428   4.429219297    411.66107414356   413.665944465429   411.416441153125   411.294035993147   414.929025152359   415.715995450189
#[time: 4.43]
#[time: 4.44]
  4.447263646   4.447408689   417.048859964736   413.665944465429      416.384705379   417.768682619091   412.313575158105   413.749785233171
#[time: 4.45]
  4.451683358    4.45175395   411.354028459704   413.665944465429   418.665074093874   412.346948370072    406.31225451648   405.366990215602
  4.451896178   4.451930242   415.755795189728   413.665944465429   416.855192794046   417.895099721342   411.598461800545   411.767645943739
  4.452958234   4.452981436   415.755795189728   427.430057314018   417.101365670693   416.606833700686   421.336762669757   424.606942096643
  4.458702789   4.458705666   428.392971269829   427.430057314018    420.29748664758   425.596967954815   422.512609533764    423.19250741914
#[time: 4.46]
  4.461736485    4.46176322   428.270299432779   427.430057314018   434.331691028671    433.63601357327   423.038585998703   423.326578435684
#[time: 4.47]
  4.478578794   4.478599345   435.163210660292   427.430057314018   431.335404345259   431.078838521249   425.056522654119   423.962606249686
#[time: 4.48]
  4.485250909     4.4855237   435.163210660292   441.998424103875   438.073644230558   431.963970918721   434.045027474227   434.745759109293
#[time: 4.49]
  4.490951025   4.491008492   435.163210660292    433.43935662064   440.866558948569   447.086910293147   425.805406633757   425.379802082754
#[time: 4.5]
#[time: 4.51]
  4.514522777   4.514544844   435.163210660292   414.841121507379   436.580956772173   436.098426981147   441.354277145441   422.457822622274
#[time: 4.52]
#[time: 4.53]
  4.531270379   4.531335365   408.690083376696   414.841121507379   436.044189274883   423.935472961406   413.853146012398   423.835038733352
#[time: 4.54]
#[time: 4.55]
  4.554339005   4.554358014   419.176027276019   414.841121507379   409.468150538542   408.494737512604   410.102167786739   410.452499302409
#[time: 4.56]
  4.560148903   4.560505939   404.617062489088   414.841121507379    427.49201084441   423.861407298005    405.74849290068   418.141101112722
#[time: 4.57]
  4.571515526   4.571571909   404.617062489088   390.761960968475   410.431480843354   413.113525292376   402.531764967796   395.336953851594
  4.573191471    4.57332992   395.059157283546   390.761960968475   404.772233524752   399.147291830041   403.007428515625   398.965959238386
  4.578700457    4.57885386   391.646590773373   390.761960968475   400.184174483804   398.005319452596   381.165718072031   381.560451029207
#[time: 4.58]
  4.582833705   4.582887461   391.646590773373   379.844967947321   395.927798882797   395.282879631008   395.836363041293   381.116151126169
#[time: 4.59]
  4.597380655   4.597442411   380.936520218361   379.844967947321   390.553414343716   386.891285365132   372.571169153354   373.253822463026
#[time: 4.6]
#[time: 4.61]
#[time: 4.62]
#[time: 4.63]
#[time: 4.64]
  4.642313186   4.642344771   380.936520218361    384.36215445543   388.559274226617   387.815710192651   376.459675014187   374.569216695063
#[time: 4.65]
#[time: 4.66]
  4.668420464   4.668614206   383.764622158798    384.36215445543   384.776939861625   386.054124023474   390.921781982011   394.236520234559
#[time: 4.67]
  4.671613054   4.671678351   383.764622158798   383.178676323824   382.465937109706   386.524098172781   385.893731246958    385.78722044753
#[time: 4.68]
  4.688665295   4.688715336   383.764622158798   383.006834944576    384.40917994592   384.208857350387   377.909671681613   378.289912371116
#[time: 4.69]
#[time: 4.7]
#[time: 4.71]
#[time: 4.72]
  4.721413403   4.721549576    385.08760052276   383.006834944576   386.292143242285   386.057071045538   375.041071360703   376.685282099216
  4.728889564   4.728962958   386.385679042973   383.006834944576   391.696910161124   390.344436834401   377.682341749455   377.914099642739
#[time: 4.73]
#[time: 4.74]
  4.742864207   4.742879944   386.385679042973   377.794554296134   388.109355400223   386.907443887753   386.721405621949   383.934666460121
   4.74552454    4.74555338   386.385679042973    390.35475986471   386.077887170198   382.305591772624   386.145750412477   384.376511311178
#[time: 4.75]
#[time: 4.76]
  4.762179869   4.762197254   386.385679042973   387.212882354566   389.419747967434   390.121123441681   380.312261179455   380.131694646031
#[time: 4.77]
#[time: 4.78]
  4.789733482   4.789765832   386.385679042973   387.714026439798   392.194300502722   392.695356019591   384.962551550788   384.369473935746
#[time: 4.79]
   4.79142783   4.791602868   386.385679042973   389.182755989664   390.639489740113   391.301914128129    379.77789701888   379.046664212024
   4.79475568   4.794790422    379.88979570314   389.182755989664   391.198894939446   392.637625120108   384.761706153973   385.261941230647
  4.795982454   4.796104873    379.88979570314   378.677277937255    380.98874647448   388.672639494286   388.317495652629   386.484574983904
#[time: 4.8]
  4.802211987   4.802250864    379.88979570314   377.813245449141    380.21552300946   380.048930903624   378.770976747233   378.869974378908
#[time: 4.81]
#[time: 4.82]
#[time: 4.83]
#[time: 4.84]
#[time: 4.85]
  4.858402819   4.858468626   376.930410789707   377.813245449141   385.493652828053   384.452773070411   374.986241193571    374.72939199012
#[time: 4.86]
   4.86450753   4.864620585   369.498015391738   377.813245449141   381.712920229432   382.188770939021   373.249754484345   371.912500909806
#[time: 4.87]
  4.871083039   4.871186853   377.079552032133   377.813245449141   373.638518034317   374.965065036978    387.24345012218   388.086572868553
  4.874569456   4.874584325    388.34472876206   377.813245449141   379.067217679747   374.632902451383   395.297731581351   384.817200456694
#[time: 4.88]
  4.885950237   4.885989584    388.34472876206    392.12551931167   390.045516656917   381.842352301732   387.605447717303   384.300240583552
  4.885990522   4.885997993   389.129865595051    392.12551931167   394.217004272352   395.911689395333   390.717406472456   390.795229216183
#[time: 4.89]
#[time: 4.9]
#[time: 4.91]
  4.911503854   4.911524105   393.027702957014    392.12551931167   392.172601322629    392.53837445062   385.999284927629   387.514829948231
#[time: 4.92]
#[time: 4.93]
#[time: 4.94]
  4.948224421   4.948337162   393.528684817787    392.12551931167   394.350939374654   394.201294541439    384.80367290494   385.307163509022
#[time: 4.95]
  4.956407579   4.956420883   393.528684817787   394.794041351553   401.002871590772   399.851873801529   394.126870121471   394.187264725433
#[time: 4.96]
  4.961475644   4.961488092   393.528684817787   392.234200170455   397.172741205583   398.244976468913   390.262739953518   390.982534434353
  4.963167802    4.96328156   393.236327138819   392.234200170455   401.717092324187   400.335359472895   388.141757251162    388.16512687113
  4.964109159   4.964129408   369.493130899639   392.234200170455   397.096418986104   396.088326227587   378.113606792249   388.829404505852
#[time: 4.97]
  4.974236906   4.974252367   369.493130899639   378.015638868071   374.721651205338   396.652894826669   369.159244847323   367.862083339213
  4.976929863   4.976986811   369.493130899639    375.45819409805   376.955444123994   377.820282996557   371.735245589488    369.23060209221
#[time: 4.98]
  4.982867659   4.982940541    379.83482000123    375.45819409805   372.549556772412   374.827452108303   374.277991797611   374.966275047004
#[time: 4.99]
  4.996997031   4.997091551   379.491199643527    375.45819409805   383.422154182044    381.51102123437   369.293861263653   368.875280466553
  4.997739202   4.997752765   379.491199643527   388.169701259121   384.217592775855   381.399896184375   384.686954190414   385.185072785996
#[time: 5]
#[time: 5.01]
  5.014023845   5.014181829   379.491199643527   378.008491208586   387.546567056597   395.556665171324   373.206583997232   373.209219035152
  5.014466558   5.014495898   370.770720532049   378.008491208586   384.151137883207   383.250514656486   378.071506694162   386.526239399952
  5.016335006   5.016338197   370.770720532049   373.075212446163   376.154619140897   379.086550858009   369.148186140723   368.089893851452
  5.019652592    5.01980817   370.770720532049   373.409224223358   373.261441329875   373.645131957272   374.621570504142   370.469619459411
#[time: 5.02]
#[time: 5.03]
  5.036385858   5.036415021   370.770720532049   370.252748242023    374.87059170492   375.683395259472   369.008606130827   367.983012302148
  5.039292853   5.039352686   365.627069864125   370.252748242023   374.815861537704   374.638695587506   367.942781281996   367.960802759864
#[time: 5.04]
  5.046339469     5.0463692   377.533954617093   370.252748242023   367.686778695987   367.574587625495   367.141990910005   366.843879191963
#[time: 5.05]
  5.050118668   5.050119903   362.694060124427   370.252748242023   378.267963056617   376.292080124033   366.499167765074   366.141237556471
  5.051354464   5.051505966    374.71324946248   370.252748242023   367.332706097334   372.137269707659   382.132485321535   378.004237259003
  5.054871898   5.054874676   371.333495785471   370.252748242023   380.390175492975   378.085912889539   361.409823515635   362.315003890686
  5.057063367   5.057131452   370.970203925635   370.252748242023   369.950234735995   370.054601976579   360.598620385647   360.577375741615
#[time: 5.06]
#[time: 5.07]
  5.078563537   5.078626989   370.970203925635    379.34428683312    369.63616342868   369.696111300315   369.435048142163   369.249063227149
#[time: 5.08]
#[time: 5.09]
#[time: 5.1]
  5.100074356   5.100110885    381.11271186013    379.34428683312   373.969027074768   377.815922442005   371.819046296132   371.556615076569
#[time: 5.11]
  5.110187867   5.110243016    381.11271186013   380.158076577094   380.184348542067   380.188110337842   387.978335845944   387.160089634557
  5.110326487   5.110588305   376.107042309113   380.158076577094   378.921560041152   379.267560949477   373.733517393389   373.889324894498
#[time: 5.12]
#[time: 5.13]
#[time: 5.14]
  5.146795063   5.146849805   376.107042309113    377.79471962413   380.302193486952   381.180810155747    378.87291586145   381.359236372951
#[time: 5.15]
#[time: 5.16]
  5.164849565   5.164882725   376.107042309113   373.547247389265   382.593533923146   384.060898474133   371.296025931908   371.585358241854
  5.167249381    5.16730456   376.107042309113   373.292796853851    376.81605151066   376.269990188392   369.152451833057   362.845801039877
#[time: 5.17]
  5.178792788   5.178794605   372.417046146923   373.292796853851   377.955096691351   376.662536656877   374.034963937202   374.138624696469
#[time: 5.18]
  5.184939187   5.184976242   371.811173377129   373.292796853851   374.461766575165    374.76015397385   367.428260747688   367.090947948463
#[time: 5.19]
  5.192485821   5.192560354   374.483093800538   373.292796853851   373.901635832507   374.678189751213    364.95622913692   365.925738600847
#[time: 5.2]
  5.208274454   5.208291514   376.683914711378   373.292796853851   375.894093225843   375.661973191555   371.146278423799    371.78937787897
#[time: 5.21]
  5.211447585   5.211553638   374.797883499391   373.292796853851   380.000424581776   377.978440740987   371.137703270361   374.461532828252
#[time: 5.22]
   5.22024922   5.220256888   368.499218221481   373.292796853851   378.838506173595   377.935519394474    373.63503375728   374.580958827838
   5.22642915   5.226551789   368.499218221481   376.473508003905    370.80028246818   373.099483830419   371.996024327498   371.282898084046
#[time: 5.23]
  5.231570688   5.231645249   366.336162355545   376.473508003905   374.072730759848   378.804969548538   372.420176969427   383.464889167572
  5.235540257   5.235561729   378.195039719578   376.473508003905   371.616671803814   380.388711968249   388.027311836544   384.014075399769
#[time: 5.24]
#[time: 5.25]
#[time: 5.26]
#[time: 5.27]
#[time: 5.28]
#[time: 5.29]
  5.293531716   5.293574502   378.195039719578   381.145208227718    379.95769406449   378.887273955683   371.435056333427   371.828850017048
  5.293888061   5.294013314   383.601575362822   381.145208227718   384.309209320421    386.05578485806   380.857275194358    381.59567116574
#[time: 5.3]
#[time: 5.31]
  5.314288933   5.314314226   386.151861070522   381.145208227718   383.859128354716   383.442892459811    376.00447660923   375.977151172271
#[time: 5.32]
#[time: 5.33]
  5.333213027   5.333261246   382.531374194568   381.145208227718   386.362016986864   383.076281294083   378.734605090229   379.751105089712
  5.338893825   5.338937724   382.531374194568   387.333867441684   384.693332697817   384.103429660343   384.943954573537   384.960622812096
#[time: 5.34]
  5.345161469   5.345218063   384.683421234641   387.333867441684   389.771844803782   394.230478035154    387.70224041488   388.344346415559
  5.345361536   5.345367821   384.234805841719   387.333867441684   386.763468828478   386.760896553247   381.375698117911   378.422491237096
#[time: 5.35]
#[time: 5.36]
  5.362670116   5.362734977   384.234805841719   388.672275232638   388.647110034027   389.182177942091    385.72165783168   388.548422903602
  5.366618214   5.366673342    380.04193933302   388.672275232638   387.505082035261   389.976575491782   389.722202199434     399.1199155473
#[time: 5.37]
  5.370543051   5.370600383   386.607997380823   388.672275232638    384.98112216572   388.678004453525   389.785835232661   396.011950797165
#[time: 5.38]
#[time: 5.39]
  5.395585528   5.395748495   386.607997380823   389.136348495617   385.326745864985   385.094240854475   388.207757050149   388.521156991675
#[time: 5.4]
  5.404619013   5.404941955   392.107619878558   389.136348495617   389.609863611351   389.917367026729   382.380635319662   383.906804974755
#[time: 5.41]
  5.412840302   5.412943906   392.107619878558   393.664378432218   395.243117417129   394.068477992681   385.993535816488   385.845552680209
  5.416416961    5.41641846   397.785970581742   393.664378432218    394.47827072817   392.991266810865   399.197957363788   397.967691826955
#[time: 5.42]
  5.423833608   5.423840586   397.785970581742   393.998643652858   395.743639716534   395.732602136663   398.408117824908   397.592234694765
  5.429042825   5.429086337   398.194082457703   393.998643652858   397.006955381029   396.610995470943   395.831990260565   395.829198715657
#[time: 5.43]
#[time: 5.44]
#[time: 5.45]
#[time: 5.46]
   5.46526809   5.465314794   391.110339380835   393.998643652858   403.233740681294   400.648906395563   389.506333350358   388.819717272385
#[time: 5.47]
  5.472440861    5.47253901    398.17696769707   393.998643652858    393.71010657423    393.94814975465   404.582151067451   399.053379071697
  5.472590793   5.472625512    398.17696769707   404.184205342507   395.723943585094   396.096843112282   395.920243373216   394.224089961981
  5.475929241   5.475935066   413.357787883225   404.184205342507   401.734734074261   403.882116205083    407.09271539875   408.335203231046
#[time: 5.48]
  5.484391807   5.484418794   413.357787883225   409.255538632494   413.183675057064   409.597941664192   419.407535029707   413.749514189338
  5.486371285   5.486415421   413.357787883225    415.66218361347   416.370990987619   415.200373055996   420.000593860247   421.628398311331
#[time: 5.49]
#[time: 5.5]
  5.502667106   5.502681236   413.357787883225   417.172111772183   416.525556576448   418.119115257623   411.360591047802   409.461793590734
  5.507283002   5.507305237   413.357787883225   417.196274188523   416.110118640783   417.316847570265    407.30908185585   408.032257391785
#[time: 5.51]
  5.514337168   5.514380381   434.456640440354   417.196274188523   415.725136988319   416.469782536491   429.318452926424   423.908443805306
  5.515790874   5.516015409   416.350898090051   417.196274188523   437.116469594648   424.992980857785    417.44113832056   419.422646443559
#[time: 5.52]
  5.520165894   5.520238053   412.885208151334   417.196274188523   416.452480495299   417.169388958267    415.76265706305   416.735926603744
    5.5260341   5.526124999   420.696275901661   417.196274188523   418.651984573932   421.329050801516   419.089544772213   419.051939683374
#[time: 5.53]
  5.535224249   5.535382708   418.461931885701   417.196274188523   425.736351824812   423.981937609761   408.310714319192   408.199370926737
  5.539216422   5.539247132    414.59660070251   417.196274188523   423.222588092398   422.296648391209   417.201455318316    417.67380783979
#[time: 5.54]
  5.544402627   5.544444057   422.093129779019   417.196274188523   416.573140193504   416.917698079534   414.386420396098    415.06020674837
#[time: 5.55]
#[time: 5.56]
#[time: 5.57]
#[time: 5.58]
  5.582228126   5.582277188   412.573400052257   417.196274188523   422.975436140311    420.53406577801   422.562221835089   427.624753756889
  5.583801403    5.58385991   412.573400052257    411.17479635746   417.239380502346   417.984110576029   419.188368121124   417.452217405111
#[time: 5.59]
  5.594919222   5.594989133   412.573400052257   408.641039602936    416.09357744868   415.512645822024   403.497429592303   403.608785048785
  5.598146691   5.598162805   412.573400052257   403.362885354466   412.336285045804   411.839594895331   414.454795664081   405.061742243954
#[time: 5.6]
#[time: 5.61]
#[time: 5.62]
  5.623700764   5.623705488   405.536918996336   403.362885354466   414.152604562804   402.450284022756   398.021575449833   406.304715085614
#[time: 5.63]
   5.63122335   5.631318761   405.536918996336   414.111739657145   408.277295406459   407.215196585785   409.835233619649   409.931041042589
  5.637764113    5.63783923   405.536918996336   413.354952029821   411.096744595376   411.593596317035    409.31680698749   407.140539910575
  5.637990237   5.638043067   422.045167668589   413.354952029821   410.650969346535    414.64358963397   415.442614742135   416.800011226672
#[time: 5.64]
  5.643850838   5.643875482   422.045167668589   420.532908957487   415.762902293921   418.476085047332    426.27749736982   425.514347966258
  5.648873981   5.648908741   422.093493582152   420.532908957487   425.851852917572   425.526703752508   413.356247711162   413.247159058828
#[time: 5.65]
   5.65181796   5.651825438    422.37259776813   420.532908957487   421.859039407749   421.659276764477   415.347476715051   415.478279921377
#[time: 5.66]
  5.662402862   5.662440107   420.028672767391   420.532908957487   424.041479886124   421.954457029417   411.651352667083   411.742977702788
#[time: 5.67]
  5.672068124   5.672113689   420.028672767391   427.483468687717   421.942698720279   422.015786201251   425.768877416527   429.141476544393
  5.675784428   5.675836555   426.930095360822   427.483468687717   424.628767325131   427.365637573227   423.013017701175   422.904994218493
#[time: 5.68]
  5.680292216   5.680301153   426.930095360822   431.377538206411   432.624328119804   432.879099028183   425.368259375257   424.626671327292
#[time: 5.69]
   5.69238786   5.692394185   426.484530714927   431.377538206411   432.710917960066   434.482260114085   428.799175007679   428.622031504479
  5.698674588   5.698708487   426.484530714927   427.502723152081   429.401899671808   430.998124774239   428.104196980039   429.489265377334
#[time: 5.7]
#[time: 5.71]
  5.713526261    5.71368403   426.484530714927   427.375273048842   424.983561544372   426.662084839342   419.381004075382   418.446553151704
   5.71867658   5.718727594   426.670684273541   427.375273048842   426.831635557844   426.810841433514   422.693724651011   421.714049997128
#[time: 5.72]
  5.724439455   5.724495021   426.670684273541   428.064201354729   429.928924714883   430.258345944551   427.411382428764   427.162033418353
  5.729745548   5.729775737   426.670684273541   433.155830786031   425.284639683026   433.517810778559   426.048189011739   424.456383142962
#[time: 5.73]
   5.73599318   5.736026868   426.670684273541   425.047723856287   429.411699308558   428.595218824292   431.662711973747   429.217508130999
#[time: 5.74]
  5.746436895   5.746469715   426.670684273541   433.182557304151   425.991786394959   423.873392579461   429.859966681982   429.799881816769
  5.746906011    5.74695649   426.670684273541   428.738658541285   431.902716308707   435.026200100996   422.478385063253   419.826818302177
#[time: 5.75]
  5.752092711   5.752247153   431.885029769483   428.738658541285    425.43614027803   431.996852240506   427.254922828041   428.603068853885
  5.753251017   5.753257493   431.682173038452   428.738658541285   431.167600631916   430.969053145516    425.95031871732   427.183206076276
#[time: 5.76]
  5.768681551   5.768709675   431.682173038452   427.845690360446   435.286891090442   434.590034879988   422.504288067813    422.46026451057
#[time: 5.77]
#[time: 5.78]
#[time: 5.79]
  5.790472712   5.790661606   431.682173038452    430.48871071115   437.533791162052   431.839841525545   441.253045870015   436.186114387974
  5.798474903   5.798573111   433.789616199073    430.48871071115   434.204839065907   433.961129807907   443.308969617227   439.614237823939
  5.799822356   5.799978735   433.789616199073   440.194140381082    432.44813179727   432.412732914707   431.478818035944   429.916594567975
#[time: 5.8]
#[time: 5.81]
#[time: 5.82]
  5.825064863   5.825170545   433.789616199073   424.286096328391   437.132529358256   440.837986159085   441.800871319111   432.758399433171
#[time: 5.83]
#[time: 5.84]
  5.845024918   5.845176438   433.789616199073   434.736187009475   439.403736107922   432.128656106451   427.539191364866   424.518493297213
#[time: 5.85]
#[time: 5.86]
#[time: 5.87]
  5.876284893   5.876350384   433.789616199073   436.365313634368    433.81663889779   435.537466853195   438.169599875812   430.724755066025
#[time: 5.88]
  5.883708356   5.883714895   433.789616199073   432.734938445451    438.31531784594   439.464691757324   423.733105944115   423.427459693863
#[time: 5.89]
   5.89305324   5.893099054   435.580394286748   432.734938445451   435.052454037313    434.77362218539   428.538808698146   429.637449512402
#[time: 5.9]
  5.904165659   5.904170946   435.580394286748   437.465904459512   440.672982119129   439.007666846063   428.018561456153   427.110240272148
  5.909716226   5.909746938   441.657124879097   437.465904459512   438.368374103155   438.656038256602   432.383309674239   433.010125063559
#[time: 5.91]
#[time: 5.92]
#[time: 5.93]
  5.933038303   5.933224077   443.188051180917   437.465904459512   444.175590236538   441.861721078018   437.911009495863   439.841558592382
#[time: 5.94]
  5.940103629   5.940139589   443.188051180917   445.947807709791   446.522131781719   443.910367061655   442.113490022701   440.270687566311
#[time: 5.95]
  5.953745479   5.953798828   448.632336932995   445.947807709791   447.921710327207   449.409971438677   448.420899690876   447.783559833342
  5.953932299   5.954156141   440.800228750431   445.947807709791   449.658619079612   447.934247503216   447.153001127707   453.143960989448
  5.959253884   5.959427238   440.800228750431   447.451299323766   445.239063684267   446.930381082984   445.888588244994    448.48953788328
#[time: 5.96]
  5.969373876    5.96938551   440.800228750431   444.164661320894   446.102190818038   448.239312574639   434.941376790279   434.278446053288
#[time: 5.97]
  5.976065542   5.976166773   440.800228750431   438.116868682971      441.918516428   441.719086131411   433.984044510701   433.722685690368
#[time: 5.98]
  5.989473238   5.989542768   441.531313542773   438.116868682971   446.717828052128   444.054635436697   433.145106456884   432.649013916669
#[time: 5.99]
