# command line: ./generate_stepping_data --runtime 6.0 --k_ub 75.0 --cm 0.4 --eqmpre 200 --dt 1e-10 --label paramSearch-fitparamsrun2 --exp-unbinding-constant -0.35 --lt 23.8 --k_b 20000000.0 --ct 0.2 --cb 0.1 --seed 1.0 --eqt 0 --nomovie --eqmpost 224 --eqb 120 --ls 10.49 --framerate 1e-10



#********paramSearch-fitparamsrun2__k_b-2e+07,k_ub-75,c--0.35,cb-0.1,cm-0.4,ct-0.2,ls-10.49,lt-23.8,seed-1,dt-1e-10********
#time_unbind, time_bind, nbx_bind, fbx_bind, nmx_unbind, fmx_unbind, nmx_bind, fmx_bind
#[time: 0]
 0.0010240671  0.0015280705   15.4619835042086   13.3970554070164   7.00690231432819   11.2959907606026    6.6826577521538   6.59098359237027
 0.0086565273  0.0086851075   14.0604993242751   13.3970554070164   18.4751959553253   17.4041526847777   22.7070365265586   22.0581290860455
#[time: 0.01]
 0.0138278069  0.0138626752    12.661933012557   13.3970554070164   11.5230455284661    14.842068535898   4.07461753218424   7.81476127994263
#[time: 0.02]
 0.0286816788  0.0290117491    12.661933012557   26.2983003257886   16.6339090622303   17.4777475062921    18.657053457744   21.7991711846872
#[time: 0.03]
 0.0339143273  0.0339538129   10.0090063070637   26.2983003257886    20.198297520261   26.8966776377144   18.5537707528886   27.9708553054484
#[time: 0.04]
#[time: 0.05]
 0.0517962601  0.0521929569    27.544402898447   26.2983003257886   17.1750250268719   22.1613039929119   19.5479036875859   25.5624142160872
 0.0551531788  0.0553270991    27.544402898447   28.1487884660098   29.4401267232389   28.9430916418182   20.5648850789382   20.6446606363745
#[time: 0.06]
 0.0673124155  0.0677696191   30.0948120356179   28.1487884660098   30.4915413654038   26.5340582445774   21.7127831930115   21.8757502169119
#[time: 0.07]
#[time: 0.08]
 0.0850299431  0.0851548628   31.2312488099983   28.1487884660098   30.1478600211148   29.9573988187867   29.6389871424219   27.4512415794899
 0.0874068155  0.0882015114   29.7943412225875   28.1487884660098   32.3260546901971   31.5266029820223   27.9401375948108   27.9656581298537
#[time: 0.09]
#[time: 0.1]
 0.1005320005  0.1006282751   27.1394809918515   28.1487884660098   31.6563540156565    31.334993495777   22.7561264174246   22.4728960844595
#[time: 0.11]
 0.1138598093  0.1138653123   23.0442596299486   28.1487884660098   32.0471774900889    32.619802069454   21.4790106974806   20.4507528123506
#[time: 0.12]
 0.1283220152  0.1283523088   23.0442596299486   27.1851960332874   26.2290245618982   27.5459483803696   17.2060210941106   16.7035450488644
#[time: 0.13]
 0.1328149605  0.1328876182    25.581227063431   27.1851960332874    27.896514422077   30.5696250853921    26.869235877455   26.9857039360269
#[time: 0.14]
 0.1464968351  0.1465349394   28.8632840418545   27.1851960332874   29.7353131489795    30.158359668816   18.6376491240137   18.7395115429977
#[time: 0.15]
 0.1509882595  0.1510316631   28.6939238099803   27.1851960332874   29.9079976168214   28.6823628476535   19.1855214129569   19.1624397538859
#[time: 0.16]
 0.1624518634  0.1626185731   28.6939238099803   30.5394057794413   27.3766125784257   27.4585705817528   23.3866898500262   21.9662406472812
#[time: 0.17]
 0.1749893793  0.1750339279   42.3361647175382   30.5394057794413   30.1612347149233   30.9387582506889   47.5051616820466   39.0269085360588
  0.176779402  0.1768829971   42.3361647175382   47.2293787234191   39.5393773966078   36.4540330835163   39.7083267857911   38.7966923651294
  0.177688104  0.1777005696   42.3361647175382   44.2237686403619   46.7286073042835   48.7380858615221   33.6093008791235   33.8840995480985
#[time: 0.18]
 0.1820381342  0.1822432115   42.3361647175382   46.3240762832008   47.4904916796714   48.2556767808037   40.8782570834764   36.7540515833388
#[time: 0.19]
 0.1955697899  0.1955882146   49.9602797474911   46.3240762832008    48.086298309177   49.7394090710207   44.0320455306378   46.7149658174318
#[time: 0.2]
 0.2024471766  0.2026916048   49.9602797474911   51.7295429434491   49.2455859122662   48.1144195573642    48.012548530143   47.4101487851456
#[time: 0.21]
#[time: 0.22]
#[time: 0.23]
 0.2333462143   0.233358729   47.6105191406925   51.7295429434491   53.3055997763799   53.5030704437579   46.2542320436858   45.7805746167437
 0.2366272066  0.2366812786   47.6105191406925   45.7173981650557   50.8597889970096   52.9573015553916   38.5959560501751   38.3571216121048
#[time: 0.24]
 0.2492838614  0.2493660462   47.6105191406925     50.32174225333   50.3041227845518   49.4476344796534   41.3234164690929   40.4548459825819
#[time: 0.25]
 0.2549881139  0.2550075674   48.9147214336686     50.32174225333   50.9140372731141   51.9321402169496   52.8572778745917   55.2798305298176
 0.2580292165  0.2585608183   51.2166383384698     50.32174225333   50.7715992122857   51.0183528336046   46.6066766942309   46.9218589767148
#[time: 0.26]
 0.2660903581  0.2660917659   50.9841257985133     50.32174225333   54.0775964275074   53.9740626241808   42.1126084923533     42.20011884906
 0.2688779319  0.2688840376    51.016196642519     50.32174225333   56.0682407806353   55.7685110220973    52.938613817301   52.7201164998467
#[time: 0.27]
 0.2742108119  0.2743039963   47.6196861234541     50.32174225333   49.9766895701729   50.1664821535081    52.326869129414   54.0678639135615
 0.2782691222  0.2782832749   47.6196861234541    47.059239861887   50.4305833414432   52.3167120320046   37.2364931532471   37.3294898810256
#[time: 0.28]
#[time: 0.29]
#[time: 0.3]
#[time: 0.31]
  0.309984529  0.3101823633   47.6196861234541   53.1540857190288   49.2401628417723   49.0969354762999   51.0612720512707   43.2513770069976
 0.3103570334  0.3104182114   58.6367369143941   53.1540857190288   54.5831055336409   56.4195810622889   55.9994401506273   55.9253787985995
#[time: 0.32]
 0.3254037713  0.3257380335   57.3777229674125   53.1540857190288   60.5505671844639   55.6655637463887   50.3627721766836    52.496114038145
#[time: 0.33]
#[time: 0.34]
#[time: 0.35]
#[time: 0.36]
#[time: 0.37]
 0.3739049723  0.3739377336   45.5284364226055   53.1540857190288   58.8169962156584   57.1826689058149   48.8505839916862    58.869434828518
#[time: 0.38]
#[time: 0.39]
#[time: 0.4]
 0.4034707962  0.4035140722   45.5284364226055   60.7586850196259   52.5519574136949   54.9134935587335   47.8251982830982   60.6703754302366
 0.4049245733  0.4050192445   63.5020412050175   60.7586850196259   52.9349092229482    58.520458629621   56.9504014042978   57.1279806017835
 0.4098266739  0.4099242905   61.5430863814584   60.7586850196259    67.012352540285   65.9162749952909   59.4240202350977   59.6048620122411
#[time: 0.41]
 0.4109326535     0.4110227   62.8447609301545   60.7586850196259   59.9065909694789   60.0388287754437   63.0216731948327    62.115779504414
#[time: 0.42]
#[time: 0.43]
#[time: 0.44]
 0.4478759388  0.4482059009   62.8447609301545   61.2953658637253   64.4203745958544    64.135893484722   59.2399346443414   60.3245489753141
#[time: 0.45]
 0.4505505441  0.4505652245   59.2759343947135   61.2953658637253   64.6181645492053   62.2853786617771   56.2177521357169    56.407326119918
#[time: 0.46]
  0.464955884  0.4649628437   59.2759343947135   57.2740135651582   61.6394411766676   62.5589718443875   50.4199614898514   50.1861517982872
 0.4657041017  0.4657529193   56.1772099039351   57.2740135651582     59.06696396818    58.898480902633   51.4419105098849   50.9558090673344
#[time: 0.47]
#[time: 0.48]
 0.4840436026  0.4841916553   56.1772099039351   57.1823208297631   58.3660632755685   58.5391459268522   53.0978920784181   52.7024032493437
#[time: 0.49]
 0.4969071153  0.4970195611   58.1070276515767   57.1823208297631   55.8691158125078    56.184199661104    54.764229093833   50.2741109207398
 0.4985418976  0.4989659712   58.1070276515767   54.3740591313451   58.0599011430218   58.0237461549416   51.0935891065937   57.5838207690886
#[time: 0.5]
#[time: 0.51]
#[time: 0.52]
#[time: 0.53]
 0.5384559853  0.5386197933   55.5762694551899   54.3740591313451   60.0329396573667   58.2364125364465   55.2250731058758   54.8778023665899
#[time: 0.54]
 0.5459806546  0.5460258722   55.5762694551899   57.9360063600179   61.6659313168822   60.8611621240888   56.8097742062991   56.8850786763479
#[time: 0.55]
 0.5528425631  0.5529316058   59.9487976865723   57.9360063600179   57.6809869811655   58.3694380028986   63.2107685176531   64.7825313276099
#[time: 0.56]
  0.562567305  0.5629457542   59.9487976865723   63.7204979512429   62.7377125767546   61.7224125499096    62.008088194126   63.1344122571121
 0.5660125661  0.5668083492   66.3720156501628   63.7204979512429   59.5159469347054   64.3092414570399   63.1801246602029   63.6098900824815
#[time: 0.57]
 0.5750361433  0.5752522358   45.7771452686023   63.7204979512429   68.0231666042203   66.6415713640975   53.0964046552115   63.5955613208745
 0.5766456251  0.5766499851   69.0012024153086   63.7204979512429   53.0672197594803   69.1548483770487    65.406173049667   65.6989868412398
 0.5773379577  0.5774052176   67.0475012761781   63.7204979512429   70.7287400618257   67.7611540991223   64.5651828640521   64.7654632520628
#[time: 0.58]
 0.5829803361  0.5831285257   58.4371441361538   63.7204979512429   70.8551821222883   69.4420256022414   63.5525691360883   68.6914828875997
  0.583194471  0.5832148461   58.4371441361538   54.5835792011285   60.2128543101252   63.8274738740688   55.3294532320025    56.038360545837
 0.5886183874  0.5887432147   58.4371441361538   64.2920244553384   59.8169249876669   57.6613717817173   63.5564301981795   66.2439310365055
#[time: 0.59]
#[time: 0.6]
 0.6006164574  0.6006886482   58.4371441361538   69.4570116087525    62.381344055938   64.4215896872184   63.6464071298169   63.0255988581265
 0.6057681411  0.6057722093   71.5664505322758   69.4570116087525   64.0987020149803   65.7586721284274   63.8943232629282   67.7924439873678
#[time: 0.61]
#[time: 0.62]
#[time: 0.63]
 0.6333863833  0.6335720878   92.0747871661287   69.4570116087525   70.2471493003957   72.9550058191346   87.0411095077055   76.7852041605738
 0.6363104427  0.6367630367    73.695541018472   69.4570116087525    87.664472403829   75.6123872287622   65.0150605587719   65.0610188911768
 0.6397585692  0.6398549551    73.695541018472   72.8264685461343   70.1884191686708   71.0797416096682   72.7692087054662   72.8249263220448
#[time: 0.64]
 0.6447069646  0.6448939884    73.695541018472   77.7781434947538   79.2758721878768   78.8361725791403   72.4322875610436   71.6666579724288
 0.6452987089  0.6453126109   75.7635077890235   77.7781434947538   76.3188065896198   76.8335462392213   71.2397178187664   71.2179612828887
#[time: 0.65]
#[time: 0.66]
#[time: 0.67]
#[time: 0.68]
 0.6891953176  0.6892127898   75.7635077890235   77.2270576976215    76.485036847142   76.9940627823292   70.8384419999724   69.7448936558866
#[time: 0.69]
#[time: 0.7]
#[time: 0.71]
  0.711081698  0.7111136117   75.7635077890235   80.7749215880154    80.333985035162    80.743621429027   70.2809033329186   70.8074213776454
#[time: 0.72]
 0.7281406386  0.7282278171   75.7635077890235   72.9460298303244   80.4353714936337   83.0194675751801   67.0934416590836   66.4704868406731
#[time: 0.73]
  0.730682182  0.7307275527   75.7635077890235   70.0528550664052   76.2569824985017   75.5058449355257   72.3177443021559   72.7741651569441
 0.7384246921  0.7385395806   75.7635077890235   80.3106852254708   75.9912317818281   74.7233263348505   76.2150809255533   73.1418086433354
#[time: 0.74]
 0.7421939688  0.7423696439   75.7635077890235   73.1071416330703   78.6267352362581   79.4506268736972   69.3956094702234   70.1876111742719
 0.7471139595  0.7476408782   75.4374601975946   73.1071416330703   78.7823834169654   77.3955829892457   70.8335821845289   72.1398260865954
#[time: 0.75]
#[time: 0.76]
#[time: 0.77]
 0.7745931208  0.7747482911   75.4374601975946    81.373259382945   80.8172433030186   79.4394038288735   70.3103675919885   70.8913283045026
#[time: 0.78]
  0.788149419  0.7883213256   75.4374601975946   80.5038285258856   79.9345109733481   82.9622072358425   79.8323620643814   80.7684098223151
#[time: 0.79]
 0.7912838097  0.7914451424   78.2269899513575   80.5038285258856   78.5108561924723   79.4635319324644   72.2746638356701   71.6741797462493
 0.7955102547  0.7955777617   81.6339834577294   80.5038285258856   80.8581217857733   81.5484933003923   89.0989129410121     88.05767319573
 0.7988023567  0.7988085329   69.6854005240524   80.5038285258856   84.3492318843324   83.7504352824379   73.1661028196455   85.4592768615379
#[time: 0.8]
#[time: 0.81]
 0.8134355232   0.813523704   69.6854005240524   66.9633238286385   74.9944461917438     75.79879992556   61.1760729079879   62.3682777156466
 0.8135445423  0.8136444279   69.6660665771097   66.9633238286385   74.3106188218946   72.3514314881577   69.2523556302175   68.6889291989563
 0.8160625267  0.8161334984   69.4228250729587   66.9633238286385   71.2792199254324   70.1570265383312   66.0200080302968   66.9820907482458
#[time: 0.82]
#[time: 0.83]
#[time: 0.84]
 0.8425257907  0.8425366793   64.6108695996271   66.9633238286385   69.8574120847805   67.7474904981252   71.5634106364738    75.516359575384
#[time: 0.85]
 0.8562640883  0.8563938829   66.1510107887259   66.9633238286385   68.0172685068341   68.7830834499617   72.2081564969973   76.3077408044124
#[time: 0.86]
 0.8624395627  0.8626145626   72.2374064121023   66.9633238286385    68.127438133599   68.5820945914772   61.7786483791658   61.2976753617906
#[time: 0.87]
 0.8709562849  0.8712849732   65.1193694032799   66.9633238286385   73.6523659043686   71.8345751713911   71.9162008770686   73.3189019299301
 0.8761521349  0.8762497081    63.709870428816   66.9633238286385   67.6725344171204   68.1182542199614   61.4850062484374   60.7448852530453
#[time: 0.88]
 0.8839166223  0.8841097714   65.8914783023723   66.9633238286385    64.461452309009   64.1942487134386   64.7307443114768   64.3561367011486
#[time: 0.89]
#[time: 0.9]
 0.9068522389  0.9068525378   68.1212780355362   66.9633238286385   66.4125071020596   66.7363278384599   68.5481134246996   67.0803002404232
 0.9069154023  0.9069713706   68.3695975165092   66.9633238286385   72.4383126316648    71.814733583726   66.8183821346024    67.551639231914
#[time: 0.91]
 0.9119594412  0.9120360011   68.3695975165092   64.8233631253209   70.2099118701074   69.9397951401945   74.2858289527243   66.0201836190027
 0.9169797388  0.9169998175   68.3695975165092   77.2633152540266   70.1973499271817   68.0286201464577   76.5242743101715   70.2007902360336
 0.9183763574  0.9187039472   68.3695975165092   68.9371997467576   72.6533524821366   78.6908400064667   62.2575862218423   62.0345448383338
#[time: 0.92]
 0.9282331397  0.9286545571   70.0505077379863   68.9371997467576   68.8877228863859   66.9737683467263    64.755770070412   65.0677546623402
#[time: 0.93]
 0.9327945074  0.9329029391   70.0505077379863   61.2179933383027   70.2395615801392   70.0816033371869   78.1275067282719   67.0798980313516
#[time: 0.94]
 0.9399705736  0.9400840578   70.0505077379863   78.4338067832222   68.0735398293151    64.991253267009   73.9560971291495   79.1151749407312
 0.9434374707  0.9435858057   81.0112520372993   78.4338067832222   76.7465438579276    85.072899914353   71.7476299882541   72.9606315009635
#[time: 0.95]
 0.9586508853  0.9588348217   82.6551221031089   78.4338067832222    82.543806450897   81.1128336041829   72.4885913370029   74.0314381926671
#[time: 0.96]
 0.9687840373  0.9689238378   76.2456926562376   78.4338067832222    83.925085734933   81.5390040690121   77.5532773147767   77.6056364799896
 0.9692447683  0.9695642564   83.2660011457836   78.4338067832222   77.8466900348594   78.1384651754766   80.0471291983301   80.4797435489488
 0.9698345597  0.9699628239   79.9469387517225   78.4338067832222    80.876690492327   80.8610903608407   70.9929101546071   71.9491150827429
#[time: 0.97]
#[time: 0.98]
#[time: 0.99]
#[time: 1]
  1.007554319   1.007562687   86.2177894555452   78.4338067832222   79.7759812882015   79.5243334294001   83.7846395480105    81.694694825136
#[time: 1.01]
#[time: 1.02]
  1.029403238   1.029517481   86.2177894555452   67.9639336726154   85.9161989120114   83.8669454533067   86.9657887529227   73.0694279111496
#[time: 1.03]
  1.030856483   1.031088644   86.2177894555452   77.9463131741712    82.678206745524   73.4169024082148   91.0899752871964   83.3969452874115
#[time: 1.04]
  1.046571914   1.046646756   86.2177894555452   87.6847167395007   86.2708974936992    83.440450485273   84.5861339741359   81.6920841980325
#[time: 1.05]
#[time: 1.06]
#[time: 1.07]
#[time: 1.08]
  1.080417906   1.080607297   86.2177894555452   81.8920155069066   91.7529950423099   92.5861115332744   94.4788588006683   90.2689327794141
#[time: 1.09]
#[time: 1.1]
  1.100232415   1.100267889   86.2177894555452   90.2252677479853   82.0360734243308   84.4116200626404   83.9337722420155   79.7651633500086
  1.109023464   1.109043612   86.2177894555452   85.0871664630915   90.9079208753559   91.8202502890847   79.5659647724796   80.0796523938283
#[time: 1.11]
  1.110425627   1.110469137   86.2177894555452   73.4900016239051   88.4403511185649   88.0112828922981   80.8665993915287    78.469183272642
   1.11980775   1.119820663   67.0245411277055   73.4900016239051   80.7190793767614   79.7624134967619   62.7983633930437   75.4427031718346
#[time: 1.12]
#[time: 1.13]
#[time: 1.14]
  1.142700902   1.142977755   75.2597531851856   73.4900016239051   70.3105569069786   68.8959556288884    67.553952810361   67.6905310299209
  1.144037359   1.144191782   75.2597531851856   77.6910415869102   77.0193502016113   76.5112323777264   70.0297941670397   69.7096988286571
#[time: 1.15]
#[time: 1.16]
#[time: 1.17]
  1.171740062   1.171756681   75.2600569467597   77.6910415869102   77.1067567959897   77.7033334295672   75.1536891364326   74.7888041182431
  1.177597649   1.177684709   75.2600569467597    76.016003022636   77.2342042477865   77.8200539161652   66.1329979580075    66.080442411708
  1.177875958    1.17789165   72.9609447414005    76.016003022636   79.5484715275898   79.8984964238024    69.513371724778    68.966439789966
#[time: 1.18]
#[time: 1.19]
  1.197626449   1.198106225   72.2397381506048    76.016003022636   79.4577965018396   80.7314571468937   61.8040900696205   70.1940479451355
#[time: 1.2]
  1.203888932   1.203910603   72.2397381506048   77.3834381919332   75.1732132899224    77.546192185167   73.6608222445948   72.6088890912921
#[time: 1.21]
  1.213205667   1.213209904   72.2397381506048   71.6639463017311   78.2383360188488    80.539783666946    68.384862504787   69.0360963788641
  1.214078744    1.21418066   75.1331649728115   71.6639463017311   74.9803067802596   74.8529174007826   66.2683035295994   65.5245118701343
#[time: 1.22]
  1.222335268   1.222407068   73.1729036843972   71.6639463017311   77.8522285515513    75.649543538492   74.6038330559126   73.9929757498998
  1.226143801   1.226293267   73.1729036843972   79.3362185286285   77.7454983439572   77.0778507193397   79.6246249660337   73.7520747385991
#[time: 1.23]
#[time: 1.24]
  1.240587733   1.240791855   77.7736615404068   79.3362185286285   79.2539809804037   80.5210431946937   72.3961055534765   72.2930202691979
#[time: 1.25]
#[time: 1.26]
  1.263477321   1.263480171   81.4503197880459   79.3362185286285   82.5346205869631    83.009304094112   80.3528991553627   80.3613207285518
#[time: 1.27]
  1.276638301   1.276742621   81.4503197880459   82.5329052247769   80.9639075932811   80.1621875812904   80.5111708429461   80.1001056354329
#[time: 1.28]
   1.28256347   1.282614157   84.2388315859947   82.5329052247769   84.1009890423496   84.4291940436138   80.5622243846162   81.1539041109872
  1.282827392   1.282909952   84.2388315859947   89.6392628992233   86.6182970031326   85.5099039269032   86.9413851167846   86.9609370831947
#[time: 1.29]
#[time: 1.3]
#[time: 1.31]
   1.31615301   1.316186961   98.3342759697048   89.6392628992233    87.789575021227   89.5877462349348   91.6966168798577   94.2880472310447
#[time: 1.32]
  1.321052923   1.321311271   98.3342759697048   101.546631257891   101.525428787957   96.5149168902266   92.0359595271604   91.4093438895837
#[time: 1.33]
#[time: 1.34]
   1.34959173   1.349679824   98.3342759697048   88.1175907270687    100.97194946842   101.185780236497   106.671733712849   96.8586355815432
#[time: 1.35]
#[time: 1.36]
  1.367883511   1.367951536   98.3342759697048   100.950539048295   93.1052985403176   93.1830859037423   90.1743167899568   90.5352105680042
#[time: 1.37]
#[time: 1.38]
#[time: 1.39]
  1.391033912   1.391134565   94.6346723709583   100.950539048295   103.595191033119   104.359533196389   92.6698816244374   100.266555615441
#[time: 1.4]
#[time: 1.41]
#[time: 1.42]
  1.420286249   1.420313438   94.6346723709583    98.427534052374   99.6704842641881   101.923690162167   94.6731814312205   94.2717886030561
#[time: 1.43]
#[time: 1.44]
   1.44591868   1.445938926   106.719164499618    98.427534052374   98.3445474416417   99.0548623495761   105.621882929562   103.626182431145
  1.447840453   1.448146827   106.719164499618   99.5642021162925   107.580257099927   103.152797014767   109.461056726738    101.21751342916
#[time: 1.45]
#[time: 1.46]
#[time: 1.47]
#[time: 1.48]
#[time: 1.49]
#[time: 1.5]
  1.504466536   1.504741696    100.33020933551   99.5642021162925   107.790563798969   102.987682383411   93.7291025649096   93.8165956353238
#[time: 1.51]
  1.516402047   1.516473321   112.135800619113   99.5642021162925   107.563145150269   107.179230993644   111.349145140146   105.609708647781
#[time: 1.52]
  1.522569212   1.522633176   100.530822401069   99.5642021162925   111.453952801189   107.442357370983   102.483844678125   102.203899149727
  1.523864875   1.524002989   98.3672206899451   99.5642021162925   99.8939480029722   99.9102131814923   98.5271705496871   98.4911993521623
#[time: 1.53]
  1.539302078   1.539603474   84.4739343750582   99.5642021162925   101.418378558368   101.843095710384   90.2131020539113    105.03781886033
#[time: 1.54]
  1.541440919   1.541864784   84.4739343750582   87.5503623304703   90.3304453765385   100.548474467779    85.251128475539    84.802024350336
#[time: 1.55]
#[time: 1.56]
#[time: 1.57]
  1.579044087    1.57921221   84.4739343750582   90.1737476977007   90.0666707701482   91.9630484417611   87.2165347468488   86.7306688209147
#[time: 1.58]
  1.583229326   1.583437702   93.6706821782472   90.1737476977007   90.0574225191706   92.2519049207165   88.7199364124117   88.7723818977572
#[time: 1.59]
#[time: 1.6]
  1.603128064   1.603453145   93.6706821782472   93.1087782620333   96.6687182227386   94.1390252740908   86.5438040206491   87.1251311900303
  1.603593026   1.603890372   94.4668137363285   93.1087782620333    100.84922483691   100.387320586137   92.3734471677305   92.5602049977836
   1.60514346   1.605201379   94.4668137363285   93.6675595670395   95.5059336933835   95.0880202437331   85.3133251902099    85.177948686944
#[time: 1.61]
  1.613514518   1.613572457   94.4668137363285    97.102778110419   96.3532028308199   95.7150082586067   89.3659102461053   87.2217631022964
#[time: 1.62]
   1.62607684   1.626092759   94.4668137363285   97.0144689949769   96.4506579143749   97.6701886358711   88.1733605345007   88.2111343611458
#[time: 1.63]
  1.630095762   1.630142951   94.4668137363285   95.3759723013598   98.9520716641401   101.098231128389   94.8289173037077   94.8123715874972
#[time: 1.64]
#[time: 1.65]
#[time: 1.66]
  1.667983873    1.66819402   94.4668137363285   96.1926287012334   97.2175445022422   97.2586937246258   91.4883954020709   88.8103075788802
#[time: 1.67]
  1.671706721    1.67182302   94.4668137363285   97.7392906331003   96.4033650048495   96.4748270127606   95.1003140527766   94.4996193608896
   1.67531207   1.675335745   100.922717308906   97.7392906331003   100.070791803155   100.929929975847   98.7234405873423   99.1750732077658
  1.677928635   1.678077934   100.922717308906   105.537915755832   105.754551621262   103.171795960034   97.5782303633257   96.1277430249628
#[time: 1.68]
   1.68360825   1.683620782   100.922717308906   102.146785337691   105.899967981831   107.585913468555   91.6264659751974   91.7865508392621
  1.686321861   1.686814198   104.304833475761   102.146785337691   102.782937134469   102.948751526257    100.55922197142   101.024423652015
#[time: 1.69]
   1.69325166   1.693388286   104.304833475761   102.552543921135   108.383837062761   106.338998494103   102.878174418822   103.023403089392
   1.69752999   1.697732907   104.304833475761   102.126371131411   110.480915321504   109.596365107095   113.701497401475   108.897871427356
#[time: 1.7]
#[time: 1.71]
  1.710165426   1.710263473   104.304833475761   115.351291005373   107.093677287325   106.116370859121   110.212453349646     111.9035234949
  1.718553408   1.718644631   104.304833475761   94.1697455926898   110.466709392342   112.510759456238   110.020619801817   102.661211765864
#[time: 1.72]
   1.72435696   1.724366419   87.7323899152523   94.1697455926898   103.226379645089   99.6513149251685   92.9719337402256   96.4458014664986
   1.72651913   1.726522303   96.7194870101241   94.1697455926898   90.6565737550279   100.873317335144   98.1720649817767   96.4670644678777
#[time: 1.73]
#[time: 1.74]
#[time: 1.75]
#[time: 1.76]
  1.763268453   1.763396454   96.7194870101241   109.147933626932   103.192859712057   101.055959666011   104.210305200064   110.916066373086
#[time: 1.77]
  1.777560495   1.777644094   118.309350437096   109.147933626932   102.884988420963   102.080168104061    113.02155436948   113.905579321188
#[time: 1.78]
#[time: 1.79]
   1.79875409   1.798780118   118.309350437096   111.631500554636   120.397887343017   116.719947994147   121.283202636801   115.058193809747
#[time: 1.8]
  1.801642469   1.801713199   113.561366739968   111.631500554636   116.372960845415   115.509822466018   104.115926648797   103.914870293279
  1.805300761   1.805369232   113.561366739968   120.039482243474   117.811418591845   116.538654851107    109.81813716592   109.758466329926
  1.806699809   1.806758512   124.391638369371   120.039482243474    119.40486963742   122.246182304842   115.101492016454   115.647758507454
#[time: 1.81]
  1.811070687   1.811099082   124.391638369371   128.607301548203    123.45790652268   122.441955387355   123.182627251207   120.872215273738
  1.819244277   1.819450945   124.391638369371   125.440276258185   126.507360100411   126.153164587311   118.955303788513   118.612549594552
#[time: 1.82]
  1.821506221   1.821513467   124.391638369371   127.737202862941   124.478446784744   124.422999580788   127.264351862588   129.971841571203
#[time: 1.83]
#[time: 1.84]
  1.848058448   1.848159416   131.218099345766   127.737202862941    130.39359780964   131.998017452852   126.974260886435   129.498670813508
#[time: 1.85]
  1.857177856   1.857236162   131.218099345766    133.74467810391   134.017999382309   132.752372080976   139.436318131553   132.313184032708
#[time: 1.86]
   1.86124502   1.861338562   139.681869119606    133.74467810391   134.524735096167   134.875923649945   134.962080718578    135.93449628838
#[time: 1.87]
  1.876987956   1.876992678   139.681869119606   151.823365082136   143.174939291604   136.825122760592   146.136467109009   154.261589487994
#[time: 1.88]
  1.887381895   1.887907952     154.3405612995   151.823365082136   145.267728326075   146.646540455284   145.044323798684   145.037987085784
#[time: 1.89]
#[time: 1.9]
#[time: 1.91]
  1.916537987   1.916558547   153.976228089906   151.823365082136   156.797260419156   156.064359173816   148.892474466711   149.892182710405
  1.916951569   1.917025278   153.976228089906   155.779391760829   155.041091850457   154.076915299334   146.225818704866   146.487190117653
#[time: 1.92]
  1.926995854   1.927070065   153.750112544557   155.779391760829   161.062337117736   162.230737523455   154.072702296646   153.433427706318
#[time: 1.93]
#[time: 1.94]
#[time: 1.95]
#[time: 1.96]
#[time: 1.97]
#[time: 1.98]
   1.98210596   1.982219272   156.525718029483   155.779391760829    156.47598961917   157.429325966494   152.434716452062   152.702291286345
  1.986578758   1.986700609   156.525718029483   157.643821188195   155.572472104795   155.618153414675   148.683048629549   147.194909486936
#[time: 1.99]
  1.991439479   1.991499776   146.129995642332   157.643821188195   161.926998456054   162.338363269159   149.386844540314   157.650815885638
  1.997110992   1.997152319   146.129995642332   143.341842705028   150.953010849036   157.557715520275   152.603019303678   148.945089864347
#[time: 2]
#[time: 2.01]
#[time: 2.02]
  2.019874795   2.020094392   146.129995642332   158.518758051287   144.377587566274   144.459923865214   150.718961689472   155.957397914379
  2.024591118   2.024718191   152.120036723752   158.518758051287   152.056707594857   157.436904073167   146.274127602039   157.201612563908
#[time: 2.03]
  2.031075313    2.03116065   171.989603640517   158.518758051287   158.959669885467   165.985049933141   166.211083128241   164.622734374971
  2.035083513   2.035183712   171.989603640517   167.546713712027   175.906935026857   166.104303430343   168.334277638123   168.847574171786
  2.035425928   2.035433766   171.989603640517   167.281523192828   168.569602516926   169.285752982784     172.6361248008   165.204553907657
  2.037708257   2.037719818   171.989603640517   168.896623750138   175.420071104497   170.485902372276   178.052177904183   175.743899576156
  2.039528477   2.039706138   169.510386567985   168.896623750138    169.82160127536   167.861352388289   162.419778368619    162.71433923306
#[time: 2.04]
  2.047051825   2.047052938   186.341043959882   168.896623750138   172.265312337681    172.07778023774   183.556154716638   175.825006514839
#[time: 2.05]
#[time: 2.06]
#[time: 2.07]
#[time: 2.08]
#[time: 2.09]
#[time: 2.1]
  2.100833625   2.100905389   172.913564834398   168.896623750138   187.466255104566   174.078367867738   163.582072982304   162.573123964688
   2.10227813   2.102298537   172.913564834398   174.580615967903   171.917877860538   171.635062282298   172.014621209673    165.89246478761
  2.106409295   2.106478098   173.739867239637   174.580615967903   178.973758104453   180.194299579661    163.25926705253   165.299141308579
#[time: 2.11]
  2.111350013    2.11144965   175.874049877341   174.580615967903   175.783462543668   175.890685008889   167.802480182852   164.762991628138
  2.119438768    2.11944468   175.874049877341    183.28275869417   177.000008316481   176.809269186522   178.186013154308   178.029400638189
#[time: 2.12]
   2.12251309   2.123046292   182.276105875529    183.28275869417   183.188461190816   189.488577351409   182.482317908221   182.444071250173
#[time: 2.13]
  2.130180965   2.130253822   182.276105875529   182.852926651661    184.93456885375   185.214642306807   176.341593180959    176.34134571059
  2.134698414   2.134787401   181.835721187576   182.852926651661   181.539172933491   183.858162572211   180.287913105759   180.078518080597
#[time: 2.14]
   2.14240847   2.142551038   195.396696612051   182.852926651661   185.201107812673   185.409977008968   192.578394304399   188.968607518544
#[time: 2.15]
  2.153899536   2.153983666   195.396696612051   188.937041782774   190.245400873598   189.361735976353    194.65991054123    191.65711947046
  2.159628194   2.159701006   195.396696612051   195.947237558036   193.162603664832   192.566386152493   187.416900060483   186.104922484021
#[time: 2.16]
  2.160298746   2.160313089    199.66369709993   195.947237558036   200.611291690438   201.017214630111   195.608209586875   196.479969867606
  2.160342581   2.160453771   195.310827158703   195.947237558036   202.507087273737   200.704417082268   186.459502889501   186.519727375071
#[time: 2.17]
   2.17568004   2.175799414   197.334406922317   195.947237558036   199.610013065271   199.892287896055   191.992959411831   194.641320210942
    2.1799704   2.179972457   197.334406922317   200.324351863689   196.968924272378   196.909869473631   191.266742464877   191.615339251856
#[time: 2.18]
  2.186783625   2.186854064   197.334406922317   195.332191987475   203.398687201955   205.541565864784   190.155460591103   196.192390423121
  2.186882456   2.186898286   193.587009993103   195.332191987475   196.168481696253   196.226352445298   192.262678934422   191.323551350311
    2.1890144   2.189042754    189.34667151033   195.332191987475    199.94117823932   200.356993665486   192.644752607952   192.871335587389
#[time: 2.19]
   2.19436269   2.194408081   198.918279632629   195.332191987475   192.785919603345   193.424639093881    203.50124834384   198.790035365589
#[time: 2.2]
  2.204438741   2.204496163   194.037746547974   195.332191987475   203.825365272011    201.23051898117   197.110021105606   197.743026230662
   2.20714591   2.207425227     196.1446288913   195.332191987475   197.307482490877    198.00314783943   186.371016932394   186.519861214887
  2.207844568   2.207890588     196.1446288913   190.891658890123   199.012870945872   198.603169079165   192.594565942109   193.346905229595
#[time: 2.21]
  2.210397908   2.210578115   193.810075139069   190.891658890123   197.611456645677   193.744589245943   183.828007039305   183.051003564624
  2.216872734   2.216952047    207.97110947857   190.891658890123    196.98961741247    195.32747238414   203.751852031226   198.934608606381
  2.217397235   2.217544892    207.97110947857    211.16886428959   209.630747673344   195.466925546509   207.134843196691   206.578976312525
#[time: 2.22]
#[time: 2.23]
  2.233262986   2.233315358    207.80814645903    211.16886428959   210.324422866502   210.471402177966   214.175269212143     216.7086594631
  2.237978641   2.238057465    207.80814645903   209.867271759891   210.692008724583   211.145460320971   203.289130779327    200.49185029967
  2.238644675   2.238706873   220.271227868388   209.867271759891    211.43934155487   212.364125734303   213.582877440618   214.731264350579
#[time: 2.24]
  2.248548401   2.248549315   220.271227868388   221.891915946922   222.223604085344   218.025626698591   222.322620614317   219.064005074138
#[time: 2.25]
  2.252791659   2.253131995   220.271227868388   224.254272764682   224.229442898855   224.866306282924   213.879811795365   214.605168820634
  2.254809041   2.254872231   220.271227868388   225.605666397647   226.054567448379   227.729681688228   219.235085747777   216.056508176854
#[time: 2.26]
#[time: 2.27]
#[time: 2.28]
#[time: 2.29]
  2.292765682   2.292981409    229.91051788531   225.605666397647   228.495968816298   232.840798309227   219.690711493145   219.182888274783
  2.294725217   2.294890462   230.032218937425   225.605666397647   232.600980192121   230.745264857475   221.578460816486   224.935485492921
  2.296365611   2.296369608   230.032218937425   224.448298918912   229.981862958034   229.591016109389   228.547895936494   227.643979742992
#[time: 2.3]
  2.302773607   2.302953705   230.032218937425   228.914056894918   228.548759606352   228.011425894966   225.478900606921   220.265092391995
#[time: 2.31]
  2.309841534   2.310253347   230.032218937425   247.313278379653   237.224693922817    236.50975366058   236.387616553518    241.49227445682
#[time: 2.32]
  2.324019832   2.324330893   230.032218937425   241.792468683978   237.621875141767   247.470437296763   229.702710911393    240.36914666982
#[time: 2.33]
  2.330051499    2.33012797   230.032218937425       228.53068331   236.112569705014   236.337252884777   227.111170344063   227.549138864458
   2.33316632   2.333249593   235.238694509917       228.53068331   227.848096315412   230.938369281878   233.967354228308   232.235486526441
#[time: 2.34]
#[time: 2.35]
  2.352529303   2.352729955   232.505517942581       228.53068331    235.62716199488   232.911157282731   226.746768508989   232.885185700949
  2.359740922   2.359851937   233.289799230016       228.53068331   233.265880002241   232.063799048078   224.339069795064    227.51246494198
#[time: 2.36]
  2.360778942   2.360836492   233.289799230016    240.34112545385   233.887463856406   231.849968210895   233.127967428218   232.754881489735
#[time: 2.37]
#[time: 2.38]
#[time: 2.39]
   2.39420199   2.394333902   243.359819549897    240.34112545385   238.944657837413   243.471443392436   242.070796508846   241.711558971514
  2.396237006   2.396299173   234.446624213096    240.34112545385   246.228205736625   244.508222812139   242.194894927228   245.877341970272
#[time: 2.4]
#[time: 2.41]
#[time: 2.42]
   2.42640126    2.42646443   241.854635696457    240.34112545385    241.06989630479    246.09791721216    248.73816589185   247.161832155835
#[time: 2.43]
  2.433565356    2.43387461   238.556231533603    240.34112545385   244.633592599139   244.141247106875   235.396805562716    235.08414471464
  2.434490555   2.434832537   238.556231533603   243.974007436974   238.317294361147   241.601144357578   241.521074270112   241.819631016255
#[time: 2.44]
  2.443239328   2.443864622   238.556231533603   236.600445147506   243.189527983972    246.22931334293   231.819308226466   232.402083532518
#[time: 2.45]
#[time: 2.46]
  2.460777646   2.460796542   238.556231533603   241.970438884583   238.206100543371   237.803773660016   235.165450380176   234.573755038564
  2.460816061   2.460827667   248.231401951438   241.970438884583   241.943123642386   242.699305777881   247.153710730405   244.441841569423
  2.464153037   2.464562966   248.231401951438   254.121942899115    252.67514527748   248.109704202796   250.508439901099    249.92730374558
#[time: 2.47]
#[time: 2.48]
  2.484515298     2.4847054   248.231401951438   258.398524096559   253.260158633933   255.246432739882   252.244737683589    256.49158973381
#[time: 2.49]
  2.493488605   2.493561934   262.519610058977   258.398524096559   254.877064961121    258.37230374354   261.899218845728   261.221211221433
#[time: 2.5]
#[time: 2.51]
  2.510108412   2.510219903   262.936665507643   258.398524096559   266.693221277194   264.222457118749    258.59586228955   259.459014794038
  2.515369917    2.51568451   262.936665507643   266.678181833716   260.223609772049   260.550969314672    261.91357207101    259.18315645111
#[time: 2.52]
  2.525786173   2.525883031   262.936665507643   260.437205949436   262.493670543818   261.768625427835   257.701876519825   259.061410839808
   2.52824756   2.528297004   265.264973152213   260.437205949436   266.401161628369   264.256964580127   265.822385026465   262.443793660908
#[time: 2.53]
   2.53347215   2.533501186   265.264973152213   263.627147590571   262.925636711117   262.885490460675   259.294139731003   259.595564545335
#[time: 2.54]
#[time: 2.55]
#[time: 2.56]
  2.560546003   2.560819883   265.264973152213   267.105544095435   269.265167733882   268.675887155219   272.059234525341   273.277504676832
  2.568487241    2.56892153   265.264973152213   281.942940851323   267.117066238051   267.634654173986   273.352236911137   277.368564063681
#[time: 2.57]
  2.575411819   2.575510312   265.264973152213   255.195657891823   270.022732989076   288.071098747099   263.976629723639   259.112541711783
#[time: 2.58]
  2.580180922    2.58027364   265.264973152213   272.768901047699   268.266826526391   260.868402121625   269.244770353379   268.002433203381
#[time: 2.59]
#[time: 2.6]
  2.602037556   2.602105362   265.264973152213   273.174327421716   272.117523737921   280.098304499482   267.964919816155   265.534000419441
#[time: 2.61]
  2.613242499   2.613362646   265.264973152213   265.795083734013   271.149540087882   273.600745756758   261.285578804516   260.537851911141
  2.615572297   2.615647243   265.264973152213    263.74798997982   268.185964856879     268.3730497648   258.549560204411   263.099545524959
   2.61967909   2.619741138   265.264973152213   262.230777323431   266.170469091775   265.797996121626   258.564849751173   261.406280553758
#[time: 2.62]
  2.626191502   2.626711439   263.321706026648   262.230777323431   268.919212940829   267.909562533877   253.429504083635   253.844801438625
  2.629307844   2.629564935   259.711904653257   262.230777323431   267.259035051196    266.88185645904   260.292019988537   259.291047302204
#[time: 2.63]
  2.633630097   2.633885518   262.816015237529   262.230777323431   266.827920183923   268.145397707579   256.136902375422    259.51691430639
#[time: 2.64]
  2.640844867   2.641125053   262.816015237529   255.118955388156   265.492945333612   265.297967754855   260.239086224776   258.845056017034
#[time: 2.65]
  2.659203503   2.659288352   262.816015237529   269.788666295084   261.845751852322   259.218373969071   266.158373642268    265.79006901885
#[time: 2.66]
   2.66628841   2.666728156   270.536756708241   269.788666295084   268.480777225119   270.527917208213   273.074249476426   269.769485199171
#[time: 2.67]
#[time: 2.68]
  2.687799356   2.688029451   270.536756708241   269.823418424175    272.11956667397    271.99385191953   271.200284681267   269.500816944821
#[time: 2.69]
#[time: 2.7]
#[time: 2.71]
#[time: 2.72]
#[time: 2.73]
  2.737108647   2.737119192   273.412276562695   269.823418424175   273.337349426153   272.960478487638   263.865484055481   265.681958549617
  2.738911825   2.738929631   273.412276562695   271.179303398116   275.718225582016    274.29104199714   283.067281649513   280.718618025054
#[time: 2.74]
  2.747017702    2.74701888   273.412276562695   263.768626667135   277.861083314006   276.736996706674   277.515517977952   269.791935933084
  2.748211052   2.748285374   273.412276562695   275.969826838946   267.768743434483   268.473463544789   268.770389038401   265.987239256108
#[time: 2.75]
#[time: 2.76]
#[time: 2.77]
  2.770512651   2.770607438   273.412276562695   271.047878183096   274.819942392527   274.896424952285   279.147537347194   277.475550099377
  2.774403272   2.774419234    279.52993058485   271.047878183096   274.300021967896   273.676727628216   273.810645900832   274.882944511064
  2.778441148   2.778571384   277.536843191594   271.047878183096   285.737099565893   280.322560100939   268.833057841197   267.722539826599
#[time: 2.78]
#[time: 2.79]
#[time: 2.8]
  2.802889751   2.802951839   269.413148951819   271.047878183096   280.036961659997   276.593672619734   262.851932159479   261.533184741803
  2.805992866   2.806016169   284.345188443478   271.047878183096   272.770297167504   273.258132901638    281.41772446038    277.84997129189
   2.80638317   2.806606411   284.345188443478    282.61324330247   280.912356864419   273.618744118645   277.768551199537   280.244312341255
  2.807024176   2.807302129   290.537001331279    282.61324330247   284.593247894456   284.221578464506   284.371739820326   285.390509214391
  2.808738597   2.808854199   286.472406747777    282.61324330247   286.508628669541   286.551893961308   281.870207063718   283.036933683652
#[time: 2.81]
  2.819282213   2.819417155   286.472406747777   285.641843207867   284.503999507419   284.544973674135   280.920076080834   281.554239869315
#[time: 2.82]
  2.822387477   2.822400955   293.504469066415   285.641843207867   292.040527806732   291.562951391376   286.928843297132   287.615856717959
  2.827233218   2.827250958   293.504469066415   292.163930844449   294.374476850869   285.357643283508   301.744330268495   300.369489300117
#[time: 2.83]
#[time: 2.84]
  2.844230116   2.844241793   293.504469066415   299.938299491391   296.815968275473   296.156180024923   289.225289689344   289.850974141566
#[time: 2.85]
  2.854603473   2.854636438   294.822731163645   299.938299491391   297.566164158996   298.623377595376   301.077866609678    309.44248664022
    2.8570975   2.857168497   294.822731163645   293.511730667565   298.250873766411   299.390995070896   291.878275438679    292.24177327652
#[time: 2.86]
#[time: 2.87]
#[time: 2.88]
#[time: 2.89]
  2.891187998   2.891287965   291.410981952529   293.511730667565   294.740426588697   294.673187199791   295.169865533517   299.244798198619
#[time: 2.9]
#[time: 2.91]
  2.915185445   2.915273198   291.410981952529   282.534895069887   291.778501869562   291.672967971611   299.998377147992   289.758564637679
  2.918476044   2.918613607   279.255071696905   282.534895069887    294.81996373618   289.240111532678   287.500314342519   291.218320830309
#[time: 2.92]
  2.923204594   2.923208209   287.632540703242   282.534895069887   284.622370640146    285.25252838245   286.728709272773   285.749449555109
#[time: 2.93]
  2.931061137   2.931203067   287.632540703242   293.322191178138   286.550116356364   286.006595358619   289.923151202883   289.767981183517
  2.932952575   2.933313399   287.632540703242   287.064622208806    290.22776520111   297.055142055241   291.741121608209   291.436072538227
#[time: 2.94]
#[time: 2.95]
  2.956447153   2.956848259   277.006515093187   287.064622208806   289.904554221567   289.681425661118   282.888916547077    291.77491885239
   2.95810698   2.958216082   291.145725339928   287.064622208806   282.490139718051    291.47393197591   281.679675461206   283.182652729713
#[time: 2.96]
  2.964686622   2.964744696   291.145725339928    293.83936348743   292.293863642565   291.179402179252   286.464706453743    285.02402908129
  2.966160792   2.966418847   291.145725339928   293.355376106278   296.869470308681   297.843535475756   282.599780413852   283.202684563687
#[time: 2.97]
#[time: 2.98]
  2.985415732   2.985451294   291.145725339928   298.389385763936   291.053418018016   289.906576395811   295.389734814847   298.194361188988
#[time: 2.99]
  2.990656852   2.990823091   303.402372456029   298.389385763936   297.975963653142   301.008895781373    297.63594004191   298.048217026345
  2.991524677   2.991554191   296.458020533786   298.389385763936   305.451428940414   304.366900801068   288.817454745706   288.976674967862
  2.997800218   2.998137478   296.246589921871   298.389385763936   297.525237453474   297.599958576121   294.569386500614      293.686496299
#[time: 3]
  3.006164507   3.006627642   299.257426346845   298.389385763936   295.923796548392   299.332538051999   299.739581537718    299.44712451125
#[time: 3.01]
  3.013862004   3.013969412   285.614075929756   298.389385763936   305.314413964035   304.721319487681   291.403974516061   300.529188428627
#[time: 3.02]
  3.028757633   3.028760622   300.380861572696   298.389385763936   293.230777561487   305.405532336051   290.038166809203   290.841639486111
#[time: 3.03]
  3.029963337   3.030073368   300.380861572696   304.486200785217   308.122679859779   306.180760179334   297.664371427038    294.34430444231
#[time: 3.04]
  3.047971363   3.048037773   300.380861572696   301.537904967646   305.197377795234   306.661434761566    293.15891489507   292.637077415193
#[time: 3.05]
#[time: 3.06]
#[time: 3.07]
  3.074151446   3.074539179    304.85073916423   301.537904967646   302.837690009591    303.27351460064   298.372693056003   298.963423166044
  3.078295301   3.078319482   305.015473338183   301.537904967646   305.879779947968   299.710072671783   304.590763452208   304.353880555953
#[time: 3.08]
#[time: 3.09]
#[time: 3.1]
  3.101230733   3.101396486   305.015473338183   293.628216490764   309.852960392138   308.380664432271   310.066480116459   299.378782383503
   3.10696048   3.107011799   296.064275804392   293.628216490764   308.493213520732   301.558278529906   287.338832389486    287.57729290803
#[time: 3.11]
  3.111672414   3.111859531   295.397070662624   293.628216490764   297.004070910241   296.445885601617   287.490447141633   287.473319076662
#[time: 3.12]
  3.128169665   3.128284625   295.888049669239   293.628216490764   298.567752254949   297.782163877753   291.089265246967   291.969081189604
#[time: 3.13]
#[time: 3.14]
  3.140105052   3.140107512   298.304075896821   293.628216490764   298.745382460174   297.283579935327   293.624639932125   294.404757248248
#[time: 3.15]
  3.159112065   3.159338425   298.304075896821   292.813656569082   301.135785037472   299.554274520937   297.737876927828   290.545434158035
  3.159556202   3.159675859   298.304075896821   301.204376221998   303.936021305256   299.638062138871   297.585443988653   297.519969506919
#[time: 3.16]
  3.160968647   3.161075413   302.663101177413   301.204376221998   302.564513413733   303.781813519984   292.703557172333   293.310052591712
#[time: 3.17]
   3.17164485   3.171800863   302.663101177413   304.314133838322   310.057549363591    309.01500931242   301.911389736524    301.61699049342
   3.17523543   3.175310666   302.663101177413   310.138280221426   298.513823496607   305.181955992031   300.613423787928   300.305128714188
#[time: 3.18]
  3.185350667   3.185450228   313.209243300207   310.138280221426   309.458069266367    314.88526587258   307.903990983968   309.828577614447
  3.185563872   3.185563872   313.209243300207   310.138280221426   312.179198324999   311.793969069116   312.159910782192   311.775151867515
#[time: 3.19]
  3.195572304   3.195802487   302.217658883315   310.138280221426   314.677221753016   307.162351192868   307.010257400807   318.267102333207
#[time: 3.2]
   3.20859687   3.209213352   302.217658883315   297.860137417221    306.12162066409    310.95681305687   302.786824691115   301.580821415896
#[time: 3.21]
  3.214078358   3.214153789   302.217658883315   308.049838541483   302.280604987021   301.405716980046   302.040234054028   299.745731316821
  3.216869978   3.217090617   302.217658883315    300.61839188749   310.537460589949   313.992063975579   292.705903725484   292.935094378377
  3.219477628   3.219561688   302.217658883315   301.441300923591   305.565724557692   304.456079060028   295.490326846705    295.98640351316
#[time: 3.22]
#[time: 3.23]
#[time: 3.24]
#[time: 3.25]
#[time: 3.26]
  3.264201224   3.264704054   302.217658883315   303.071090790671   303.369709251756   303.055616183117   295.196449887847   292.729132063321
   3.26679837    3.26685258   302.217658883315   311.088251775038   303.901866093538   300.947542520959   306.060207956047   308.067473258039
  3.269389218   3.269421162   302.217658883315   296.599211626455   308.682471874142   310.524133224482   308.900435135191    303.29461755624
#[time: 3.27]
  3.279385509   3.279428458   302.217658883315    300.78281055945   300.677124471899   299.616800644453   306.003205736992   305.067062691653
#[time: 3.28]
#[time: 3.29]
  3.292100777   3.292110877   302.172996107394    300.78281055945   306.962721110231   306.248640144044   291.921965279832   291.751633852997
#[time: 3.3]
  3.304777137   3.304990447   302.172996107394   304.233125183544    302.58691538412    302.31280732538   299.824028717057   297.528628215396
#[time: 3.31]
  3.312613598   3.312931657   302.172996107394   302.719584383902   303.750959938564   303.882318433684   302.905139192357   302.933011074659
  3.314632844   3.314689187   303.907841971251   302.719584383902   307.655567915623   307.799899552079   309.457040659308   307.434923387392
#[time: 3.32]
  3.322245922   3.322257417   303.907841971251    302.64024986781   306.097948266439   305.830195036707   295.223828526052   295.172335626385
  3.324976232   3.325001592   301.646777245986    302.64024986781   305.548901216525   305.029759192858   295.692490188251   302.467144019625
  3.329386148   3.329488669   301.646777245986   300.952506474912   305.196673801246   305.575368647201   299.068548136371   299.417841734891
#[time: 3.33]
  3.338277731   3.338281961   304.597008038558   300.952506474912   301.313661753591   301.282136599576     294.6532406552   295.530764561788
#[time: 3.34]
#[time: 3.35]
  3.359129094   3.359305289   304.597008038558    289.54536095949   303.621692683559   303.127488950185   304.612996729954   292.550709863003
#[time: 3.36]
  3.366615035   3.366636777   286.425629319636    289.54536095949    305.67045457126   294.946559204947   286.747571408791   286.284838580099
#[time: 3.37]
  3.372643806   3.372665039   308.820416141084    289.54536095949   291.366685097542   293.112974553124   301.188622795075   298.771255924557
  3.373592978   3.373674359   308.820416141084   308.040872562495   309.054992452787   295.253533653768   299.008080244365   300.450009932031
  3.375478135   3.375483399   309.613545066351   308.040872562495   310.801873623967   310.492662760381   309.188101282613   309.133143606022
#[time: 3.38]
  3.384052763    3.38421262   311.129474979912   308.040872562495   312.039652357986   310.889153367877   301.715250336229   301.761029739376
  3.388605334   3.388941198   309.957780704345   308.040872562495   318.962027115954    316.99626059458   305.641109721619   305.778456262131
#[time: 3.39]
#[time: 3.4]
#[time: 3.41]
  3.417216393   3.417301079   309.957780704345   314.803973234776    310.87306233628   310.503157848778   312.061188478187   311.390064532936
#[time: 3.42]
  3.427543523    3.42758211   309.957780704345   310.621307652285    316.22687792275   318.026559332275   307.207224544818   313.411290549226
#[time: 3.43]
#[time: 3.44]
#[time: 3.45]
  3.456795874   3.456815487   309.957780704345   306.161620313124   314.655535680219   314.791989075191   317.939535492041   309.037166616994
#[time: 3.46]
#[time: 3.47]
  3.475803016   3.475903423   309.957780704345   313.007597689604   309.963429255553   309.636474761649   306.034463427415   303.220904135673
#[time: 3.48]
#[time: 3.49]
#[time: 3.5]
  3.500527196   3.500889712   319.421899300014   313.007597689604   314.466750300722    309.45457109437   312.066734883267   314.793156581171
#[time: 3.51]
  3.512226996   3.512232404   319.421899300014   309.035565885632   323.263474789589   318.037093279375   323.536557768198   315.398527868074
   3.51517526   3.515242767   319.421899300014   317.181941291811    318.89370731719   314.778037984046   311.399432724221   313.998150461136
  3.519031383   3.519047474   328.784854037514   317.181941291811   322.682229106902   321.939440604998   338.373435255246   326.104695594653
  3.519283532   3.519616931   315.789708255926   317.181941291811   329.586988423072   321.242195405477   316.364473948275   317.886195149728
#[time: 3.52]
#[time: 3.53]
  3.530512974   3.530731064   322.950971126125   317.181941291811   318.950629042048   319.548481040368   313.302896222033   312.517237070113
  3.534483983   3.534674826   322.950971126125   327.237447567672    326.74368950803   322.862812336429    325.36894536882   326.747672696209
#[time: 3.54]
  3.541057841   3.541210333    327.77313999249   327.237447567672   327.378862605084   329.421777647159   322.526928203649     323.1253696442
  3.542877385   3.543062495   330.642994897481   327.237447567672   331.638012866766    331.38673386563   322.059467364815   323.062706599643
    3.5459431   3.546018254   323.085990604927   327.237447567672   331.270726651881   330.367992220292   325.283234575818   325.317673635762
#[time: 3.55]
  3.557685242    3.55794204   324.423546875469   327.237447567672   329.088832342059   331.099403449924   332.071111697429    334.52663583902
#[time: 3.56]
  3.569262375   3.569308058   323.420724791507   327.237447567672   330.675327404758   332.646034124076   326.585179899012   331.456644003298
#[time: 3.57]
  3.576420074   3.576652007   326.389368364109   327.237447567672   326.673479098163   327.212691007357   318.922228777299   318.300899355338
#[time: 3.58]
  3.581775558   3.581911402   328.121244324345   327.237447567672   327.911263614698   328.312824826121   317.639708040981   326.461989563091
#[time: 3.59]
#[time: 3.6]
#[time: 3.61]
  3.613268338   3.613285224   328.121244324345   331.174107760676    328.56068853701    328.39469244523   326.507445663394   326.036218223055
  3.614466352    3.61471419   328.121244324345   319.663660544177    330.86878704913   329.074539698564   336.991188706475   328.628660637334
  3.616172225   3.616200014   328.121244324345   334.407303738613   326.165520523782   324.012384036667   329.977438413933   333.340694497018
#[time: 3.62]
#[time: 3.63]
  3.631559852   3.631597023   328.121244324345   324.105205423193   333.716668672792   336.042207535176   332.061878553084   326.708540602828
  3.637594615   3.637708453   328.121244324345   332.075440859248   328.195317230876   327.171531050846   321.500592803787   322.040049432098
   3.63913126   3.639265767   330.464599676992   332.075440859248   332.293419912219   333.833980493376   324.649326388276   323.370769044886
#[time: 3.64]
  3.640979735   3.641055926    331.08672933908   332.075440859248   335.940701599109   336.768140604866   331.402040316018   331.387426190872
  3.642449768   3.642451552    331.08672933908    332.03437331317   334.559743898782   335.003938247842   321.272566456814   321.546448555067
  3.648119764    3.64821428   327.355139455126    332.03437331317   335.931219469226   336.450924437125    322.07962864397   322.935221204732
  3.648808039   3.648817191   327.355139455126    326.32672651649   330.769367546544   332.448708488816   330.343249839614   325.089447367764
#[time: 3.65]
  3.650328402   3.650656441   324.909711439107    326.32672651649   326.669367306327   327.533820716064   333.837413828238   335.775247284962
  3.658196076   3.658280327   324.909711439107   337.935838233566   326.955204998765   327.201358696284   331.406597269762   337.460340316459
#[time: 3.66]
   3.66119631   3.661283999   324.909711439107   327.502420581111   330.522448441287   342.070488655148   323.418882061729   322.962925855374
    3.6667881   3.666995289   324.909711439107   319.800851998364   326.951858315872    327.13838938161   328.223055444256   323.813047344519
#[time: 3.67]
#[time: 3.68]
  3.682864556   3.683130968   324.909711439107   311.121271968445   324.329371288479   322.816196695696   334.751219427212   318.912922507022
  3.685787712   3.685919253   324.909711439107   326.586387258389   322.587047814383   316.977948110386   324.078346270568   322.285223998003
#[time: 3.69]
#[time: 3.7]
  3.701937913   3.701985265   318.313830773768   326.586387258389   333.821255702164   334.901498824308   319.351956870483   330.191269626359
  3.704747984   3.704778858   318.313830773768   319.957037702149   324.041271245299   328.588356552976   311.038584042056   309.897044258186
#[time: 3.71]
#[time: 3.72]
  3.725927292   3.726084362   318.313830773768   322.311474309422   320.503566142205   320.838658219156   321.203859617907   321.776534833198
  3.729907428   3.729969347   315.054422029556   322.311474309422   322.568427050968   323.136059264158   319.279964683573   321.026952794055
#[time: 3.73]
#[time: 3.74]
  3.746551398   3.746708317   315.054422029556    314.54546368257   320.427190092479   322.478438800896   308.682327642386    310.68285950051
#[time: 3.75]
#[time: 3.76]
   3.76011552   3.760311505   313.680141630373    314.54546368257   320.491293767578   307.906379377758   322.053776977772   322.937771691345
#[time: 3.77]
#[time: 3.78]
  3.788516179   3.788565342   313.680141630373   318.869462552036   318.039117995755   318.368730211587   312.957711732863   312.082069971498
#[time: 3.79]
  3.790911947   3.790919361   323.392208728562   318.869462552036   318.645969789154   320.149970888631   314.747992859726   315.040780102595
#[time: 3.8]
  3.800780674    3.80082902   323.392208728562    326.25928686497   320.656786237176   322.687246907506   320.504079837689   318.875009360385
  3.805416081   3.805555833   321.158917051952    326.25928686497   324.881257299342   325.340755293907   324.902318446581    326.02184352465
#[time: 3.81]
  3.812212003   3.812277323   339.529091421707    326.25928686497   325.919064867306   328.939078803031   343.662651998735   331.602560292939
  3.813979997    3.81399996   324.819984127891    326.25928686497    339.71921802894   333.373644682965   320.466173989158   319.266532628077
#[time: 3.82]
   3.82829756   3.828307552   335.498859350296    326.25928686497   328.445595101199   329.051381981814   329.136044373176   330.939045268978
#[time: 3.83]
  3.836442272   3.836767716   335.498859350296   336.233212406371   334.066759631731   330.415207186887   326.672117389892   326.560858375425
#[time: 3.84]
#[time: 3.85]
  3.857679125   3.857718644   335.498859350296   323.861474229067   339.058914767834   340.017217767066   341.193576799604   328.517875175562
#[time: 3.86]
   3.86658621   3.866589497   329.664218592861   323.861474229067   338.156164256488   330.933190633477   327.301675823309   326.802868809056
#[time: 3.87]
  3.871027975   3.871226984   329.664218592861   322.322306825516   334.145664300279   331.749443187249   338.814143550922   328.988247423231
  3.872100849   3.872326012   320.888988590049   322.322306825516   328.768395225395   327.476521204725   313.365109335197   316.669186999178
#[time: 3.88]
  3.884028075   3.884277916   343.467389561409   322.322306825516   329.768285853156   330.688300355127     341.1629960458   330.192041453002
  3.887673412   3.887685699    324.60950426954   322.322306825516   345.357302569664   326.763908950051   317.605917575475     318.3960240299
#[time: 3.89]
  3.891626168   3.891679033   320.544796455042   322.322306825516   326.304190724103   325.770192908235   326.658252117382    332.14866361991
#[time: 3.9]
  3.909522462   3.909737591   325.091443574797   322.322306825516   323.259484829799   319.652109396225   315.563246230622   316.560696436921
#[time: 3.91]
  3.917433305   3.917447827   324.492376058264   322.322306825516   326.161035955436   325.497363673067   314.920361608317   315.495457813869
#[time: 3.92]
  3.920635515   3.920667952   324.492376058264   322.895399669446   324.006438250305   323.744673922932   324.084444796771   315.357882579838
  3.926375784   3.926426534   321.262129123096   322.895399669446    322.68634845545   323.049542030994   318.653214808378   313.676885786219
  3.929448888   3.929559323   321.262129123096   319.331249833539   326.151941379931   327.247157578644   311.807766030854   316.720535454675
#[time: 3.93]
#[time: 3.94]
   3.94299304   3.942993766   326.946676435474   319.331249833539   322.806411170528   322.206841620487   330.753685230014   325.400605423855
  3.944020844   3.944052582   320.610123321142   319.331249833539   325.982152693649   323.525793352073   317.602458376375    318.27137522621
#[time: 3.95]
#[time: 3.96]
#[time: 3.97]
#[time: 3.98]
  3.980085124   3.980087307   320.610123321142   325.521751068436    323.36115057415   322.773243195284   319.553709107355   317.593935475286
  3.981032161   3.981399772   328.796128709427   325.521751068436   323.862928461449    324.42687326949   320.062415059951   319.803169921837
#[time: 3.99]
#[time: 4]
#[time: 4.01]
  4.015015394   4.015132957    322.18226432893   325.521751068436   332.970229147774   330.122242407323   328.274321601115   330.700590616501
#[time: 4.02]
#[time: 4.03]
  4.030032955   4.030172236   331.744248150196   325.521751068436   323.767832208016   323.719038571379   326.282989124452   326.965077213587
  4.037257014   4.037319405   331.744248150196   339.996916312612   329.188553745718   328.323798427777    336.51828991905   339.892991597593
  4.037653837   4.038015795   331.744248150196   333.034614545206   337.064430741747   341.539760821376   328.960940126138   327.196159565755
#[time: 4.04]
#[time: 4.05]
   4.05331878   4.053579029   331.744248150196    334.91576014451   335.678444159254   335.991643713313   327.512181934697   325.226087961688
  4.054414659   4.054418739   331.744248150196   330.885914009387   334.474431292326   335.133653899636    323.71815717689   323.591889593282
#[time: 4.06]
#[time: 4.07]
  4.073340484   4.073492511   331.744248150196   337.181051545787   335.641990772354   335.005044900769   326.909792130288   326.903920908378
  4.074906147   4.074926128   335.257867815699   337.181051545787   335.214132493374   336.346108717677   335.780497458273   335.623839163516
#[time: 4.08]
  4.082121246   4.082170749   330.327527719188   337.181051545787   337.852737334133   338.854985247821   335.256178809506   337.135791423744
#[time: 4.09]
  4.093710761   4.093752468   330.327527719188    333.76326613908    333.24440982159   336.004629487015   329.226227802424   324.669240455139
#[time: 4.1]
  4.100308053   4.100422531   344.123974407831    333.76326613908   334.903742637841   335.719052109002   340.189732518725    338.92415544427
  4.106519207   4.106621889    336.95161576772    333.76326613908   351.265304000855    335.87584194593   326.728588187069   330.753113459802
#[time: 4.11]
  4.113561936   4.113774252    336.95161576772   350.799057794572   337.447749407964   336.663475770351   340.917516648046   349.415204723942
  4.115900727   4.116128058   365.006568653695   350.799057794572   344.740827821805   350.459667262279   359.999755023184   354.028478638151
#[time: 4.12]
  4.127000539   4.127186709   352.611129423701   350.799057794572   371.108712655018   359.024199981911   343.074724553718   345.372263386488
#[time: 4.13]
  4.129836489    4.13001202   352.611129423701   347.270870851306   354.441875704882    353.78188889787    362.71206961751   356.713697292416
#[time: 4.14]
#[time: 4.15]
#[time: 4.16]
#[time: 4.17]
#[time: 4.18]
  4.188069461    4.18813891   348.924695137799   347.270870851306   355.950911200297   349.464153206924   346.696069297248   346.778103401007
#[time: 4.19]
  4.190434656   4.190533447   348.924695137799   346.400070200795   351.470309342032   350.291259454802   359.384586082277   356.800490907131
#[time: 4.2]
#[time: 4.21]
#[time: 4.22]
  4.228441301   4.228485064   349.521148635441   346.400070200795   352.690282703275   351.683523180054   339.810968065861   339.435684221509
#[time: 4.23]
#[time: 4.24]
  4.240892833   4.240904576   349.693949890001   346.400070200795   354.315516279713   352.187450347405   342.247609976424   341.870464385314
  4.244852001   4.245001021   349.693949890001   337.707398226615   350.023945535299   349.109450765018   354.707235258587   344.517232528899
  4.245914965   4.246034958   349.693949890001   360.117972010852   346.774149520517   344.497276890289   355.141245741541   350.782642648991
  4.249155958     4.2491831    361.91199680592   360.117972010852   355.226801930752   361.685352231816   371.397241424098   368.733480986468
  4.249479108   4.249712792    361.91199680592    340.13946141947   365.179423374623   364.345612419764   366.036459637305   349.479629908695
  4.249823972   4.249964939   336.069173049479    340.13946141947   354.366678101531   346.548385091377   340.665509181458      342.945106804
#[time: 4.25]
     4.252209   4.252593678   341.167208529788    340.13946141947   338.475370334621   339.639642175489   331.699881886926   331.413760249616
  4.258201228    4.25828456   349.227878776268    340.13946141947   341.532688098937   341.232456131985   350.661895223503   346.293445588485
#[time: 4.26]
  4.260124524   4.260161656   349.227878776268   348.197552689863   345.827234287471   345.119073472752   341.146843984116   341.344216244967
#[time: 4.27]
  4.274412771   4.274463955   354.699253739547   348.197552689863   348.890899211575   348.848970921715   356.715927063676   352.686758892148
#[time: 4.28]
  4.281815358   4.281831607   348.970466801214   348.197552689863   358.483584821939   354.258151574155   346.398178617204   346.583585025076
  4.284898611   4.284932424   352.214640859481   348.197552689863   348.486097211345   348.203706900508   343.903991208515    348.14649356987
#[time: 4.29]
#[time: 4.3]
  4.305609968   4.305668486   352.214640859481   354.480325372038   352.803439018572   351.806315446755   361.673562008673    364.72720140981
  4.307950168   4.308080489   352.214640859481   357.414460354701    356.45291508216   357.568103395021   353.175317524758   350.975432484493
#[time: 4.31]
  4.310123768   4.310164762   352.214640859481   361.171672386112   358.228271049541    362.01766114693   357.402928332901   364.359728207481
#[time: 4.32]
  4.326420887   4.326533916   362.668277262328   361.171672386112   358.597916962598   362.638406480364   354.339337295818   356.562325693674
#[time: 4.33]
#[time: 4.34]
  4.342360728   4.342941312   362.668277262328   364.482474093327   361.778164474909   361.824523755178   360.975724593353   359.278253572681
#[time: 4.35]
#[time: 4.36]
#[time: 4.37]
#[time: 4.38]
  4.388691044   4.388702685   366.107375844421   364.482474093327   370.429102275136   371.970550929995    364.39748205447   364.674540738813
#[time: 4.39]
  4.391893505   4.391934942   366.107375844421   360.360853150829    366.16353818162   365.920410983867   367.109818876765   364.602483806824
  4.396239742   4.396269689   366.107375844421   370.968470118543   369.914878471103   367.378865754587   360.144711826016   361.228680669199
#[time: 4.4]
  4.407766755   4.407880751   377.424651305081   370.968470118543   370.656246030144   373.039023283541   370.415472339654   371.596917278784
#[time: 4.41]
#[time: 4.42]
  4.423325643   4.423359228   376.275080618755   370.968470118543   382.741316432679   378.767155274811   371.160534830644   374.183089698746
  4.425039146   4.425111446   376.275080618755   377.872271757987   372.885796076255   373.086528088704   371.603594074257   369.545193024689
#[time: 4.43]
#[time: 4.44]
  4.443124716   4.443225804   376.275080618755   374.427139344251   380.961929871013   382.063872353407   372.259459289317   373.187177458618
  4.447550094   4.447630656   376.275080618755   372.542270418504   378.051828443723   372.529216053892   382.017555331817   379.019946051022
  4.447761812   4.447924154   376.275080618755   377.281355745717   380.207786137704   378.442022926118      366.773204473   366.866630192388
  4.448806699   4.449004388   380.470928747239   377.281355745717   378.716641331361   378.942034025086    375.85685519974   376.121616963966
#[time: 4.45]
  4.454528477   4.454550355   382.397609651231   377.281355745717   381.756840845649   380.020717614479   378.065369946829   378.575402116229
  4.457559691   4.457889852   382.397609651231   371.734003059993   387.567162599441   383.920561247522   386.905664628188   376.371712524481
#[time: 4.46]
#[time: 4.47]
   4.47436175   4.474443913   382.397609651231    376.21569985709   382.876236997513   378.848597617171   388.854730147352   382.675405725987
#[time: 4.48]
  4.481025864   4.481053164   382.397609651231   383.902778660442   385.239778021851   380.360920485537   382.228157001471   381.759077749473
  4.486759225   4.486879293   379.769337746478   383.902778660442   387.633376985608    388.75913411058   382.572527917486   387.762015139546
#[time: 4.49]
#[time: 4.5]
#[time: 4.51]
  4.510322622   4.510464482   386.607688342921   383.902778660442   382.625438372312    383.30013006129   376.356438339428    375.85767715465
#[time: 4.52]
  4.527057228   4.527084092   383.387118285262   383.902778660442    389.92583146654   389.010692387417   374.871185984405   374.699632184057
#[time: 4.53]
#[time: 4.54]
#[time: 4.55]
  4.550131098   4.550322132   405.334329930239   383.902778660442   382.464663405128   382.411020840674   400.793394792628   386.321364911321
  4.555916951    4.55595565   405.334329930239   406.514993934089   413.841586494676   393.299080163029   398.130115851068   397.912233443602
#[time: 4.56]
  4.567325594   4.567334077   405.334329930239   393.155479349144   407.769681137438   408.016400886019   409.169334211548   399.429555494873
  4.569007892   4.569407782   405.334329930239   401.735585233045   405.553457959167   400.951529301557   411.060302996851   407.483797060434
#[time: 4.57]
  4.574483161   4.574666903   400.696833110244   401.735585233045    410.66973186302    408.82724225725    394.88423056297   394.300385942657
  4.578612281   4.578636164   400.696833110244   395.502480550827   405.583623950724   406.404637423086   402.574702814324   396.953604647024
#[time: 4.58]
#[time: 4.59]
  4.593163137   4.593224867   396.594032821873   395.502480550827   400.577983906219     399.6349886742   388.228681756863   388.911335066537
#[time: 4.6]
#[time: 4.61]
#[time: 4.62]
#[time: 4.63]
  4.638095641   4.638127226   396.594032821873   400.019667058942   404.216786830129   403.473222796159   392.117187617698   390.226729298575
#[time: 4.64]
#[time: 4.65]
#[time: 4.66]
  4.664202919   4.664396661    399.42213476231   400.019667058942   400.434452465137   401.711636626985   406.579294585522    409.89403283807
   4.66739551   4.667460806    399.42213476231   398.836188927318   398.123449713205   402.181610776384    401.55124385047   401.444733051038
#[time: 4.67]
#[time: 4.68]
  4.684447751   4.684497791    399.42213476231   398.664347548085   400.066692541886   399.866369947394   393.567184285126    393.94742497463
#[time: 4.69]
#[time: 4.7]
#[time: 4.71]
  4.717195858   4.717600442   404.015706011525   398.664347548085   401.949655845794   401.714583649046   402.105104136007   397.373396303433
#[time: 4.72]
  4.724637222   4.724974553   404.015706011525   413.674879569514   408.363176042265   405.586151289843   404.582607944291   413.343739190101
#[time: 4.73]
  4.738576844   4.738937243   412.791703153598   413.674879569514   410.720439458379   416.660601430338   403.020868382406   403.200394385321
#[time: 4.74]
  4.741191888   4.741249106   412.791703153598    408.81126348195   415.611204600168   416.003044824874   413.275510597436   411.985245239471
#[time: 4.75]
  4.757843319   4.757918836    416.30810105722    408.81126348195   412.667788982481   411.935366284674   411.444774350728   411.560351068155
#[time: 4.76]
#[time: 4.77]
#[time: 4.78]
  4.785388868   4.785705635    416.30810105722   401.485767692849   420.270117745323    415.69645055283   419.857374234091     410.0326931134
  4.787046199   4.787224538    416.30810105722   424.511678794423   417.744175783478   408.240011203321   420.913431246831   422.335567818176
#[time: 4.79]
  4.790373242   4.790448185    416.30810105722   413.768546386793   422.715578258204   426.896415102198   406.477544164469   406.066058103296
  4.791594757   4.791618628   427.826153516032   413.768546386793   416.401622860057   415.542246566634   425.938913940416   420.021574654286
  4.797837374   4.798470281   410.285205688568   413.768546386793   424.951512868955   419.375782569859   410.934741573563   410.594870060096
#[time: 4.8]
#[time: 4.81]
#[time: 4.82]
#[time: 4.83]
#[time: 4.84]
#[time: 4.85]
  4.853950012   4.854067522   410.285205688568   418.568029590086   417.443414697378   419.448548762874   408.551422544599   409.524725241741
#[time: 4.86]
  4.860048088   4.860058658    421.31364453866   418.568029590086   416.482673224065   422.891348127842   411.818558919651    411.96979572678
   4.86663748   4.866714649   427.622390057362   418.568029590086   420.713765806643    420.32056253112   431.642407503081   424.889706979196
#[time: 4.87]
   4.87012723   4.870187151    426.06711594728   418.568029590086    432.44091002913   425.480708207601   416.969077720503   419.666809685613
#[time: 4.88]
  4.881502126   4.881754167   423.195003286853   418.568029590086   427.557390319232    422.73319808383    417.39104505004   419.735419425741
#[time: 4.89]
#[time: 4.9]
  4.907028571   4.907155415   423.195003286853    427.86904409843   422.921350818921   422.374228660884   427.976833321281   430.052233702279
#[time: 4.91]
#[time: 4.92]
#[time: 4.93]
#[time: 4.94]
  4.943735243   4.943805517   423.195003286853   401.433122753862    427.28594455517   428.357701832023   422.618772102345   408.035182879733
#[time: 4.95]
  4.951921546   4.951922574   423.195003286853    428.49100160063   429.385333808717   410.129511412215   420.763756778195   418.627534878466
  4.956991184   4.957213373   427.428709896158    428.49100160063   428.579822424753   433.306216407166   428.185056316557   428.199431776733
  4.958655386   4.958701991   427.428709896158   428.194487003991   435.489694269176   436.658413336505    418.99131078871    418.81461071874
  4.959605553   4.959708469   427.428709896158    426.19287897344   431.179689149874   431.930631760342   421.894284970754   421.759420558509
#[time: 4.96]
  4.969725912   4.969938158   427.428709896158   418.022696898537   431.235864526553   430.161220981922   431.566958739908   425.925592374805
#[time: 4.97]
   4.97239325   4.972720169   421.669351246052   418.022696898537   426.641418102108   425.830867802645   411.917199485601   411.161282905494
  4.978295594   4.978472627   420.338950354456   418.022696898537   425.953161441802   416.062415459228   420.894531920942   420.078939437637
#[time: 4.98]
#[time: 4.99]
  4.992410991   4.992505548   420.338950354456   424.371955899933   424.303184710025   423.391423601176   413.756036722964   414.174617520062
  4.993153198   4.993171671   420.338950354456   418.562841688452    427.22637829498   430.255888708086   413.642419996382   413.662011392473
#[time: 5]
  5.009437416   5.009454535   413.511994935496   418.562841688452   425.666047193176   424.218152245265   419.657436979611   426.485250664746
#[time: 5.01]
  5.009898727   5.010505985   417.978511454864   418.562841688452   418.945705734948   422.736638182048   416.176060937502   416.049380283184
  5.011691515   5.012267392   417.978511454864    419.27137253195    421.82569125251    422.10494798387   418.165842331715    418.07814176147
  5.014934109   5.014949124   417.978511454864   426.250496054592   419.863368047674    420.05301030101   415.850162665228   415.869161332449
#[time: 5.02]
#[time: 5.03]
  5.030603454   5.030806305    425.04734449341   426.250496054592   423.464044415453   423.949873272169   417.832785475361   417.629506260139
  5.031658452   5.031775545   432.007904290622   426.250496054592    429.02685735791   429.464667013551   427.064782899007   430.591703032366
  5.034553725   5.035058882   432.007904290622    435.98322055239   433.968814814406   432.153808654527   427.695118863825   427.357745765768
#[time: 5.04]
  5.041541774   5.041594067   432.007904290622   432.536764501472   433.797848125037    433.71958606155   423.908493360016     422.1066904299
  5.045318185   5.045535479   432.007904290622   432.846859443962   435.124287462971   435.241698693261    423.67064702477   423.433586207399
  5.046525578   5.046683943   433.495675829422   432.846859443962   435.241196060392   435.729489925083   423.344983978735   423.260609036081
#[time: 5.05]
  5.050041884   5.050080903   431.936386858347   432.846859443962   439.866483414121   439.529836073354    440.32282884806   442.004966230935
  5.052228675   5.052313924   436.513723533641   432.846859443962   431.775088373773   431.702553858458   428.624267836436   433.385320799824
#[time: 5.06]
#[time: 5.07]
  5.073726684   5.073855944   436.770939756674   432.846859443962   433.681668756821   433.972789344114   426.295552800636   426.288903895997
#[time: 5.08]
#[time: 5.09]
  5.095228932     5.0952461   436.380942912375   432.846859443962   436.462055337429   434.980593896566   427.906394427271   431.289912956434
#[time: 5.1]
  5.105345059   5.105593852   436.380942912375   448.482672194153    434.61521268803   434.614993312927   442.141173993159   441.150163990773
#[time: 5.11]
  5.111679849   5.111911512   452.293681592476   448.482672194153   441.747146970678   447.028562375465   443.699888576244   449.848968290596
#[time: 5.12]
#[time: 5.13]
#[time: 5.14]
  5.141930467   5.142037806   452.293681592476   474.051069535236   451.980973320394    451.56547913637   460.998056101579   468.610070911036
  5.146767717   5.146961505   464.910107428621   474.051069535236   460.230146428925   467.002040707804   471.493865458111   476.614241278281
#[time: 5.15]
#[time: 5.16]
  5.159951406   5.160036452   474.650733648388   474.051069535236   473.156301620853   481.078333328775   468.736799508319   468.666552456618
  5.162344305   5.162414583   474.650733648388   477.355764028747   476.053607519686   475.931584536928   479.311153711432    480.08299028385
#[time: 5.17]
   5.17388575   5.173972586   474.650733648388   489.220449923591   478.176884476912   479.360664084089   483.001888478125   490.890318083301
#[time: 5.18]
  5.180021087   5.180095964   474.650733648388   460.228643062693   480.989543181754   487.498089883726   479.677374631499   468.932167761108
  5.187562619   5.187576068   474.650733648388    489.09335488974    478.37332726883   465.765736488812   482.027691709924   481.445284710936
#[time: 5.19]
#[time: 5.2]
  5.203358987   5.203441302   499.519985415314    489.09335488974   482.335684930272   487.887728591768   492.761608428684   493.063261518656
  5.206523386   5.207029471    490.37959409328    489.09335488974   503.863209141031   496.058186716345     481.1226789623   481.981844883703
#[time: 5.21]
  5.215273391   5.215399252    490.37959409328   499.150036883463   494.805238168127   494.000682498856   495.403829783192    497.27745604887
#[time: 5.22]
  5.221437719    5.22146408   507.547895030416   499.150036883463   494.275060453972    495.66047599373   507.202204664854   504.574333302872
  5.226592064   5.226884971   500.139752790885   499.150036883463   508.057736197479   504.423014349441   489.877722684776   490.520484910678
#[time: 5.23]
   5.23053245   5.230604016   500.139752790885   512.658308987983   504.052971567422   503.540202446549   506.399663992978    506.40202194568
#[time: 5.24]
#[time: 5.25]
#[time: 5.26]
#[time: 5.27]
#[time: 5.28]
  5.288516515   5.288690516   519.935702434364   512.658308987983   507.640279849197   514.071543456548   509.464978594162   508.696749443025
  5.288855495   5.289070653   495.768900401337   512.658308987983   523.872469082036   519.894348631075   503.681267396359   515.974656003401
#[time: 5.29]
  5.295048401    5.29519926   511.315054175861   512.658308987983   503.730493296672   507.429669638199   512.850180497407   513.894001903397
#[time: 5.3]
   5.30922389   5.309384164   511.315054175861   518.533641346982   513.172701271017   513.416550829658   513.001502603639   511.441405166657
#[time: 5.31]
#[time: 5.32]
  5.328130019    5.32817809   520.582582218561   518.533641346982   515.470423917377   519.745738928433   520.882838672851   519.194417276777
#[time: 5.33]
   5.33381067   5.333958904   520.582582218561    508.21418546844   522.391086900514    521.55958938732   523.177111227861   514.618730626148
#[time: 5.34]
  5.340064723   5.340128317   520.582582218561   522.423151565868   527.691437112239   517.842796509896   513.982827524361    514.24411860046
  5.340263746   5.340335578   523.461501990342   522.423151565868    522.09733357126   522.096264525903   520.842554669885   521.355197917633
#[time: 5.35]
  5.357563711   5.357596517    522.94999950344   522.423151565868    524.95200362809   524.858206017472   519.067198144889    519.72919714204
#[time: 5.36]
  5.365448473   5.365505842    522.94999950344   520.885721651654   525.126872820631   524.953382277057   530.289675067935   524.063559503469
#[time: 5.37]
#[time: 5.38]
#[time: 5.39]
  5.390490985   5.390583778   525.150859600415   520.885721651654   519.003262213587   519.233930487251   515.674860112077   519.225645110287
  5.399534286    5.39953606    524.67963327543   520.885721651654   525.046881440657   524.561916203159    520.83348364624   521.616080455663
#[time: 5.4]
  5.407798091   5.407885209   515.847901714851   520.885721651654   527.802484867718   526.222626508487   517.562907914215   516.548221401387
#[time: 5.41]
  5.411376919   5.411638917   515.847901714851   515.133125216217   520.247929012017   518.377303858245   511.810864637835   512.065990340537
  5.418759322   5.418766731   515.847901714851   522.884906657218    517.58717796324   517.274712847527   513.910696363022   514.076376770484
#[time: 5.42]
  5.423968455   5.424067411   517.701867831447   522.884906657218   520.505939267225   521.753816473197   523.493684183506   526.756150985669
#[time: 5.43]
#[time: 5.44]
#[time: 5.45]
#[time: 5.46]
  5.460186337      5.460199   517.701867831447   531.495175312128    524.74691572017   528.189939511402    526.45521043243   531.867680348226
  5.467363505   5.467729571   533.742549380356   531.495175312128   525.806820216059    529.12399895653   528.456533271714    528.58036383875
#[time: 5.47]
  5.470820839   5.470850964   533.742549380356   528.743929714517   533.564989989269   533.194549820419   536.746825219965   533.117504787351
  5.479280083   5.479628808   527.610209829687   528.743929714517   533.917112412316   532.414130997426   527.726790229958   527.508740379099
#[time: 5.48]
  5.481217671   5.481233498   527.610209829687   523.948457451882   531.911412153333   532.182890642912   531.104947601545   526.908204003436
#[time: 5.49]
  5.497517156   5.497605307   522.992424970294   523.948457451882   530.355171537292   526.957253153949   523.408342413465    523.39149990339
#[time: 5.5]
  5.502123201   5.502396037   522.992424970294   522.270982548532   523.457412144411   523.846179105886   520.740818778169   518.472830512073
  5.509144051   5.509413735   522.992424970294   524.041363255013    526.78271189492   526.429423310863   523.155637786251   523.041901861111
#[time: 5.51]
  5.510567334   5.510924586   505.819206743406   524.041363255013   528.220691814167   528.983364090005   511.656152026531    523.54712676378
  5.514925304   5.514935902   505.819206743406   507.539193697616   508.159469281183   520.002088133538   500.609533892868   500.826227344597
#[time: 5.52]
  5.520801398   5.520853999   505.819206743406   505.237571887629   511.212247310685   512.251839015925   501.247307383591   501.701648786682
#[time: 5.53]
  5.529996471   5.530017207   505.819206743406   503.724471571012    511.92064297046   511.610933500608   497.362419604566   497.572089850558
  5.534007229    5.53432696   505.819206743406   506.815097596953   510.491772483345   508.970901148099   503.370430651148   501.990436732156
  5.539155506   5.539329946   505.819206743406   507.714708204908   507.058939268448   507.182773859206   498.502765743919   498.933781451326
#[time: 5.54]
#[time: 5.55]
#[time: 5.56]
#[time: 5.57]
  5.576963835   5.577012907   505.819206743406   501.196332607141   508.080007058106   508.456398080149   516.247686311772   511.185154389973
  5.578537121   5.578606375   505.426370857781   501.196332607141   507.070884972955   506.026605145215   495.116180527154   496.684225769335
#[time: 5.58]
  5.589653639   5.589657197   508.045487882694   501.196332607141   508.291313293566   506.379186174329    502.04467833596   503.096901235766
#[time: 5.59]
  5.592890174   5.592912981   508.045487882694   510.359165067432   506.513560817853    505.64188656597   502.766081874143   502.299248816415
#[time: 5.6]
#[time: 5.61]
  5.618443324   5.619110426   507.820765823739   510.359165067432   509.071679672686   509.423323018951   512.714826604709   517.789054884602
#[time: 5.62]
  5.625879057   5.625918604   507.820765823739   504.231687992818   511.806079162368   513.084394853122   497.343193091676   496.610138340853
#[time: 5.63]
  5.632427072   5.632546831   507.820765823739   522.205185084619   506.334398060762   506.303592018413   513.356048986205   513.548991353769
  5.632647171   5.632678391   507.820765823739   511.451121105892   514.622607605235     524.0324698795   507.083442133941   506.957896502476
  5.638510621   5.638526492   507.820765823739   511.360974138311   509.304503200291   508.602848984267   501.618679830364   501.078750339817
#[time: 5.64]
  5.643534931   5.643542341   507.820765823739   509.861610863219   513.985065774528   514.864729477826   503.925004276277   502.859438303594
  5.646482683   5.646583823   507.820765823739   509.227903982969   509.055594767333   509.192932778688   507.411524510792   507.168926625124
#[time: 5.65]
  5.657054953   5.657109108   511.715392452075   509.227903982969   508.950069119055   509.864073192903   507.199818883054   507.558875481397
#[time: 5.66]
  5.666717872   5.666809654   511.715392452075   514.086920328013    512.73693928756   512.299142818644   510.622393150363   509.502964727006
#[time: 5.67]
  5.670428432   5.670434583    512.64165901724   514.086920328013   513.954091626438   514.388000170482   519.207251116591    524.05067778439
  5.674942185   5.674950991   526.062335189175   514.086920328013   518.561370611864   519.224733876849   516.665465170553   518.310889973067
#[time: 5.68]
  5.680740953   5.680805717   526.062335189175   527.085057673046   531.937829363398   521.317661430899   527.302965672205   527.653512398462
  5.687029766   5.687126365   533.676987799946   527.085057673046   530.778036097586   531.169726254985   525.254805087508     530.7609865675
#[time: 5.69]
  5.693304447   5.693351598   529.949092073924   527.085057673046    534.52984539056   531.762117515939   529.464679062721   529.086929362598
#[time: 5.7]
   5.70815442   5.708178564   533.550212136127   527.085057673046   531.596162702331   527.749830562178    526.95831704203   528.626301139663
#[time: 5.71]
  5.713322327   5.713391573   533.550212136127   532.371723517694   526.807378078243    530.44409228074    524.57455622348   524.439983801087
  5.719082713   5.719195308   533.550212136127    551.96364265423   536.531950780992   535.958564372415   537.634577237499   548.632888520263
#[time: 5.72]
  5.724380435   5.724399524   533.550212136127   535.787047320849   543.181632351232   556.810542898026   529.325989375979    536.57265962468
#[time: 5.73]
  5.730629695   5.730816992   533.550212136127   534.251273075968   534.028275190874   533.732100417789   530.754101198474   528.192851962389
#[time: 5.74]
  5.741053209   5.741355943   523.718723634629   534.251273075968    533.36864535632   534.704654403511   527.886238099903   532.823737588675
  5.741487088   5.741648194   523.718723634629   530.875682841041   529.853172507692   535.957303667488   528.137322971155   529.275210399197
  5.746659451   5.746749041   529.636185859189   530.875682841041   525.255957017435   533.861455730282   519.276574644857   523.534315817399
  5.747826214   5.747828346   529.636185859189   535.577673810405   531.571517906015   531.685352954019   526.487340169652   526.836814424839
#[time: 5.75]
#[time: 5.76]
   5.76325741    5.76329381   540.114427464685   535.577673810405   536.547885577895   538.389328777475   535.039828208211   536.491246539266
#[time: 5.77]
#[time: 5.78]
  5.785047644   5.785492572   537.223668930881   535.577673810405   546.145308045358   539.575876797254   529.432221088211   529.288146362881
#[time: 5.79]
  5.793016177   5.793197272   540.811556161374   535.577673810405   539.997219505702   539.552663010911   530.612661456383   530.879684591169
  5.794352623   5.794373497   540.811556161374   542.255103313582   538.982661225797   538.838358229348   543.972328851137   544.405915549348
#[time: 5.8]
#[time: 5.81]
  5.819613189   5.819621042   545.225611496873   542.255103313582   542.853514517944   543.604409250239   536.635215172567   538.041031633765
#[time: 5.82]
#[time: 5.83]
  5.839586494   5.839696952   544.206458142661   542.255103313582   550.311949967791   548.563839559769   534.532090235139   535.959672014773
#[time: 5.84]
#[time: 5.85]
#[time: 5.86]
#[time: 5.87]
  5.870851885   5.870886012   543.108698105828   542.255103313582   541.291759959513    545.87792267876   535.562443381319   535.797814680717
  5.878279382     5.8783299   526.997516286385   542.255103313582    547.15420671281   546.705587203508   534.583472522518   544.141237634301
#[time: 5.88]
  5.887618379   5.887664251   526.997516286385   529.842972127683   533.039434048247   546.397065533614   523.900027353335   522.801386539079
#[time: 5.89]
  5.898730857   5.898897768   533.136167477367   529.842972127683     532.9255956899   534.432949513523    532.22772172131    531.12905798574
#[time: 5.9]
  5.904259983   5.904549324   533.136167477367   535.690054071584   534.215667776533   533.538902417151   533.855181993676   533.633307214844
#[time: 5.91]
#[time: 5.92]
  5.927547744   5.927733674   541.412200792989   535.690054071584   536.829615184308   538.068318718767   536.135159107934   538.065708204454
#[time: 5.93]
  5.934613227   5.934737295   537.157869423342   535.690054071584   544.746281393845   542.134516673771    527.47519784259   536.986814991603
#[time: 5.94]
  5.948243563   5.948365184   537.157869423342   534.794087456331   540.430830320998   539.615523106301   533.545715084619   525.203705105774
  5.948421692   5.948552932    545.39739950883   534.794087456331   539.894486244163   534.161608071307   552.731610016539   542.984852063295
#[time: 5.95]
  5.953755189   5.953830911   536.558287785627   534.794087456331   542.218658447134   540.304307748139   527.484194029824   528.143814729412
#[time: 5.96]
  5.963887828    5.96391759   536.558287785627   525.095007982276   538.072485656058   537.673020211971   542.231305347738   532.536387691555
#[time: 5.97]
  5.970577129   5.970627672   530.869332720997   525.095007982276   536.283330337032   532.424938914693   535.795433393982   530.586177595455
#[time: 5.98]
  5.983991751   5.984028419   532.067249381564   525.095007982276    536.87083521477   530.588563930955    522.20808210384    522.54321756526
#[time: 5.99]
  5.997592356   5.997602338   532.067249381564   531.557314925678   534.174482662893   531.230496719021   539.033648858769   538.218261443221
