# command line: ./generate_stepping_data --lt 23.8 --seed 1.0 --cm 0.4 --eqmpre 200 --runtime 6.0 --exp-unbinding-constant -0.35 --k_b 10000000.0 --k_ub 75.0 --ct 0.2 --ls 10.49 --eqmpost 224 --label paramSearch-fitparamsrun2 --framerate 1e-10 --dt 1e-10 --eqt 0 --nomovie --cb 0.1 --eqb 120



#********paramSearch-fitparamsrun2__k_b-1e+07,k_ub-75,c--0.35,cb-0.1,cm-0.4,ct-0.2,ls-10.49,lt-23.8,seed-1,dt-1e-10********
#time_unbind, time_bind, nbx_bind, fbx_bind, nmx_unbind, fmx_unbind, nmx_bind, fmx_bind
#[time: 0]
 0.0087152459   0.008735189   3.96365521743615   3.42262988065834   3.97330051068515   5.72369909914707  -2.50067076988381  -2.05093361890055
#[time: 0.01]
  0.013887633  0.0144408666   3.96365521743615    5.0246947282823   4.88967881039515   4.82331379593015   2.08589421754943   1.06746744605187
#[time: 0.02]
 0.0286717976  0.0297731617   3.96365521743615  -8.77636876796828    7.8950693062487   9.11013360302366   6.25384100007136  -4.50197853815745
#[time: 0.03]
 0.0338031165  0.0340127913  -30.7704820442122  -8.77636876796828   9.05654577120403  0.400707128613085  -21.8480031828823  -11.1280994772782
#[time: 0.04]
#[time: 0.05]
  0.050331854  0.0505629474  -9.73027831599478  -8.77636876796828  -20.7019080258055  -9.70647720021386  -13.8522117463577   -14.014942534086
  0.051628634  0.0518619203  -9.73027831599478  -6.69316131203789  -6.55768963535635  -6.12235456945922  -7.89163261474496   -8.3881252907272
 0.0550066812  0.0551365514  -9.73027831599478  -10.2791896800663  -6.56292503198628  -5.38836162421511  -19.5542199916631  -18.8734207314979
#[time: 0.06]
 0.0671717232  0.0672123706  -9.73027831599478  -8.10384608683151  -7.12563503313016  -7.41958404906831  -13.9164389311883  -15.6736865554503
#[time: 0.07]
#[time: 0.08]
 0.0849442506  0.0850691411  -9.73027831599478  -6.64781797200634  -7.72060812240946  -7.53730872543269  -10.4278252025154  -8.24007963958296
 0.0873210934  0.0876285231  -9.73027831599478  -8.30010752013487   -7.4717571859239   -6.8704998133171  -19.1119920162246  -18.7668301478173
#[time: 0.09]
#[time: 0.1]
  0.100510204  0.1005753303  -9.73027831599478 -0.332255473384757  -6.60742619853679  -6.32206946538135  -2.11089828984072   5.36883505399131
#[time: 0.11]
 0.1138418143  0.1139829976  -4.48242011681729 -0.332255473384757  -3.06720340072828   4.29120820488467  -11.3161878298354  -10.5678542419404
#[time: 0.12]
 0.1282861445  0.1289976562   6.80391260265419 -0.332255473384757  -1.68387119413619 -0.661250976607539   6.69220265061857  -2.41792735821268
#[time: 0.13]
 0.1326896097  0.1326919887  -1.03705726801401 -0.332255473384757   11.3274840199757   5.74929976517097  -1.13855432014343  -1.18587903788783
#[time: 0.14]
 0.1463809418  0.1467255428  -1.03705726801401   1.21718167052122   2.45807447727354   2.62586344287504  -7.85447885570219  -8.11604964672443
#[time: 0.15]
 0.1508318239  0.1508816208  -2.77300260944012   1.21718167052122   0.49762757719557 -0.946100647795782  -1.71402221279781  -1.94484763359617
#[time: 0.16]
 0.1622944265  0.1623270609   11.0555017469398   1.21718167052122  -1.16711021968328   -1.3753536864421   10.7647947796448   7.43037273219365
#[time: 0.17]
 0.1748493689  0.1751217644   6.74300169232589   1.21718167052122   11.2731336326251   5.30203919338989  0.403153666635697    1.8464759496254
 0.1766094567  0.1766416013  -0.60797284736211   1.21718167052122   9.68104013247076   6.99822330929423  -7.26158774510974  -9.26552310160709
  0.177527905  0.1777281064  -0.60797284736211   4.93183197162052   2.72413401320292    3.4847352091476  -2.66583880193215  -2.98323008285004
#[time: 0.18]
 0.1818525198  0.1822974031  -0.60797284736211   2.82619146315892   5.77514202991506   8.11170027896533  -6.90174025086444  -7.56831528367314
#[time: 0.19]
 0.1953528441  0.1953587612   7.90641325781896   2.82619146315892   4.87025981899585   6.20437318179856  -1.66798849265641  -1.89946346487395
#[time: 0.2]
 0.2022319052  0.2024383573   7.90641325781896   10.0216112277835   6.74899130464871    5.3479625014371   6.01437999358177   5.66450475595145
#[time: 0.21]
#[time: 0.22]
#[time: 0.23]
 0.2331359608  0.2331950751   7.90641325781896   4.88821897967031   11.1842669970998   11.3802547141476   13.0760737256747   8.52115385686533
 0.2364110375    0.23695834  -4.04649877013314   4.88821897967031     8.156507784917   7.31966964261605    2.8647959282007   11.7165418592605
#[time: 0.24]
 0.2490030432  0.2493299655  -4.04649877013314  -8.03785725894297  0.475200964350176   1.00532029784605  -4.57146189762308  -4.84850822865798
#[time: 0.25]
  0.254674901  0.2547558456  -4.04649877013314  -4.97831348824629  -2.06276301479637  -3.64393119731025  -1.32458676730135  -2.71550501568197
 0.2577080383  0.2580198996  -6.98053805992717  -4.97831348824629  -3.21684499753765  -3.37645837687516  -2.34249421918914  -1.39395532547895
#[time: 0.26]
  0.265798677  0.2658190498  -6.98053805992717  -5.43932513263966   -3.2182832548756   -3.0427408512404  -7.31868301514272  -7.60222512517621
 0.2685835668  0.2685900625  -6.98053805992717   -11.634140247524  -1.40579174353246 -0.742067297389783  -8.95988157657663  -9.16588761416423
#[time: 0.27]
 0.2739163178  0.2745380287  -6.98053805992717  -7.99250984888073  -6.22881335541741  -7.83336513849287  -16.1711757916456   -15.217426689511
 0.2779052198  0.2786117373  -6.98053805992717  -7.49026934885726  -1.45266552197319  -2.07326627162262  -1.38000796457024  -4.32612527125252
#[time: 0.28]
#[time: 0.29]
#[time: 0.3]
 0.3095290612  0.3096678838  -6.98053805992717   1.49041579537416  -5.34501041818427  -5.47506747329433 -0.809608745005539   10.1666462147907
 0.3099091627   0.309929766   10.5648590930404   1.49041579537416  0.869886305184023   3.78568264124929   10.6866404671624   5.57013558305377
#[time: 0.31]
#[time: 0.32]
 0.3249615715  0.3252959266   5.71405304376006   1.49041579537416   13.5506291185723   5.13042805564103  -1.30089774696937  0.832444114492096
#[time: 0.33]
#[time: 0.34]
#[time: 0.35]
#[time: 0.36]
#[time: 0.37]
 0.3734628654  0.3735522944   5.71405304376006  -1.59997898357321   7.15332629200548   5.51899898216107  -2.29793450968444 -0.663953455324503
#[time: 0.38]
#[time: 0.39]
#[time: 0.4]
 0.4030208672  0.4030642508   5.71405304376006   20.9443016407934    6.9547948434221   5.30027305017347   8.01081490442874   20.8559920514056
 0.4044747519  0.4048406124   25.9592412365418   20.9443016407934   13.1205258441057   18.7060752507862   18.6424401963227   20.5659764960215
 0.4093406772  0.4094302111   25.9592412365418   27.6521707252174   28.6959519599346   26.6612501020324   23.4190617820986   23.3889730001824
#[time: 0.41]
 0.4104473927  0.4104753389   28.3721641192666   27.6521707252174   25.8079000332854   25.5299934972378   28.8018077734778    28.729529664845
#[time: 0.42]
#[time: 0.43]
#[time: 0.44]
 0.4473982833  0.4478569596   29.6971652704315   27.6521707252174   30.6302651365424   30.5223368940693   19.9015926142993   23.1286822720296
#[time: 0.45]
 0.4500550858  0.4503352616   29.6971652704315   31.1299584308498   31.6611452039441   28.7821607851518   26.9323350948251   24.6959664915228
#[time: 0.46]
 0.4644252039  0.4645808203     26.92048894951   31.1299584308498    31.852490515479    32.478473225512   29.7874069735809    37.788807989792
 0.4651536565  0.4652743697   33.1408429394616   31.1299584308498   30.4578011256321   31.3460781044783   34.8621626596278   34.1039452411412
#[time: 0.47]
#[time: 0.48]
  0.483483447  0.4837072946   33.1408429394616   44.8601051840101   33.4582265036478   33.2532464693517   37.3617725674743   35.6079439370276
#[time: 0.49]
 0.4963367478  0.4963783161   33.1408429394616   21.3754746115745   39.9093572220616    37.832180402359   35.2280348613973   23.9071161483443
 0.4979810588  0.4979983784   33.1408429394616   38.4717622659176   29.6549126354827    27.337254428308    27.527611352286   28.2285433663212
#[time: 0.5]
#[time: 0.51]
#[time: 0.52]
#[time: 0.53]
 0.5379489583  0.5383983555   48.6314791377402   38.4717622659176   37.2705209622699   39.3745744499498   40.4635252892162   42.6445741982736
#[time: 0.54]
  0.545435509  0.5455669582   48.6314791377402   50.2127913134926   52.2011084190594   46.3469620045772    42.882218803041    40.044526355131
#[time: 0.55]
 0.5522855973  0.5525153138    52.158115950489   50.2127913134926   51.3643222847598    47.478629549414   41.8837027304201   43.2135742136091
#[time: 0.56]
 0.5619917714   0.562179983    52.158115950489   55.0493024540727   54.9633484787611   53.9822167118227   52.6819148034433   51.3477177831082
 0.5654623723  0.5662570639   57.7008201529904   55.0493024540727   50.8769457029709   55.5924352354161   54.5089291630327   54.9386945853112
#[time: 0.57]
  0.574484858  0.5752131877   57.7008201529904   56.3646173811236   59.3519711070482   57.9703758669268   51.9967600804493   52.9154924027115
 0.5760268698  0.5762506304   57.7008201529904    77.333635085844   60.9847887959375   60.5917201230894   64.7712433684303   76.8179827775973
 0.5766898566  0.5767509816   57.7008201529904     58.80117079815   63.7865784292957   81.7880909847565   47.6018120265274   50.2577196121336
#[time: 0.58]
 0.5823329417  0.5823754731   59.9275371029253     58.80117079815   63.2397636734557   63.7457891893054   58.4905119787023   58.7442733714394
 0.5825608854  0.5828374327   59.9275371029253   59.3222260755627   61.3415001738296   60.9856138494309   49.5148645763458   49.3651442006348
 0.5879515996  0.5880651142   59.9275371029253   62.4788591370389   62.4663011566488   62.0861423155625   51.5166341915181   52.1532363601108
#[time: 0.59]
#[time: 0.6]
 0.5999511913  0.6001367398   63.2761798410466   62.4788591370389   62.8651554621148   63.9256807231905   59.8489939952337    60.074377511159
 0.6050884987  0.6052459551   61.9721485859417   62.4788591370389   63.4010549763055   63.3357634312907   60.2204799890183   59.6804228711505
#[time: 0.61]
#[time: 0.62]
#[time: 0.63]
 0.6326862889  0.6330032485   67.7976579449462   62.4788591370389   62.4725528621556   64.6969772558279   60.9515912740634   62.3814308647822
 0.6355940778  0.6361457227   67.7976579449462   70.1626887421263   64.9737384425189   65.1325606327437   69.5103922136704   72.5351578880615
 0.6390287872  0.6390767408   67.7976579449462   73.9375214682176   68.6254940881957    64.767807145628   65.6423679483074   64.7037814186729
#[time: 0.64]
 0.6439833809  0.6441177871   81.4474004386046   73.9375214682176   75.1007512763381   78.2611933816669   80.5729148185471   78.4914808294941
 0.6445822842   0.644885323   81.4474004386046   64.4786378715676   81.6272742436089   79.2593809852524   90.0520224585519   72.6997489724511
#[time: 0.65]
#[time: 0.66]
#[time: 0.67]
#[time: 0.68]
 0.6884382683  0.6884637349   69.3688579630048   64.4786378715676   80.1913365009775   69.8343469992681   64.0932231827089   65.4781088304852
#[time: 0.69]
#[time: 0.7]
#[time: 0.71]
 0.7103234411  0.7104648655   75.8648987891948   64.4786378715676    72.436071659736   70.8955789537381   72.5444082988655   69.5834468048567
#[time: 0.72]
 0.7273684182  0.7274532378   75.8648987891948   78.2152211376458   77.0293605649098   69.6914177326869   71.8381317377413   71.1775664349769
#[time: 0.73]
 0.7299102023   0.730068104   71.7033996757464   78.2152211376458   78.0808459671381   78.6218918033595   75.5424142845739   76.2618026030295
 0.7394660128   0.739565206   79.9851042434645   78.2152211376458   76.3593266709933   77.5377331884376   71.3775842347175   72.0619257213222
#[time: 0.74]
 0.7414094486  0.7416813055   79.9851042434645   86.6786344476431   81.2385743144716   80.7691997660423   85.9682894728277   93.6566943121702
 0.7463168401  0.7465282178   85.4616056109241   86.6786344476431   86.4861807697824    89.893668435363   90.2160172867487   93.8613552846368
#[time: 0.75]
#[time: 0.76]
#[time: 0.77]
 0.7738375326  0.7740511656   85.4616056109241   83.1382233627483   91.4735805555481   92.1115565650347   87.1436906081769   86.0643160640079
#[time: 0.78]
 0.7873863969  0.7876217524   84.5873984678965   83.1382233627483   87.7032230090193   86.6265442426379   77.3193218570238   77.2271716823874
#[time: 0.79]
 0.7905125673  0.7907954546   73.4013669708233   83.1382233627483   86.5269692527646   86.0255725293832   78.1807809555701   82.8329226115867
 0.7947222951  0.7947518206   88.8135224828377   83.1382233627483   78.8767276209566   83.3812564878813   84.3548643540464   85.3482134073079
 0.7980193358  0.7981607897   88.8135224828377   96.5672169114059   88.2949331225386   86.2014666289489   96.0010610665499   99.7252482478249
#[time: 0.8]
#[time: 0.81]
  0.812635024  0.8128819521   88.8135224828377   89.7090870875982    92.688851564303   92.6328846003589   81.6793234172199   80.5591689679189
 0.8152541555  0.8154587569    92.921827683511   89.7090870875982   89.2727834150952   91.2931119968612   87.0951496506629   87.6223712105818
#[time: 0.82]
#[time: 0.83]
#[time: 0.84]
 0.8417000942  0.8424168186    92.921827683511   97.2911757013005   93.8177951179135   90.5904107876533   89.8653353228271   89.6702661308707
#[time: 0.85]
  0.855344899   0.855537624    92.921827683511   97.0684524406271   96.6749920672952   97.8573544902229   93.0768653322168   92.0075566469042
#[time: 0.86]
 0.8615123152  0.8622554271   88.1331454463562   97.0684524406271   97.4755877013714   92.1936090365547   92.9067553145499   93.4016913353822
  0.869953329   0.869955232   88.1331454463562   79.0258387853316   93.0102068248723   95.6211282390177   90.4622569590948   86.5349798442437
#[time: 0.87]
 0.8751918059  0.8753548668   77.7083222433208   79.0258387853316   86.8917657539822   84.5639537310739   71.9780513597971   71.9669859340934
#[time: 0.88]
 0.8829476588  0.8831596385   77.7083222433208   68.6682345844068   76.9879688530712   76.8197760915826   81.8435761141786   61.6016894122953
#[time: 0.89]
#[time: 0.9]
 0.9014858179  0.9016019773   77.7083222433208   80.1651846844341   72.5203759772418   72.6623811147548   71.7156451274766   69.9962281865881
 0.9058656383  0.9060681393   71.0434730346925   80.1651846844341   78.7587366102081    79.663232918967   75.6120479835869   79.1149331449052
#[time: 0.91]
 0.9109533869  0.9110921745   83.0278898775633   80.1651846844341   77.5744184330059   80.7504448257709   74.5552735563207   75.2697008815699
 0.9159656526   0.916044873   83.0278898775633   86.3607774210489   85.0937545211287   83.2962221374123   78.3525835844854   77.7309265877721
 0.9173544553  0.9174671088   86.9441387109337   86.3607774210489   86.8614861544436   88.7129756546329   78.2079155326291   79.5276240254356
#[time: 0.92]
 0.9272386819  0.9273965524   87.1728495283363   86.3607774210489    86.506141842822   86.3086904253793   86.4965303016755   86.1922987670505
#[time: 0.93]
 0.9318334777  0.9319419501   77.5282630213649   86.3607774210489   87.5405623302479   87.4169166033729   83.3901677144138   94.4377764113345
  0.939009594   0.939790381   91.2062860577491   86.3607774210489    81.942941051275   81.8014839267255   88.1331313613917   88.5195330915927
#[time: 0.94]
 0.9423892313  0.9425403135   87.0644667883751   86.3607774210489   97.1983165097394   92.2579359635032   78.2529639732668   78.7272198369352
#[time: 0.95]
 0.9576021655  0.9577165991    74.003008807203   86.3607774210489   88.5225678561329    88.223826489468   77.3340330618869    83.869067460947
#[time: 0.96]
 0.9677445645  0.9679006898    89.066434325886   86.3607774210489   80.1504525191412   91.0514981557184    88.370399157341   88.1563180901366
 0.9682033407  0.9686251696   84.4577070173059   86.3607774210489   90.8702199903512   89.9484298506278   79.5440232286181   78.6787343427982
 0.9687797675   0.968892154    91.452122960377   86.3607774210489   86.2027616911798   86.4011082683371    81.420701447105   86.3322187987043
#[time: 0.97]
#[time: 0.98]
#[time: 0.99]
#[time: 1]
  1.006501602   1.006525372    91.452122960377    87.869426844958   89.3184171339684   88.8876779694912    89.917767726412   87.8918286341894
#[time: 1.01]
#[time: 1.02]
  1.028348584   1.028462844    91.452122960377   73.1982671774549   91.7621374154139   90.9485174896597   92.2001222577422   78.3037614159847
#[time: 1.03]
  1.029801846   1.030034006    91.452122960377   83.1806466790039    87.912540250357    78.651235913053   96.3243087920268   88.6312787922434
#[time: 1.04]
  1.045517276   1.046143736    91.452122960377   92.1786882530512    91.505230998531   88.6747839901054   88.6488835897357   88.4208440649933
#[time: 1.05]
#[time: 1.06]
#[time: 1.07]
  1.079290885   1.079311118   89.9604919936203   92.1786882530512   96.9137068307718   97.3294384648195   86.2107071105204   85.4017058605145
#[time: 1.08]
#[time: 1.09]
  1.099127876   1.099317863   94.5801409231609   92.1786882530512   90.7766751060925   90.3137939960273   86.7550506082309   86.3919645128933
#[time: 1.1]
  1.107898975   1.108221751   62.1422509323551   92.1786882530512   97.9168342630391   97.2339772230538   69.4575521143971   88.7897351896169
  1.109258881     1.1093024   96.7509142690392   92.1786882530512   69.5405765602808   92.2364027439759   93.5030101175216   94.0920311500531
#[time: 1.11]
  1.118641124   1.118822538   96.7509142690392   102.065943110016   93.0584213764792   94.2516906152492   100.960912634284    101.89937990834
#[time: 1.12]
#[time: 1.13]
#[time: 1.14]
  1.141512396   1.142138969   96.7509142690392   93.9502355204614     99.29736141151   98.3952132521997   103.607952815456   97.9245159794334
  1.142801973   1.142857354   96.7509142690392   95.9529141056657   98.0945873879473   97.2999622009595   87.7013790145583   88.1272255515178
#[time: 1.15]
#[time: 1.16]
#[time: 1.17]
  1.170517581   1.170574308   96.7509142690392   101.152542475589   96.8825678686654    96.770786477243   94.3569265421481   90.6970064647777
  1.176369843   1.176430962   96.7845643987602   101.152542475589   99.6844042495537   100.651472293579   100.707808701504   102.387981505558
  1.176651459   1.177009151   96.7845643987602   98.5243789275991   101.679437185683   103.607671373131   97.7955809513646     98.61891593477
#[time: 1.18]
#[time: 1.19]
  1.196356214   1.196809903   103.190831838241   98.5243789275991   103.284635369399   104.139239235269   104.502574763003   102.196804676265
#[time: 1.2]
  1.202621845   1.202626131   107.011426517725   98.5243789275991   104.984742975102   100.396564090692   100.504156695009   101.646175327236
#[time: 1.21]
  1.211940955   1.212106816   101.033441316429   98.5243789275991   108.101902003248   104.760948736328   98.4512692008269   98.6858333919204
   1.21279317   1.213082137   101.033441316429   95.4158146559869   102.333510264442   101.923525476084   107.083611946194   101.352760457834
#[time: 1.22]
  1.221024853    1.22114449   101.033441316429   98.5502381506768   103.316092397621   99.7909005069681   90.5830407899376   90.7466447930769
  1.224827115   1.225221607   99.5818590885588   98.5502381506768   105.404032851477    104.28860494479   98.0367474840984   98.5228223398085
#[time: 1.23]
#[time: 1.24]
#[time: 1.25]
#[time: 1.26]
  1.262155506   1.262704403   95.2208192320915   98.5502381506768    102.80053518978   102.557952196606   95.3939767785165   94.2531614367814
#[time: 1.27]
  1.275244449   1.275297403   101.497118459218   98.5502381506768   95.3976648361628   98.9360426058964   91.1188519727574   90.7275282892805
#[time: 1.28]
  1.281176494   1.281874501   91.6942885723056   98.5502381506768   102.129758150918   101.396778279778   96.5865282176645   98.3035129998789
#[time: 1.29]
#[time: 1.3]
#[time: 1.31]
  1.314692098   1.314771186   106.994771407812   98.5502381506768   95.7713388106038   98.2107718596846   109.535301048335    104.15710260854
#[time: 1.32]
  1.319586112   1.320011005   106.994771407812    109.73073081372   110.177331544663   105.358082503981   108.347346240251   103.055589228667
#[time: 1.33]
#[time: 1.34]
  1.348102723   1.348169038   106.994771407812   107.947608612235   109.404658190107   109.585109325836   101.170121056102   100.392463388006
#[time: 1.35]
#[time: 1.36]
   1.36639763   1.366724372   113.227193831946   107.947608612235   106.677026402987   106.614050093656   107.927792030311   109.737931436074
#[time: 1.37]
#[time: 1.38]
  1.389513857   1.389573062   108.658722197664   107.947608612235   116.174303009532   114.201676412685   102.832858095241   103.027617275441
#[time: 1.39]
#[time: 1.4]
#[time: 1.41]
  1.418771399   1.419088005   108.658722197664   109.444157567839   111.600694889025    111.32899647389   105.392377661932   105.097650435441
#[time: 1.42]
#[time: 1.43]
#[time: 1.44]
  1.444364943   1.444569804   106.374437547535   109.444157567839   111.123954735081   111.270852067863   103.229941572655     99.94650480656
  1.446262431    1.44634479    106.49931500856   109.444157567839   108.755277564636   109.250836261822   108.639301857175   116.794481922949
#[time: 1.45]
#[time: 1.46]
#[time: 1.47]
#[time: 1.48]
#[time: 1.49]
#[time: 1.5]
  1.502918668   1.502940617   105.493243775329   109.444157567839   108.635545787741   109.418460751442   103.505019675457   103.487288060884
#[time: 1.51]
  1.514887703   1.515034917   105.493243775329   106.717149565025    114.21018057762   116.654559652936   96.9233733768216   96.8560051986591
#[time: 1.52]
  1.521045041   1.521189644   105.493243775329   108.574204450627   110.199325323192   110.535721741611   101.434910348113   98.7372591450451
  1.522329493    1.52291599   107.847917792323   108.574204450627   107.668936400273   107.943637520615   100.798843136157   100.533076561471
#[time: 1.53]
  1.537707007   1.538008368   107.847917792323    92.757650051089   110.832616433826   111.097017455372    113.32153453636   98.4968177299421
#[time: 1.54]
  1.539845807   1.540726711   107.847917792323   105.111403234345   111.556682441969   96.4801155437675   102.132554509592   103.400071336134
#[time: 1.55]
#[time: 1.56]
#[time: 1.57]
  1.577388476   1.577643285   113.443698293807   105.111403234345   112.438328870769   110.953085083464   107.607756261485   108.363109799598
#[time: 1.58]
  1.581562526   1.581627112   113.443698293807   117.211605269655   110.853060793285   109.346619321682   109.986393911748    107.39442019672
#[time: 1.59]
#[time: 1.6]
   1.60148025   1.601500479    123.92039894115   117.211605269655   116.445307664427    119.37440703355   118.532048430673   119.421196812815
  1.601985268   1.602529159    123.92039894115   120.343424724574   130.888403855619   124.983432996384    126.00261863977    124.99791728437
  1.603503516   1.604360868   121.715654401595   120.343424724574   124.062444448077    122.97901320773   113.054988857099   114.305399937249
#[time: 1.61]
  1.611768238    1.61201134   115.846123114458   120.343424724574   123.354114095834   122.315033179205   113.634430040574   112.317981268512
#[time: 1.62]
  1.624306085   1.624456326   116.534867644597   120.343424724574   119.000765331641   121.155317911193   121.678730538009   124.030694109292
  1.628307279   1.628536926   124.621678145872   120.343424724574   121.447473541162   124.624915739956   114.202351579646   114.128784434623
#[time: 1.63]
#[time: 1.64]
#[time: 1.65]
#[time: 1.66]
  1.666170777   1.666290442   124.621678145872   140.367205055326   124.681229494402   124.498557783451   132.451522998002   143.226039145561
#[time: 1.67]
  1.669905865   1.670001193   137.773928392071   140.367205055326   132.779600943164   137.350584194251    139.88729678892    140.19872564921
  1.673513379   1.673556734   137.773928392071   143.739640419406   143.256661560822   143.990350694121   140.074509373132   138.849307563271
  1.676127346   1.676455236   147.057772599528   143.739640419406   143.459967129598   148.966035587933   137.043485924611   136.699626577567
#[time: 1.68]
  1.681783677   1.681783997   152.251196487762   143.739640419406   148.027216932539   146.975674680966   148.426976140771    148.19272932337
  1.684498911   1.684990847   152.251196487762   154.409244625833   149.616541806589   148.620509669527   151.128834802088   150.663633121493
#[time: 1.69]
  1.691428311   1.691444686   152.251196487762   152.891790621201   157.064618408943   158.829840519999   144.576096662499   143.657427431428
  1.695722691   1.695866636   145.254973079339   152.891790621201   159.025131350147   159.366199815113   149.641169034401   153.045846611997
#[time: 1.7]
  1.708366156    1.70867208   139.763067423028   152.891790621201   149.721719547493   151.166491476701   142.938251471613   155.959351168301
#[time: 1.71]
  1.716726539   1.716925422   151.993284587557   152.891790621201   146.709123794339   150.024284809381   145.275561386669   142.667864834281
#[time: 1.72]
  1.722515912   1.722756806   158.010092747381   152.891790621201   154.448143573781   154.772990452014   150.397279724706   152.040686356909
  1.724647383   1.724959011   158.010092747381   156.075395479291    163.66023604007   160.490742880134   151.081058909562   152.118367310859
#[time: 1.73]
#[time: 1.74]
#[time: 1.75]
#[time: 1.76]
  1.761355966   1.761501707   157.466464565211   156.075395479291    164.40476791716   162.766084911096   149.771755455648   150.521683179936
#[time: 1.77]
#[time: 1.78]
#[time: 1.79]
  1.796850955   1.796888202   157.592657695915   156.075395479291   161.559045585474    161.05119245279   157.673142888452   157.533515856041
#[time: 1.8]
  1.799737823   1.800289952   160.698082353499   156.075395479291   157.069517659316   157.028733848146   154.864864629208   155.853389908004
  1.803331998   1.803541822   160.698082353499   164.166427973196    164.15688934769   161.295862355187   155.388270529266   155.737513715586
  1.804711829   1.805242847   162.361929741831   164.166427973196   165.558154772968    166.92687182841   163.931662573626   164.157395325059
  1.809019845   1.809286045   162.361929741831   163.228482306228   162.077163199477   166.761634638701   155.299025934128   155.095589901543
#[time: 1.81]
  1.817162285   1.817344021   162.361929741831   160.103417206593   163.675238822801   164.100080318886    158.99417689249   155.757300675582
   1.81942728   1.819732894   158.213395589377   160.103417206593   159.108032268337   159.814732650108   150.363787752985   149.807048133801
#[time: 1.82]
#[time: 1.83]
#[time: 1.84]
  1.845939747   1.846019545   169.092623236583   160.103417206593   163.885607727092    164.78155816704   166.833580649938    163.12358919395
#[time: 1.85]
  1.855062203   1.855284971   169.092623236583   170.778724685682   171.352897561684   166.745340943567   174.010822117903   179.365320972352
#[time: 1.86]
   1.85910802    1.86009974   169.092623236583   170.448449641285   172.076352816012   172.313769907007   170.913596020213   171.046838055115
#[time: 1.87]
  1.874732318    1.87481781   169.752829160245   170.448449641285   170.413429676655   172.488874070757   164.298546304133   162.304910542303
#[time: 1.88]
  1.885115598   1.885221001   169.752829160245   152.909986786601   170.484106013695   170.562486370589   173.921614506196   159.181234515808
#[time: 1.89]
#[time: 1.9]
  1.908124973   1.908721215   169.752829160245   176.382211565382   168.694801167589   160.847261775952   172.763129663297   171.020160364353
#[time: 1.91]
  1.914247774   1.914669592   169.752829160245   179.376260596668   174.970067451724   176.534395596254   171.758451865465   169.825883781818
#[time: 1.92]
    1.9246615   1.924815553   181.291791842595   179.376260596668   178.195550746273   184.665595727799   174.434626146485   174.442207268322
#[time: 1.93]
#[time: 1.94]
#[time: 1.95]
#[time: 1.96]
#[time: 1.97]
  1.979761091   1.979823061   181.843132748675   179.376260596668   181.453562934807   180.378712086791   183.890518445491   183.208166434367
#[time: 1.98]
  1.984240639   1.984596703   183.466733673908   179.376260596668   179.991104220995   180.140410778828   174.192941853106   175.197534523801
  1.989070282   1.989303576   183.466733673908   190.071600163404   186.311472196451   184.867361686216   188.170410941561   185.998000474628
#[time: 1.99]
  1.994719328   1.994790976   183.040063173353   190.071600163404   187.280982217954   190.174248331148   191.457481036991    199.94974883677
#[time: 2]
#[time: 2.01]
  2.017478881   2.017498375   183.040063173353   186.667815091972   187.572770385911   188.920929465468   184.128605827542   183.959650774087
#[time: 2.02]
  2.022221456   2.022669131   185.756306361511   186.667815091972   187.313702346334   189.271324401085   182.006334600171   181.310727027038
  2.028664454   2.028801748   193.390482804477   186.667815091972   191.668063809325    192.65785366466   190.120723466654   190.080956417757
#[time: 2.03]
  2.032665817   2.032915899   193.390482804477   184.911860129512   197.274003290883   193.398089433998   197.384981453358   190.539964523141
  2.032988247    2.03325582   193.390482804477    190.95741089315   188.033082418016    189.00593953557   197.687171044332   196.445078444487
  2.035235826   2.035265956   195.236242356561    190.95741089315   195.927480965282   193.816914520228   185.953369001136   188.728932780568
  2.037053482   2.037264884    197.15941178583    190.95741089315   192.615664596621   190.842179668486   190.000772668366   191.100109920988
#[time: 2.04]
  2.044572215   2.044798961    197.15941178583   206.050017276175   198.434034688973   195.996211127099   201.367402371746   199.217021645555
#[time: 2.05]
#[time: 2.06]
#[time: 2.07]
#[time: 2.08]
#[time: 2.09]
  2.098326897   2.098609268   207.615511546564   206.050017276175   201.569308211567   206.844441436156    198.57688850427   198.789582137442
#[time: 2.1]
  2.099743344   2.100895603   207.615511546564   208.997143779705   207.667459791757   207.567112022472   206.663506533103   206.198650569153
  2.103724839   2.103845663   207.409955686676   208.997143779705   213.659983633996   214.674902300019   211.455424891385   212.107082240176
  2.108658366   2.108734726   207.409955686676   208.226397966448   209.896929564665   210.114290761073   199.065844684493   198.124161632015
#[time: 2.11]
  2.116749758   2.117061222   207.409955686676   210.699415392836   209.815928662628   209.956075233772   199.620019744812   200.253441546881
#[time: 2.12]
  2.119783322   2.120380848   207.409955686676    212.75001011123   213.331136006719   215.781063769143   203.502140997192   203.316397333411
  2.127443307   2.128191536   207.409955686676   205.891227653341   211.909019526414   213.867072715576   200.382556937152   201.432550301558
#[time: 2.13]
  2.131871824   2.131983698   207.409955686676   201.017482066172   205.961670220068   206.498925723298    207.21456537258   204.335598782829
  2.139578922   2.139890624   195.040622281393   201.017482066172   207.796501918438   206.479511641312   188.113409498747   197.342125536407
#[time: 2.14]
#[time: 2.15]
  2.151047955   2.151422054   195.040622281393    190.87265223543   197.758160378905   197.626703128179    201.11529533311    196.30574059221
  2.156738006   2.157399349   188.230645818333    190.87265223543   193.889571483621   193.489431845467   189.712887873291   187.232200868368
#[time: 2.16]
#[time: 2.17]
  2.172728195   2.173085724   188.693552940182    190.87265223543   193.040968453522   194.117496814581   195.604721040014   200.309340095088
  2.176987311   2.177183472   188.693552940182   187.264514397683    190.38549903523   190.779754713538   179.886251921615   177.039377974995
#[time: 2.18]
   2.18377479   2.183895538   191.472008922076   187.264514397683   194.805541846415   193.714781468507   186.505731122604   187.351385175445
  2.186000911   2.186324989   188.811336381459   187.264514397683   196.557829670826    195.19022095916   179.729807848041   180.250144745739
#[time: 2.19]
  2.191310403   2.191583776   188.811336381459   181.399175797196   188.137472413198   188.120730090103   186.409455086978   185.264216949706
#[time: 2.2]
   2.20135726   2.201440223   188.811336381459   190.561110934214   192.939188933575   187.854480798874   194.169553116137    192.48603684775
  2.204061026   2.204757802   188.811336381459    187.26547974816   192.128049496483   193.090242938411   198.780968935348   197.061766182364
  2.207264365   2.207444708   188.811336381459     191.7297526304   190.558592507784   189.223805512978   180.970681055965    181.74768453064
#[time: 2.21]
  2.213739328   2.213883938   196.895252731714     191.7297526304   193.213105320205   195.075467398954   193.132328065386   194.028584237886
  2.214255143   2.214276222   197.985231918044     191.7297526304   199.133955364673   193.264588650111   187.890643613518   189.239868222573
#[time: 2.22]
#[time: 2.23]
  2.230137246   2.230386173   197.985231918044   201.067159426103   196.412567967396   195.934500422922   193.301496252543   192.705385396462
  2.234826943    2.23496034   197.985231918044   204.746124244082   200.738031280163    201.15008264241   200.331207902057   199.400251062047
  2.235485693   2.235622533    207.85759236747   204.746124244082   203.082138321051   206.731506693781   214.002810784552   210.396149956866
#[time: 2.24]
  2.245379501   2.245469172   195.187397999087   204.746124244082   210.872907487512   210.092057828051   198.066199825832   205.243642003432
  2.249610615   2.249640416   195.187397999087   194.172160008058   201.292624801476   204.880629540318   186.713771734772   186.586393882144
#[time: 2.25]
  2.251668706   2.252211258   195.187397999087   193.660893810758   200.418778600852   199.930448174999   197.563089449422    197.02044302897
#[time: 2.26]
#[time: 2.27]
#[time: 2.28]
  2.289562418   2.289905795   194.403292060574   193.660893810758   195.897376276876    195.27031376266   186.312792127088   191.866885671489
#[time: 2.29]
  2.291504677   2.291518915   194.403292060574   202.368824884828   197.707425885112   197.434403690672   201.705396973591   209.974457409605
   2.29316498   2.293510034   194.403292060574   197.255956775242   198.459225319852   198.491815435087   191.356728651838   187.317158103074
    2.2995282   2.299530254   199.119886669968   197.255956775242   197.206070807658   197.657630179838   197.338372073161   197.420903257604
#[time: 2.3]
  2.306620049   2.307259924   199.119886669968   196.707429610405   206.153719180568   204.964203462738   195.869858903507   196.215760056528
#[time: 2.31]
#[time: 2.32]
   2.32076943   2.321009794   199.119886669968   189.355393507142   202.165708073269   200.906878561309   197.310305798923   195.078269667129
  2.326810852   2.327140682   187.047517138576   189.355393507142    195.60668036404   195.039520671565   191.342480754341   192.784235792336
  2.329892265   2.329896285   192.317494053061   189.355393507142   189.910945545234   191.285924499583   190.912856405873   190.897502225741
#[time: 2.33]
#[time: 2.34]
  2.349265625   2.349296544   187.774135688875   189.355393507142   193.461108824053   192.316255177403   188.428116524968   188.406425499741
#[time: 2.35]
  2.356499779   2.356744223   187.774135688875   193.249323475869   190.232000392665   190.691201112361   194.892808779535   198.715738243333
  2.357519849   2.357704856   193.770109065539   193.249323475869   191.464759413458   193.893712184902     185.7564400971   188.306178427561
#[time: 2.36]
#[time: 2.37]
#[time: 2.38]
#[time: 2.39]
  2.390926451   2.391213068   193.770109065539   199.465387669321   197.264730118083   196.985420608695   197.196586712134   197.790034901904
  2.392940725   2.392988177   200.910320135349   199.465387669321   199.044574188728   202.764540842893    194.99592484458   195.301565555311
#[time: 2.4]
#[time: 2.41]
#[time: 2.42]
  2.423106826   2.423169997   200.910320135349    202.42383037796   206.608189952216   205.357749797117   207.731026837332    209.30736057335
#[time: 2.43]
  2.430270923   2.430757295   200.910320135349   198.697182804142   204.076201182178   204.537607361299   199.070096888279   199.536795006013
  2.431172705   2.431662623   194.974798037059   198.697182804142   200.617020157389   199.978489384732   198.482535866535   199.682038822565
#[time: 2.44]
  2.439901672   2.440201012   200.795933785034   198.697182804142    199.13337992136   201.054865887729   190.472835236016   190.150429285548
#[time: 2.45]
  2.457483447   2.457620525   201.681000969196   198.697182804142   200.325925352238   199.934177664695   196.153937015189   196.849636030913
#[time: 2.46]
  2.460844788   2.460900294   205.144584804425   198.697182804142   206.396007619841   204.438496699904    205.08331276741   202.268041656044
#[time: 2.47]
#[time: 2.48]
  2.481253923   2.481311233   205.144584804425    204.50191105486    200.73091832987    201.63658097374   194.914909787661   194.838832117972
#[time: 2.49]
  2.490244913   2.490599624   205.144584804425   212.650677100298   205.964489864523   205.930230826016   210.069995766565   204.257686007508
#[time: 2.5]
  2.506827795   2.506875186   205.144584804425   213.847175593686   211.375264550196   216.649158743381   207.225414519436   206.694831617472
#[time: 2.51]
  2.512097262   2.512373275   215.312992791237   213.847175593686   210.834208371845   213.302614854209   205.580892093379   205.708311737704
#[time: 2.52]
  2.522518233   2.522627846   212.488016878874   213.847175593686   211.507271272542   211.867185648568   215.406659339854   216.777959998224
  2.524978156   2.525245765   217.500689909295   213.847175593686   214.003111009637   216.681607549029   212.671903948451   212.946432246465
#[time: 2.53]
  2.530173391    2.53072235   217.500689909295   220.421936500009   215.299253689417   215.462227275445     212.7056129032   210.392758658551
#[time: 2.54]
#[time: 2.55]
  2.557177665   2.557696574   217.500689909295   220.739763352322   222.149878035657   223.053142935856   217.768466578486   216.442811627861
#[time: 2.56]
  2.565086604   2.565220031   226.489508874754   220.739763352322   219.597985765059    220.23480051962   217.196638840788   218.859105955204
  2.565521008   2.565781182   226.489508874754   231.092852816211   233.192320120574   228.868261760253   222.281336824216   222.751487823426
#[time: 2.57]
  2.572016366   2.572120462   226.489508874754   220.049483514208   229.467779169679   233.219854434681   216.395094519046   215.026030050787
   2.57678449   2.576955508   222.032484538427   220.049483514208   229.412358520573   224.947027774821   211.928853782727   213.251565247681
#[time: 2.58]
#[time: 2.59]
  2.598630399   2.598672926   222.032484538427   211.645840126456   222.244311925523    221.22329387318   216.005864999962   216.822768784192
#[time: 2.6]
#[time: 2.61]
   2.60983849   2.610105755   225.736882721819   211.645840126456   220.340471433697   218.204340253482   224.102620741584    218.23642153206
  2.612148892   2.612436416   225.736882721819   221.297042100518   227.235932386538    217.43819411389   230.656723767458   225.697226600887
   2.61622741   2.616277713   225.736882721819   229.357694727481   225.315277206423   224.396097649281   224.624297792495   223.369362255263
#[time: 2.62]
  2.622741079   2.623073814   225.736882721819    228.27206467613   231.023215714321   232.108667655425   217.611947357077    217.88912020884
   2.62588102   2.626444944   229.685865875811    228.27206467613   231.441349031756   232.530173892496   222.973299290039   223.339538361558
#[time: 2.63]
  2.630162011   2.630469752   229.685865875811   226.037233687445   235.768768876143   234.999224890566   224.720452469833   224.352533459596
  2.637369812   2.637380931   223.277926620738   226.037233687445   231.607915002467   230.264062003427   225.017434592287   224.269418162557
#[time: 2.64]
#[time: 2.65]
  2.655764055   2.656019702   225.404182138775   226.037233687445    226.21658164995   227.612931338984   234.195848374353   235.356472158091
#[time: 2.66]
#[time: 2.67]
#[time: 2.68]
  2.684394178   2.684443826   227.482809056365   226.037233687445   227.611342228968    227.72194922855   221.033348199871   220.779158829946
#[time: 2.69]
#[time: 2.7]
#[time: 2.71]
#[time: 2.72]
#[time: 2.73]
   2.73372741   2.733805404   227.482809056365   223.032910828126   230.112488339625   229.350019408068   227.672494438263   226.664110755258
   2.73552135   2.736039606   225.419872036252   223.032910828126   229.674679118071   227.817430485271     222.3525704534   223.063373755148
#[time: 2.74]
  2.743560569   2.743765546   225.319470109441   223.032910828126   229.821919079973   228.622580247605   215.549990524637   217.039645155727
  2.744727543   2.744812166   221.074770409746   223.032910828126   221.989979106335   222.469513600402   216.691404132124   215.829638289329
#[time: 2.75]
#[time: 2.76]
  2.767027459   2.767270309   221.074770409746   222.935049986109    222.11250277923   222.137560108388   220.678678342304   220.218439683524
#[time: 2.77]
   2.77089828    2.77101045   224.230802503311   222.935049986109   223.814631525474   224.331502700575   214.325879202008   216.418661596529
  2.774923486   2.775073853   224.230802503311   237.408995192479   230.405102043163   229.733866330789   227.234042421462   235.537530126007
  2.778463139   2.778580629    238.57342156427   237.408995192479   232.633835627889   241.288919139003   233.345973443771   233.423218096377
#[time: 2.78]
#[time: 2.79]
  2.799353646   2.799695542   248.097365015954   237.408995192479   241.333598903853    240.72509538986   242.525718081049   242.649724685891
#[time: 2.8]
  2.802419616   2.802442946   248.097365015954   261.394675276334   247.777683159615   244.335067477926   254.899458124747   258.467211293237
  2.802809946   2.802820395   248.097365015954   257.583782203819   252.051746010747   262.928963850067   252.830466862454   252.819070570121
  2.803479126    2.80375982   261.870097696575   257.583782203819   252.776160223443   256.061875700454   252.051527492287   253.728068300651
  2.805192632   2.805206692   261.870097696575   263.066065805854   259.000599839872   259.272547020298   257.655402619627   256.519077584125
#[time: 2.81]
  2.818871896    2.81904412   255.227918175047   263.066065805854   267.837323789338   268.532470427272   260.895428499398   271.232516105002
#[time: 2.82]
  2.823696411   2.823773298   255.227918175047   255.977997672738    259.39422636292    262.01111216516   252.621632248858   249.136992204923
#[time: 2.83]
#[time: 2.84]
  2.840685091   2.841009365   255.227918175047   258.223430827867    259.03171323816   259.383655083379   258.555836399864   259.789033729028
#[time: 2.85]
  2.851016874   2.851050844   265.378091649451   258.223430827867   257.695115077201   258.133946727384   255.106753587239   258.125364194666
  2.853315264   2.853663169   265.378091649451   264.516463061042   263.834568458932   262.732752090852   269.512110679544    268.79946626205
#[time: 2.86]
#[time: 2.87]
#[time: 2.88]
   2.88756504   2.887566287   265.378091649451   263.330208668146   265.383887088277    265.34947120609   275.868086478809   273.782998120348
#[time: 2.89]
#[time: 2.9]
#[time: 2.91]
  2.911575497   2.911938447   265.378091649451   270.066478430983   262.955924006683   263.147154634513   262.547373539534   260.945179646179
  2.914829697   2.915333573   276.420708967603   270.066478430983   270.036860864682   271.432409272258   266.439983843538   265.084041306688
  2.919510503   2.919634932   265.596273725152   270.066478430983   278.671601353316   277.205685320228   266.221176021324   266.306617682076
#[time: 2.92]
   2.92735097   2.927418051   265.596273725152   270.687930093234   269.387248894319   270.090971433433   265.573896545598   261.352339966939
  2.929251994   2.929974156   275.228492795385   270.687930093234   268.394642858846   274.210560165827   273.708284311314   273.261909968806
#[time: 2.93]
#[time: 2.94]
#[time: 2.95]
  2.952698716     2.9530344   275.228492795385   276.301073620195   276.478430203967   274.632076489904   268.894490291877   268.848447462615
#[time: 2.96]
  2.960961426   2.961962165   275.228492795385   280.453541318703   278.453038426758   278.735850839198   275.863150532404   274.383535826029
  2.962310476   2.962325567   279.058189345489   280.453541318703   281.668448521587   283.540895352541   271.667158103402   270.884960996154
#[time: 2.97]
#[time: 2.98]
  2.981597302   2.981751684   276.581027929563   280.453541318703    277.94364168396   277.142227188486    285.63629619846   290.690127967248
  2.986823116   2.986905686   275.361084153484   280.453541318703   282.377739063327   284.030786156444   277.763344930974    277.68401162389
  2.987702249   2.987951709   279.823776300066   280.453541318703   280.749700585325   281.509802949792   271.096237316121   271.224314508815
#[time: 2.99]
  2.993948095   2.994114418   282.341168446588   280.453541318703   280.491759543027    280.58125222398   272.389030815594   272.088148722603
#[time: 3]
   3.00233484   3.002877527   282.341168446588   281.832774434318   281.491631851531   281.431303561759   285.818781186665   285.156126070333
#[time: 3.01]
  3.010021877   3.010138152   282.341168446588   276.547221576179   288.649336572368   288.290544786878   279.045446242072   279.370659224315
#[time: 3.02]
   3.02491636   3.025083989   274.733562600791   276.547221576179   287.393833598475   283.869707359885   276.345807858683   276.799014106388
  3.026099949   3.026175856   273.499366094627   276.547221576179   282.431399256386   284.050512199785   274.919957610193   274.889949979683
#[time: 3.03]
#[time: 3.04]
  3.044112319   3.044292935   273.142225846257   276.547221576179   278.148650502928   279.342548847439   273.663514500649   273.367963667235
#[time: 3.05]
#[time: 3.06]
#[time: 3.07]
  3.070277006   3.070803356    277.32914840765   276.547221576179   276.289200183091   277.663236834379   269.973296760524    271.14693416978
  3.074402718   3.074912588   273.500133496948   276.547221576179   279.930144732416   272.897028625386   271.580980820796   271.581818627292
#[time: 3.08]
#[time: 3.09]
  3.097273476   3.097625446   285.482806444534   276.547221576179   279.366492636803   280.296809350232   279.768208901181   280.725190447999
#[time: 3.1]
  3.102978611   3.103117421   285.482806444534   284.680560211185   289.302466364176   283.939579682084   277.715311499016   274.211760222542
   3.10767886   3.107725324   285.482806444534    287.04977502135   287.410089873025   287.196381267546   281.655798180698    281.30422259468
#[time: 3.11]
#[time: 3.12]
  3.124194506   3.124267512   285.482806444534   288.160465166391   289.689185338309   290.378993882928   282.249853408587   281.226922968177
#[time: 3.13]
  3.136135381   3.136328208   291.119731770693   288.160465166391   289.379720267762   290.804335448857   281.190295190155   281.369047788358
#[time: 3.14]
#[time: 3.15]
  3.155116952   3.155343256   291.119731770693   285.629312442954   294.468605807562   293.491156969502   290.553532801703   283.361090031907
  3.155561033   3.156122307   291.119731770693   276.439873835081   296.751677179128   292.453718012743   295.916999095891   283.415624888442
  3.156915121   3.157021795   291.119731770693   292.578456726108   292.115422288272   282.221653535738   283.225408140407   282.618912721028
#[time: 3.16]
  3.167591233   3.167820524   298.835076802036   292.578456726108   298.670220815161    299.66698753017   297.100301500215   295.777012440889
#[time: 3.17]
  3.171171785   3.171337723   298.835076802036   293.806036188857   294.270000830391   295.515898345179   306.749560035654   298.718635972778
#[time: 3.18]
  3.181275014   3.181317278   289.585416716016   293.806036188857   302.627262427594   299.154561845418   292.312719881773   290.678401178029
  3.181495786    3.18207477   299.744685075205   293.806036188857   291.899147267356    292.64017559438    296.18045237181   296.477130403932
#[time: 3.19]
  3.191426485   3.191995101   299.744685075205   304.832352456768   300.282409798887   293.127028538388   303.138940629365   304.007992042284
#[time: 3.2]
  3.204407108   3.205312264   311.265364546714   304.832352456768   303.028938388887   305.664087660942   301.481339446345   302.709335910558
  3.209850807   3.209922745   311.265364546714   308.595362636423   309.951383978247   308.945321047548   301.372422122373   304.283681099562
#[time: 3.21]
  3.212643043    3.21346169   311.265364546714   309.980816875209   317.293603444891   315.765145001492   310.150967936579   310.260500416224
  3.215172071   3.215436774   315.552109131915   309.980816875209   314.272848652684   313.300659675105    314.81171839783   311.970523318393
#[time: 3.22]
#[time: 3.23]
#[time: 3.24]
#[time: 3.25]
#[time: 3.26]
  3.259871361   3.260541575   310.998145294605   309.980816875209   315.036327824084   313.249300244807   304.481368607823   305.504100945039
   3.26244648   3.262518572   312.713475860642   309.980816875209   312.535667430428    312.19916260116   306.671867796906   307.308544570748
  3.265034981   3.265067277   302.656962147452   309.980816875209   313.876194319463   313.518285719205   304.162733908111   311.461948903304
#[time: 3.27]
  3.274309937   3.275344717   310.637646634877   309.980816875209   303.490479657479    304.09650437935   313.960875138923   312.655087161344
#[time: 3.28]
  3.287615617   3.288370285   310.637646634877   308.915725611286   315.610571328227   315.281896204291   306.887598018437   307.115793122987
#[time: 3.29]
#[time: 3.3]
  3.300193321   3.300575423   320.367014126355   308.915725611286   310.998529734713   310.632550949733   313.666349576412   314.849887893262
  3.308006739   3.308098329   320.367014126355   321.315707390151   318.814562448318   315.713514014071   320.159238204755   320.094291672863
#[time: 3.31]
  3.310055837   3.310214265   320.367014126355    321.49343086055   325.930823151004   326.175309841294   314.791300813939   313.649756168331
  3.317655787   3.317927429   320.367014126355   326.339329019867   323.604374123788   323.886827443432   321.008588761927   319.106300585915
#[time: 3.32]
  3.320352169    3.32047187   331.015541763425   326.339329019867   324.387832076575   327.229790941459   327.392811972271   328.285600786411
  3.324749679   3.325236195   330.425021703395   326.339329019867   333.518653850926   331.365411684853   327.220030634814   327.353320076009
#[time: 3.33]
   3.33359013   3.333686252   330.425021703395   329.696392168507   330.898900176003   327.939229623806   340.789663970967   339.192636052124
#[time: 3.34]
#[time: 3.35]
  3.354429376   3.354781223   336.275925680017   329.696392168507    330.52750943156    330.45730261298   330.595433397836   332.651472665886
#[time: 3.36]
   3.36189195    3.36213798   336.275925680017   338.439607241847   338.212785888474   333.608368874935   337.493685634389   337.580185090308
   3.36789083   3.367907969   330.960462395485   338.439607241847   340.798373694703   342.070069438528   336.923278928636   342.077469374211
  3.368840748   3.369752408   327.358043665743   338.439607241847   335.641927140605   340.082005982037   331.435982451868   340.955515396329
#[time: 3.37]
  3.370616078   3.370882197   327.358043665743   321.096488415938   332.449723090033   334.800229293081   333.117391794455    328.74474781121
  3.379155891   3.379707013   327.358043665743   314.746892891027    329.47150970822   323.577619764299   335.015337879984   318.185363117095
#[time: 3.38]
  3.383656092   3.383724606   327.358043665743   305.421984201197   330.566754902845   324.485202079402   333.207496551469   312.197121444329
  3.388965183   3.389661703   327.358043665743   334.546375249391   329.568593069913   315.622982917494   326.455749292728   325.364710452752
#[time: 3.39]
#[time: 3.4]
#[time: 3.41]
  3.412209647   3.412751052   336.801995926327   334.546375249391   332.704414429167   335.398158719839   327.009426054609   326.560979965664
#[time: 3.42]
  3.422476283   3.423050422   336.801995926327   343.943912980374   340.341337135896   339.557849276322   334.486852781418   335.293871750488
#[time: 3.43]
#[time: 3.44]
#[time: 3.45]
  3.451657884   3.451987838   336.801995926327   334.113794990731   343.040698508992   344.179072920634   334.991067081594   329.923379473554
#[time: 3.46]
#[time: 3.47]
  3.470624142   3.471510398   336.801995926327   325.506700163174    337.28784932844   337.063528446252   335.112224057056   330.574187908064
#[time: 3.48]
#[time: 3.49]
  3.495243176   3.495304941   329.058666988642   325.506700163174   341.619796246188   328.828804691992   318.794015223852   318.958180717573
#[time: 3.5]
  3.506983498   3.507173289   329.058666988642   321.110266539771   332.443254926827   329.740718512293   323.031184510298   324.935930840094
#[time: 3.51]
  3.509906755   3.510330868   329.058666988642   333.552897151911   328.821528757643   326.110571823124    331.92315827632   336.380450178664
  3.513716705   3.513886548   344.325336956478   333.552897151911   334.449060586997   335.931748952935   338.870469372948   338.924652159617
  3.513948396   3.514084516   344.325336956478   343.634729440734   345.103120199559   337.417304463933   341.479159499158   341.815751563725
#[time: 3.52]
  3.525203792   3.525409846    344.43101532363   343.634729440734   346.638775246204     346.3608626055   352.875237321533   351.495696095712
  3.529176654   3.529358233    344.43101532363   349.201649067728   349.306578450234   348.691409828704   346.658532818039   351.677808785225
#[time: 3.53]
  3.535752134   3.535904701    344.43101532363   344.966707748466   349.113570179378   351.450678175426   340.318937400158   339.720495959591
  3.537571753    3.53789949    344.43101532363   343.586387666982    350.22159697882   350.615676055295   341.866117160673   342.148070175636
#[time: 3.54]
  3.540618558   3.540807714   339.929741637506   343.586387666982   346.028458173712   345.796525194956   345.104750700366   346.097419291819
#[time: 3.55]
  3.552346081   3.552560234   339.929741637506   338.902988408896   345.799724877652   347.570131346043   329.455924151087    329.15171035399
#[time: 3.56]
  3.563928639   3.564108566   339.929741637506    343.92729981418   345.735478000377    345.02388461489   341.129030719791    340.77453729326
#[time: 3.57]
  3.571068358   3.571193642   339.929741637506   338.656314818224   343.227416995116   343.778614011323   338.863365202695   339.305640348707
  3.576438598   3.576450573   339.929741637506   342.822303110691   341.236368613897   340.603065287197    335.59108473149    334.49908025649
#[time: 3.58]
#[time: 3.59]
#[time: 3.6]
  3.607948263   3.608073481   339.929741637506   335.326870090665   341.833502692397    342.32748817433   330.174797848443    334.09025838985
  3.609131989   3.609379858   326.869286310497   335.326870090665   342.848147310056   336.599121229381   335.834286403654   344.196814472795
#[time: 3.61]
  3.610837888   3.610914844   332.844932618314   335.326870090665   330.775897023665    333.23408796925   325.750879739447   326.040697922263
#[time: 3.62]
   3.62621902   3.626256198   331.310831189513   335.326870090665   337.348919674466   338.413564813112   333.914166369147   339.267504319405
#[time: 3.63]
  3.632253791   3.632686048   335.876922143278   335.326870090665   335.291369346187   337.775556209116   337.736248173923   337.389219715888
  3.633748252   3.633862495   335.876922143278   341.658116248099   339.927596010201     339.6671251534   338.756705175353    340.44055133625
  3.635599662   3.636029569   340.113485291008   341.658116248099   342.561108640341   345.369976270834   332.706964513713   331.813652438971
  3.637022561   3.637089304   340.113485291008   342.279228964517   343.399586212822   344.018844713092   338.209153319414   337.341720828217
#[time: 3.64]
  3.642683973   3.642896628   340.113485291008   332.251331033762   345.247375378188   346.421199896836   337.543414973258   336.943998547619
  3.643357252   3.643613842   340.113485291008   341.593175594906   337.869930913233   336.185558672701   336.790043004686   336.186737321713
  3.644845219   3.645018167   340.113485291008   341.511874292238   342.202183843799   339.822112883986    334.83712965901   333.639904463795
#[time: 3.65]
  3.652733171   3.652817422   340.113485291008    353.13961208549   342.157889627667   342.401607032772   346.610371121667   352.664114168389
  3.655733405   3.655821094   340.113485291008   342.706194433013    345.72622229319   357.274262507078   338.622655913632   338.166699707277
#[time: 3.66]
  3.661325195    3.66240076   340.113485291008   353.694608115074   342.155632167775   342.342163233512   346.264092188597   349.622579261958
#[time: 3.67]
  3.677286225   3.678021496   362.723692575396   353.694608115074   342.382501706036   355.926901297974   372.225114192728   361.701539388734
#[time: 3.68]
  3.680147455   3.680357931   351.060340460686   353.694608115074    360.58882654314    358.20328763534   344.086323643993    344.14583627699
#[time: 3.69]
  3.696287185   3.696450164   351.060340460686   364.296005441894   360.138567715843   361.829355050751   358.629445536192   361.824338483022
  3.699081721   3.699108358   363.254806474782   364.296005441894   357.835492830796   365.482921381984    367.33396783622   373.797020477281
#[time: 3.7]
#[time: 3.71]
#[time: 3.72]
  3.720261556   3.720474119   370.015711228285   364.296005441894   365.257895080753   365.478188967411   360.226365676656   361.170868613339
  3.724234526   3.724668663   370.015711228285   363.990160007728   371.755714598206   369.643251745903    363.24622289932   364.569946100052
#[time: 3.73]
#[time: 3.74]
  3.740829571   3.741090999   365.508679582628   363.990160007728   367.518350770401   367.318939316705   355.417795880885   355.454342805771
#[time: 3.75]
  3.754379667   3.754422366   365.508679582628   366.972725518729   365.719829449254   365.292335545316   368.356394477303   369.928972116885
#[time: 3.76]
#[time: 3.77]
#[time: 3.78]
   3.78280067   3.783081655   368.841233256921   366.972725518729   370.004442526416    370.58315224242   364.390440817978   367.002891117589
  3.785166267   3.785233863   373.885688135908   366.972725518729   371.748173358474   371.076779934258   375.073163041829   371.804815986199
#[time: 3.79]
  3.795026553   3.795498043   373.885688135908    377.30629964035   370.017960016113     371.5775866837    368.89275885684     368.7007218364
  3.799605364   3.799646279   379.462905871471    377.30629964035   375.655265366238   376.480193738634   371.290320647696   371.489167547417
#[time: 3.8]
  3.808191098   3.808581247   376.653748270508    377.30629964035   382.087827117437   381.245295872276   369.260356541968   368.697317027567
#[time: 3.81]
#[time: 3.82]
   3.82245929   3.822506702   376.653748270508   376.000208534405   379.916325233262   380.167071994177   366.761817169784   366.771972860026
#[time: 3.83]
  3.830598956   3.830793614   376.653748270508    380.01147090441   375.790849738632   377.826051277505    374.67819486397   373.943221791485
#[time: 3.84]
#[time: 3.85]
  3.851853176   3.852159629   381.596441921403    380.01147090441   380.797633613603   384.500069761112   372.567409708405   372.284568283737
#[time: 3.86]
  3.860725035   3.861588899   396.002561971666    380.01147090441    385.22672419371   384.712651105088   393.065153543717    386.82413006755
  3.865053629   3.865150174   378.056288464711    380.01147090441   396.987668444353   389.951342664512   377.369298651756   376.569897410128
  3.866140063   3.866253954   384.507692163366    380.01147090441   381.375742794492   381.770524548511    375.10439754722   378.720799416772
#[time: 3.87]
  3.878081645   3.878444197   384.507692163366   390.282865426313   392.511558257701   389.196830326878   388.670801887841   392.573064882747
#[time: 3.88]
  3.881713171   3.881857873   393.408357228686   390.282865426313    387.32377024738   387.111852959368    388.95336019215   389.551250125584
  3.885648121   3.885726857   391.196910485824   390.282865426313   394.508449760018   393.868855660488   383.714034574721   383.822814817329
#[time: 3.89]
#[time: 3.9]
  3.903540786   3.903723628   386.884521727065   390.282865426313   393.128698369752   388.879920763731   388.708809438739   388.759688093057
#[time: 3.91]
  3.911456141   3.911480311   391.342084642665   390.282865426313   389.782421143541   390.384636038106   391.602364458958   391.521464756987
  3.914657165   3.914942191   395.075597034029   390.282865426313   391.785545557831   391.571938752858   387.679567894915   388.544956595696
#[time: 3.92]
  3.920364112   3.920541566   395.075597034029   398.943709054057   390.824125142959   391.800083288621   391.886654505995   390.124738940828
  3.923420175   3.923780196   395.075597034029   396.130721071954   399.989500199736    402.47513933522   396.478194750425   391.360903319684
#[time: 3.93]
  3.936931351    3.93703315   395.075597034029   393.623972988601   398.113840071656   398.515263195739   405.514026466971   403.775839118148
  3.937945666   3.938746685   395.075597034029   389.796722552062   396.434724840582   395.958494224387   397.905699267131   389.090383912688
#[time: 3.94]
#[time: 3.95]
#[time: 3.96]
  3.965203511   3.965822141   395.075597034029    410.75044095777   394.048156524488   393.241043769984   401.242987664964   406.551522674894
#[time: 3.97]
  3.973824905   3.973950301   411.597518761819    410.75044095777   402.042494591531   412.652706638256   417.492007540103   416.887166221175
   3.97475559   3.974855593   411.597518761819   416.549521723247   411.701455115279   411.656852650819   414.393165688475   415.907891653684
#[time: 3.98]
#[time: 3.99]
#[time: 4]
  4.008773559   4.008782211   411.597518761819   415.685955239709   415.984960520963   420.194267318523   413.223769162016    412.61712328744
#[time: 4.01]
#[time: 4.02]
  4.023805344   4.023810865   411.597518761819   416.480511643899   413.619613857882   413.602959298962   414.810549968719   415.906264890784
#[time: 4.03]
  4.031046942   4.031130396   411.597518761819   417.222140914653   411.813439729853   417.187020776382   408.005064254394   407.894297233572
  4.031440709   4.031534938   417.781427903128   417.222140914653   416.267574548089   419.098605478183   412.719331239392   412.783416969673
#[time: 4.04]
  4.047141047   4.047169877   414.773758141504   417.222140914653   420.651118896568   420.534018506562   412.380032982363     411.4669883189
  4.048267499   4.048686031   418.330996487876   417.222140914653   417.330974609029   417.878095406953   422.833100961864   422.310930300781
#[time: 4.05]
#[time: 4.06]
  4.067138257   4.067202182   414.345233281718   417.222140914653   422.179558967552   421.359876931601   412.040567051361   410.481256569093
  4.068715489   4.069349038   418.580353510451   417.222140914653     416.5300464498   417.060336719519   409.192319730011   408.853667694498
#[time: 4.07]
  4.075849925   4.075970129   418.580353510451   419.895828352128    420.00394706999   419.352243164253   419.171931544365   412.379772128417
#[time: 4.08]
  4.087429968   4.087691945   421.292182341086   419.895828352128   420.065254576543   418.881953726669   416.566081147796   418.242239847081
#[time: 4.09]
  4.093998318   4.094112716   430.256536620962   419.895828352128   424.258491535707   423.916233015366   426.322294731767   425.056717657362
#[time: 4.1]
  4.100209393   4.100510747   423.430019031491   419.895828352128      437.397866214   422.008404158988   417.039556161396   421.993696557392
  4.107225906   4.107322848   423.430019031491    422.71890498113   423.809732095005   422.943676638867   413.008217680487   413.113988108447
#[time: 4.11]
  4.109579832   4.110412001   423.430019031491   424.819014965493   424.906812838621   424.803097474214   414.240882661857   414.383849887321
#[time: 4.12]
  4.120599565   4.120610791   423.430019031491   424.735093999932   429.414813664786   430.299743910912   414.749975038335   414.266843575792
  4.123458635   4.123719864    416.65130141471   424.735093999932   426.375995182121   426.889879874029   421.778881236557   428.864498764356
#[time: 4.13]
#[time: 4.14]
#[time: 4.15]
#[time: 4.16]
#[time: 4.17]
#[time: 4.18]
  4.181680175   4.181817021    416.65130141471   417.634584182714   420.403022832345   421.410143608846   412.675973400656   411.737536000619
  4.184036452   4.184160561    416.65130141471   415.554994324078    418.83990446169   419.392315617713   411.423554360532   411.566618431719
#[time: 4.19]
#[time: 4.2]
#[time: 4.21]
#[time: 4.22]
  4.222039721   4.222454821   413.722582369558   415.554994324078   421.102901756259   420.427113363419   408.303967196306    407.80239160803
#[time: 4.23]
  4.234442666   4.234469804   417.832271913092   415.554994324078   419.900576701835   421.170569023138   414.116095215181   414.560974730157
  4.238399833   4.238507409   417.832271913092   419.257028906557   418.564708025162   417.916693818574   413.510098747479   413.244361770204
  4.239467899   4.239617798   417.832271913092   425.279362064627   418.638444635241   418.647101820805   420.746965636048   418.957931609029
#[time: 4.24]
  4.242704876   4.242894447   430.720551182163   425.279362064627   422.936863238524   427.765757360117   428.301812259025   428.165561537032
  4.243006363   4.243478925   421.209073243671   425.279362064627   433.316358870477   430.657385827712   425.805409523918   428.085007472501
  4.245722985   4.245772231   421.209073243671   422.088111035435   423.615270634402   424.779542562327    423.09404620384   423.432640262517
#[time: 4.25]
  4.251759062   4.252164269   421.209073243671    419.85098143165   422.629955210593    422.86070918373   420.519641032375   419.435751578172
  4.253639869   4.253737182    422.51474568901    419.85098143165   419.860553480705    419.93250665799   412.051943720818   412.106066698587
#[time: 4.26]
  4.267920261   4.268263641    422.51474568901   423.707946094394   421.741102899692   421.273307521412     423.0954702557    423.09291449259
#[time: 4.27]
  4.275284435   4.275510102    422.51474568901   420.030944312713   427.261133322946   427.981892652722   421.812632549407   421.717945292938
  4.278339874   4.278824832   424.548027292395   420.030944312713    423.23321438683   422.181312965914   434.986428870671   429.647752369305
#[time: 4.28]
#[time: 4.29]
  4.298990883    4.29900243   424.548027292395   433.493037663487     424.9748325497   423.834305666058   429.090254679751   425.590995729693
#[time: 4.3]
  4.301337345   4.301787943   424.415487752754   433.493037663487   430.393359104494   435.134386365073    429.11837988697   435.067669825629
   4.30346882   4.303800459   438.500003303072   433.493037663487    430.91715447752   437.606887756327   437.970747377609   436.644097227069
#[time: 4.31]
  4.319727351   4.319814142   438.500003303072   447.134228706473   437.530089971481   436.586786992033   442.953987508791   443.065514361333
#[time: 4.32]
#[time: 4.33]
  4.335670512   4.335758386   438.500003303072   443.421892703387   443.053967384892   445.151472572396   432.256007992152    433.05057442802
#[time: 4.34]
#[time: 4.35]
#[time: 4.36]
#[time: 4.37]
#[time: 4.38]
  4.382065605   4.382787909   449.121910413999   443.421892703387   446.475900727131    450.78588849358   441.112415542642   445.206585010532
  4.385174572    4.38567017   449.121910413999   447.616375162857   444.799653626255   446.093038406713   443.849020833369   444.281112846862
  4.389460934   4.389495026   449.121910413999   451.822318161663   453.708222717287    453.08205365481   444.548354000951   442.502381095175
#[time: 4.39]
#[time: 4.4]
  4.400987597    4.40105377   449.121910413999   451.786509060684   453.477647112334    455.00518339972   441.815196712513   441.811748841671
#[time: 4.41]
  4.416552666   4.417015461   446.863662294716   451.786509060684   456.815972335786   458.741569519527   450.575566337158   454.445324241878
  4.418209345   4.418529067   446.863662294716   445.785697424794   449.200374629038   449.151462832018   437.434424771779   437.639107884929
#[time: 4.42]
#[time: 4.43]
     4.436262    4.43631555   446.863662294716   444.738413795375   451.292846369627   450.550271236353   437.461253184911   437.886167115459
#[time: 4.44]
   4.44069369   4.440726054   438.574919963703   444.738413795375   448.943380159524    442.70126450338   440.708518376116   440.243452537716
  4.440911613   4.440922294   447.958267274864   444.738413795375   445.260455722736   448.330230479093   442.686101694022   443.383022714011
  4.441976683   4.441999414   447.958267274864   466.103658504365   448.649554949494   447.995235082051   452.593053338381    463.12710654182
  4.447720934   4.447786322   447.958267274864   451.569166920085   454.291451134449   462.232876550159   450.374558282596    450.86483502715
#[time: 4.45]
  4.450746649   4.450754569   460.097534311755   451.569166920085   454.222894094789   456.857313909808   455.468189373952   455.573127410176
#[time: 4.46]
  4.467591292   4.467614523   460.097534311755   465.158482736314   460.694766510351   457.932588146173   462.239918819326   461.892929612284
#[time: 4.47]
  4.474263174   4.474523957   460.526870968297   465.158482736314   461.731343216129   469.563522817843    461.89635167116   460.602314816057
  4.479965576   4.479996499   473.097299453126   465.158482736314   466.007664984643   469.976924480522   466.532152660975   468.590833198957
#[time: 4.48]
#[time: 4.49]
#[time: 4.5]
  4.503540845   4.503688146   466.046294031209   465.158482736314   473.881049046321   469.996740304875   459.510442455776   459.902204091837
#[time: 4.51]
#[time: 4.52]
  4.520274389   4.520301459   464.119753928925   465.158482736314   470.058365975208   469.753289763601   460.755055808255   458.158965742343
#[time: 4.53]
#[time: 4.54]
  4.543348192   4.543509955   464.119753928925   466.763626286136   463.219276258005   463.092385689942   457.305654304893   456.326254534312
  4.549139411     4.5494406   464.119753928925   458.049660490048   472.832925710732   474.729037195091   459.890164794527   448.178194570905
#[time: 4.55]
#[time: 4.56]
  4.560513643   4.560569337   462.389143477176   458.049660490048   465.129163133902   463.136916540225   452.396834302071   454.703822967549
  4.562189876   4.562309848   462.500177930132   458.049660490048   463.681501969286    462.37636972625   453.175799506878   454.284643171617
  4.567701428   4.567758195   462.500177930132   470.039898084502   467.580527873244   465.327545804065   463.460940264108   460.805960420489
#[time: 4.57]
  4.571846863    4.57193139   462.500177930132    467.17273878887   468.235373977174   474.719735815006   461.895600475927   460.885151399263
#[time: 4.58]
  4.586389644   4.586413969   462.500177930132    465.78703022386   465.889240465431   466.465108928685   467.143427406512   471.189487475988
#[time: 4.59]
#[time: 4.6]
#[time: 4.61]
#[time: 4.62]
#[time: 4.63]
  4.631327046   4.631465782   464.230853758785    465.78703022386   470.285292239618   472.412788911306   457.681471169701   457.806904783664
#[time: 4.64]
#[time: 4.65]
  4.657420207   4.657506809   464.230853758785   448.351944651406   467.152150075926   467.645659067382    473.84493334631   453.381702476582
#[time: 4.66]
    4.6606267   4.661056703   454.087441699999   448.351944651406   461.708064377949    455.13293134133   450.419928153497   450.841696320956
#[time: 4.67]
  4.677631438   4.677681482   447.592039441982   448.351944651406   454.996315297564   452.484267583459   442.895082474688   442.514468354168
#[time: 4.68]
#[time: 4.69]
#[time: 4.7]
#[time: 4.71]
   4.71037955   4.710391121   447.592039441982   461.433459055728   450.798495703338   451.056388234282   456.165809153303   460.849454280638
   4.71787186   4.718209158   471.092632613719   461.433459055728   457.505455515526   467.141967594022   470.761492234305   462.000360988493
#[time: 4.72]
#[time: 4.73]
  4.731811449   4.732479985   471.092632613719   467.836913170248    471.30334339926   466.706906495371   479.939592063195   475.110508774608
  4.734386077   4.734517525   471.092632613719   467.798070215777   472.396762008225    471.03979431318   469.711115108494   470.785887434089
#[time: 4.74]
#[time: 4.75]
  4.751027732   4.751289696   471.055426718704   467.798070215777   471.194310687857     470.6092285927   461.674190414263   461.933335959049
#[time: 4.76]
#[time: 4.77]
  4.778548922   4.778637483   469.451880513466   467.798070215777   475.882795548288   473.960845157692   465.717859373772   466.701984522193
#[time: 4.78]
  4.780235934   4.780414476   469.451880513466    477.65545825067    472.79397916551   471.993844646812   474.057210703078   475.479347274424
   4.78356318   4.783770421   473.809458839488    477.65545825067   475.859357714451   480.040194558445   481.309784144353   483.637465578694
  4.784767322   4.784969939   473.809458839488   462.444352157758   474.846662398429   477.988808329679   479.345077142692    466.96619577716
#[time: 4.79]
  4.790986523   4.791388777    460.26928141455   462.444352157758   470.888688984134   467.521795687941   458.077935505548   457.399987995702
#[time: 4.8]
#[time: 4.81]
#[time: 4.82]
#[time: 4.83]
#[time: 4.84]
  4.847130191   4.847316903   463.945452619646   462.444352157758   466.943375102709   468.091479744791   453.612771341669   453.271149780345
#[time: 4.85]
  4.853218861   4.853238605   467.981773580019   462.444352157758   468.484667474626   467.651988621798   470.157487153618   467.906105976369
  4.859806943   4.859943379   452.932539685122   462.444352157758    467.08350366658   465.552148627728   457.793309746049   469.225732040288
#[time: 4.86]
  4.863288973   4.863432138   465.799722524919   462.444352157758   458.867232765535    465.49395119825   457.104318063865   456.648285113763
#[time: 4.87]
  4.874652512   4.874829429   465.799722524919   459.690928749721   467.783834473987   466.065954808942   475.945382266412   467.671607051851
#[time: 4.88]
#[time: 4.89]
#[time: 4.9]
  4.900189244   4.900354123   465.799722524919   471.202287986003   465.072403177137   464.259673300738   469.233942100975    469.90196348779
#[time: 4.91]
#[time: 4.92]
#[time: 4.93]
  4.936890794   4.936958822   472.585769012688   471.202287986003   470.229666101398   471.537835199275   465.782854289091   469.551415621533
#[time: 4.94]
   4.94507944   4.945165648   472.585769012688   463.057022013456   480.061668211732   478.927086900854   469.308011748098   467.439648836923
#[time: 4.95]
  4.950137545    4.95016249   464.159689228234   463.057022013456   479.042609858424   466.805359284824   459.786015314551   459.803865985578
  4.951827924    4.95193288   464.159689228234   467.532445986357   472.319966953803   471.141023853121    468.67213803388   471.608729105628
  4.952770376    4.95281003   472.010857998309   467.532445986357   467.892547154528   470.965347464713     463.6574203353   465.929920565823
#[time: 4.96]
  4.962899095   4.963344827   472.010857998309   474.312015120775    475.72055282117   472.047244642522   467.239329543523   466.870809178124
   4.96553536   4.965577848   472.010857998309   483.154687466546   475.988030653558   476.090687198446   477.551398001791   477.446227826805
#[time: 4.97]
  4.971474957   4.972015902   472.010857998309   472.863092122345   476.814276332964   481.205149854843   463.306720042563   462.624661783907
#[time: 4.98]
   4.98554177   4.985593874   478.066572961624   472.863092122345   476.832453111313   477.138604094375   480.040812096238   476.347517043059
  4.986289553   4.986573262   477.729813603068   472.863092122345   483.130219698662   479.252195006967   472.315105602584   472.571185648719
#[time: 4.99]
#[time: 5]
  5.002538509   5.002715849   470.641909419855   472.863092122345   483.814934976348   479.517816116184   465.424916437647   465.743022736573
  5.002978766   5.003724764   470.641909419855   473.902396381017    475.82989592219   477.315636427832   462.845470283598   463.522177010587
  5.004753423   5.004798725   470.641909419855   476.286837054645   475.128250781397    476.60494492868   475.066692649445   465.945104046139
  5.008065642   5.008421012   470.641909419855   471.428638105964   474.983304712484   476.300929855602   467.641145956962   467.002103068533
#[time: 5.01]
#[time: 5.02]
  5.024772478    5.02481956   470.641909419855   473.787762107684   474.796980041305   475.117184900121   465.789136115999   464.449167179039
  5.027677323   5.027737134   470.641909419855   466.016231041953   476.153542995391   477.396578869187   468.349963937706   468.331942459828
#[time: 5.03]
  5.034723915    5.03478149   469.394349771318   466.016231041953   463.163954411824   466.589922209873   459.456958358353   459.817490769813
  5.038499436   5.038888951   466.607127551235   466.016231041953   471.125751213739   470.348479828587   465.737377985128   465.810269223148
  5.039684464    5.03983581   466.607127551235   471.067628771693   469.467412120992    469.13291257896   474.358616568215   478.486864630747
#[time: 5.04]
  5.043201743   5.043513861   466.607127551235   476.112012849336   473.714820758885   475.947569709922   471.373393690524   471.316605075628
  5.045352844   5.045360358   478.443802017118   476.112012849336   471.528057618453   471.878641490908   468.223327876676   468.508447553229
#[time: 5.05]
#[time: 5.06]
  5.066861468   5.066895526   478.443802017118   481.838142060332   476.213608089761   476.416914660331   477.641752894899    474.25025668053
#[time: 5.07]
#[time: 5.08]
  5.088376118   5.088560296   483.399620252144   481.838142060332   480.219560196177   481.388600466991   475.738064958001   477.628722359308
#[time: 5.09]
  5.098470059   5.098471881   490.964861574901   481.838142060332    482.57546826994   482.578744846263   481.755511266978   482.659141723197
  5.098615856   5.098799454   491.483662474961   481.838142060332   488.531654486301   486.285141792882   486.132428863738   486.587972893247
#[time: 5.1]
  5.104813271   5.104905741   491.483662474961   495.532388568523   487.261163762078   486.723933745619   493.528699799773   493.396184795247
#[time: 5.11]
#[time: 5.12]
#[time: 5.13]
  5.135082268   5.135404003   491.483662474961   487.259146476244   495.677588986063   496.555498530819   490.973750710384   490.450712479922
#[time: 5.14]
#[time: 5.15]
  5.153101521   5.153596044   492.126768901908   487.259146476244   496.581397866907   492.956644514637    481.63857289777   481.450623970672
  5.155439999   5.155755448    472.82608664944   487.259146476244   492.216139598823   491.028354033267   478.324895298975   493.480603937487
#[time: 5.16]
  5.166949024   5.167029971    489.81999046098   487.259146476244   479.459467419441   487.791159458896   482.100818359195   482.437881322234
#[time: 5.17]
   5.17308522    5.17400824   488.281104049142   487.259146476244   491.079421978573   490.095475377638    486.85113014579   487.026516436666
#[time: 5.18]
  5.180515053   5.180740852   488.281104049142   482.772484472565   489.653369103211   489.209270689254   487.551817359148   486.404844894896
#[time: 5.19]
  5.196283724   5.196300335   485.530239031086   482.772484472565    487.94595464021    486.83063368349    488.14513114551   487.247347981303
  5.199456939   5.199784937   479.459613943745   482.772484472565   488.777564181958   487.204954513572   481.599480606205   482.985394032945
#[time: 5.2]
  5.208229807   5.208397934   475.991405883281   482.772484472565   483.725558536345   485.517891783528   482.314711183059   491.737771340462
#[time: 5.21]
  5.214388559    5.21438962   475.991405883281   482.685002435262   478.914162510164   480.551016575606   478.488030146912   477.786206627989
  5.219546368   5.219959692   477.879894298499   482.685002435262   481.298124070208   485.103731326688   476.480057648592     475.9366373314
#[time: 5.22]
  5.223471222   5.223595317   481.807534166218   482.685002435262   483.384336140518   486.627656178976   483.550803992138   483.743912415024
#[time: 5.23]
#[time: 5.24]
#[time: 5.25]
#[time: 5.26]
#[time: 5.27]
#[time: 5.28]
  5.281449086   5.281622839   481.807534166218   489.084927612607   486.314394311301    486.87210828728   477.845974621223   478.614203772401
  5.281787819   5.281948885   498.604819516179   489.084927612607   488.539900098387   492.874382879166   488.996934572231   490.525635383831
#[time: 5.29]
#[time: 5.3]
  5.302183923   5.302255787   487.151863993156   489.084927612607   497.030467721306   494.690769547556   496.220630969056   498.771604730803
#[time: 5.31]
#[time: 5.32]
  5.321102015   5.321150191   487.151863993156   489.200804864737   489.801932346668   490.935810768309    487.81263992296   489.501061319026
   5.32678277   5.327010286   491.374147392995   489.200804864737   490.133044907086   491.012502147559   488.165369133815   490.366977789853
#[time: 5.33]
  5.333026032   5.333208833   491.374147392995   492.103504873485   496.690705090403   495.248142237704   499.513263237781   500.721111606167
  5.333209477    5.33329212   484.439959967095   492.103504873485   492.263162177401   492.263574449698    489.36597185573   493.432241011142
#[time: 5.34]
#[time: 5.35]
  5.350507995   5.350532658   484.439959967095   484.975366743924   491.524079217399   494.155644995084   479.444939609878    479.26795076677
#[time: 5.36]
#[time: 5.37]
#[time: 5.38]
  5.383443835   5.383693987   480.050199006227   484.975366743924   482.045777592058   481.982085757253   485.744508432725   486.025301949662
#[time: 5.39]
   5.39246598   5.392879582   479.922817373141   484.975366743924    484.35096372196   485.223273985506   484.519541650161    486.25745335216
#[time: 5.4]
  5.400674848   5.400703385   486.496268048013   484.975366743924   483.743265048861   484.480492082953   492.203245030366   490.775595643397
  5.404261256   5.404375595   492.917811207994   484.975366743924   488.758105074719   487.491058056085   491.824708068535   487.998062702115
#[time: 5.41]
  5.411663196   5.411674339   485.819742111234   484.975366743924    488.94652654567   488.946577766367   486.270483019129   486.083939808735
  5.416871933   5.417190503   485.815225803946   484.975366743924   486.010245213918   485.946411296008   485.122076573433   485.204419736687
#[time: 5.42]
#[time: 5.43]
#[time: 5.44]
#[time: 5.45]
  5.453060664   5.453068855   489.544241254892   484.975366743924   491.552060483702   491.033880022912   484.200000186293   484.929984734952
#[time: 5.46]
  5.460238561   5.460312961   489.544241254892   482.912224957706   490.248388190443   489.241804189773   491.720114181728   487.409116675015
  5.460391562   5.460413552   489.544241254892   478.099264747004   486.205406232312   486.226440657189   497.718134528891   485.699829183554
  5.463731567   5.463769206   489.544241254892   492.392130949088   486.736704577332   483.715937426065   482.828219573326   482.444476577263
#[time: 5.47]
  5.472189925   5.472277877   489.544241254892   486.456364960512   491.692515147856   492.393212750263   483.302183197037    484.18333509353
  5.474161696   5.474232234   489.544241254892   490.206526078761   492.755323661526   491.915909541572   494.012437747665   495.975627194133
#[time: 5.48]
#[time: 5.49]
  5.490453992   5.491052484   489.544241254892   495.841380887032   492.246287239771   492.714703407467   489.810789880897   487.847035335659
  5.494992715    5.49533596   489.544241254892   482.282426124251   493.657945466184   497.740678017641   499.188385943107   489.830571215943
#[time: 5.5]
  5.502004476   5.502043419   489.544241254892   491.922587848091    494.11600492056   489.355107380296   487.061484589725   486.813186119505
   5.50345881   5.503614845   482.387238624768   491.922587848091   494.848799345937   496.568523373093   487.263081656639   490.639369043395
  5.507842932   5.508406411   482.387238624768   485.087269770418     483.2514683579   489.367535630294    481.06859654969     479.5542762849
#[time: 5.51]
  5.513646587   5.513753023   478.755215030255   485.087269770418   488.066960406708     489.7515890684   480.692606343448    478.55447014361
#[time: 5.52]
  5.522834445   5.523073968   486.084759029029   485.087269770418   486.182633363884   489.341161908887   493.755730348005   487.458909775949
  5.526816245   5.527322781   487.264389519989   485.087269770418   490.881532606326   490.147940346267   477.535516474304   479.840782249155
#[time: 5.53]
  5.531940062   5.532267076   487.264389519989   491.171260791487   486.736542404523   486.578703127667   479.739896211373   485.473414941587
#[time: 5.54]
#[time: 5.55]
#[time: 5.56]
   5.56972826   5.569730953   485.540458679199   491.171260791487   490.221036458979   491.068956212192   490.995220789425   493.555560649404
#[time: 5.57]
  5.571307553   5.571376843   485.540458679199   489.770496929839   490.696100002437   491.631478651111   481.028351841394   479.460306599212
#[time: 5.58]
  5.582424109   5.582693128   491.226511766694   489.770496929839   490.929014010285   492.850612950659   497.336186805833   495.539472813248
  5.585625558   5.585847675   491.226511766694   493.438952003343   492.297969882337   492.083995178297   492.221504916878   489.348648436098
#[time: 5.59]
#[time: 5.6]
#[time: 5.61]
  5.611152642   5.611950852   498.043105300216   493.438952003343   492.263404673067   492.428461633623   488.401880145977   488.309751912027
  5.618571311   5.618660964   498.043105300216   502.398945143267   500.078886020204   497.844201835413   498.068487509309   495.873461078993
#[time: 5.62]
  5.625112906   5.625251747   498.043105300216    500.73400108934   500.605175449745   500.659024241071   499.270544434682   490.729715652931
  5.625330454   5.625435839   498.043105300216   499.352682384993   501.032033592812   502.144977787708   507.982752374651   509.591065990418
#[time: 5.63]
  5.631183942   5.631565418   498.043105300216   527.533210709873   498.714920419913   498.754127731133   506.415425947263   521.106505528864
   5.63615324    5.63731857   534.866403824983   527.533210709873   506.946060124715   532.599328304505   537.021478764359   533.822440597565
  5.638947678   5.639392181   530.390107179368   527.533210709873   533.483642115802   530.889419309243   519.983494848823   520.926407036373
#[time: 5.64]
  5.649474692   5.649693109   530.390107179368   529.457403546032   532.343862916784   529.082627751906   520.847243275779   521.231904930979
#[time: 5.65]
  5.659116162   5.659258406    536.86413374764   529.457403546032   531.837069569999   531.690827821555   534.824442746076   533.489480409439
#[time: 5.66]
  5.662819926   5.663688839   540.737545910315   529.457403546032   535.453454713586    533.69644516706   537.300005304145   532.880258405365
  5.667220078   5.667328556   530.627334782745   529.457403546032   546.218574636576   537.816178633339   525.029288347034   525.297774560385
#[time: 5.67]
  5.679302869      5.679806   530.627334782745   536.552968706517   534.651584221697   534.201529582031   531.846464887247   531.006056816285
#[time: 5.68]
  5.685522927     5.6856231    546.52540444821   536.552968706517   533.745893710455   536.013948030058   547.577406030837   542.791409333535
#[time: 5.69]
#[time: 5.7]
  5.700365903   5.700390866   553.144171842657   536.552968706517   551.694152159044   540.118343098962   550.690976997537   540.806752100158
  5.705533474   5.705715348   553.144171842657   561.370365458514   544.777023762997   544.887170271581   557.160595120708   555.182231636135
#[time: 5.71]
  5.711278473   5.711333267   553.144171842657   555.471163857327   557.955812760461   561.944940600838   545.267585921203   545.481244155009
    5.7165845   5.717324145   554.377382095932   555.471163857327    558.98799970683    559.81627557799   547.049248768956   547.084002968598
#[time: 5.72]
  5.722738699   5.723117578   554.377382095932   562.049358076932   554.795456448891   554.766847588797   556.696766984593   554.648617363654
#[time: 5.73]
  5.733136596   5.733345683   565.060241245947   562.049358076932   558.433429159765   559.123602437158   554.877800663245   554.172882569319
  5.733582691   5.733620699   565.060241245947   571.751981874778   561.431802958938   565.144680605779   567.597628513531   567.655280866275
  5.738770894   5.738860498   570.512484892924   571.751981874778   566.409335660314   574.722366111428   560.152873678592   564.410614851133
#[time: 5.74]
  5.739937672   5.740021886   570.512484892924   573.247089094251   572.447816939751   572.561651987755   562.380357981737   562.898305286746
#[time: 5.75]
  5.755358325   5.755386479   569.410606416245   573.247089094251   576.209544883234   576.912574938489   564.025180566367   564.069204123613
#[time: 5.76]
#[time: 5.77]
  5.777149517   5.777594405   574.893084214724   573.247089094251   574.755269579614   579.360728726186   567.101636372054   566.957561646724
#[time: 5.78]
  5.785118009   5.785311986   574.893084214724   576.548057773717   577.666634789557   577.222078294765   570.179081761869   569.765371851838
  5.786452513   5.786614037   574.893084214724   576.842103311988   575.454214605833   575.436724902954   570.328039733169   570.191129316094
#[time: 5.79]
#[time: 5.8]
#[time: 5.81]
  5.811694489   5.812036718   582.419723253549   576.842103311988   577.075639136423   578.098695175588   577.931047129417   579.080154257604
#[time: 5.82]
#[time: 5.83]
   5.83162347   5.831626254   582.419723253549   588.950498011766   587.579704638665   583.895413760537   585.417762236085   584.954714881742
#[time: 5.84]
#[time: 5.85]
#[time: 5.86]
  5.862902911    5.86345555   582.419723253549   583.903134475299   585.338882646046   588.102891280753   577.606859993094   576.717603792477
#[time: 5.87]
  5.870262561   5.870313099   568.645547448103   583.903134475299   586.920914172388   587.671575200245   576.231503684236   585.789268796019
  5.879601577    5.87964745   568.645547448103    571.49100328938   574.687465209964   588.045096695331   565.548058515046   564.449417700794
#[time: 5.88]
#[time: 5.89]
  5.890714056   5.891032836   572.809579890665    571.49100328938   574.573626851614   576.080980675226   565.313675190696   566.189173975343
   5.89622291   5.896223955   572.809579890665   574.941323971186   574.305299570513     574.0882833198   565.647746949406   565.313092807063
#[time: 5.9]
#[time: 5.91]
  5.919548759   5.919918304   572.809579890665   576.742775271169   576.410067181266   577.449187181647   572.903191763112   571.217437409996
#[time: 5.92]
  5.926590236   5.926682426   579.291706867346   576.742775271169    579.33060326868   581.197157350885   582.648249221646    577.92922233095
#[time: 5.93]
#[time: 5.94]
  5.940224581   5.940238029   581.464940274212   576.742775271169   579.474174161112   578.219673182167   570.981620478763   569.999702054026
  5.940416687   5.940546272   581.574833889336   576.742775271169   584.175315220259   577.226166667881   573.167308758997   573.606530734042
   5.94575074   5.946037261   581.574833889336   590.394205245839   580.617551732484   579.873419876578   584.017033312584   583.270788441648
#[time: 5.95]
   5.95585567   5.956394161   581.574833889336    582.18288094778   587.692295962262   590.899035029572   577.079726860407   573.337248162646
#[time: 5.96]
  5.962477772   5.962643087   586.042687350753    582.18288094778   581.858240723187   581.857243311186   578.173430797031   577.788972512647
#[time: 5.97]
  5.975877065   5.976385248   576.624812328917    582.18288094778    591.61552169301   587.689810803251   574.347970651638    574.00013439542
#[time: 5.98]
  5.989415403   5.989805663   576.624812328917   577.217111079175   581.033106508884   582.895783977536   568.653245710552   566.791069135455
#[time: 5.99]
