# command line: ./generate_stepping_data --eqb 120 --lt 23.8 --nomovie --ct 0.2 --eqt 0 --cb 0.1 --framerate 1e-10 --k_ub 350.0 --k_b 10000000.0 --seed 1.0 --ls 10.49 --dt 1e-10 --eqmpost 224 --eqmpre 200 --runtime 1.0 --exp-unbinding-constant -0.2 --cm 0.4 --label paramSearch-goodkbsearch



#********paramSearch-goodkbsearch__k_b-1e+07,k_ub-350,c--0.2,cb-0.1,cm-0.4,ct-0.2,ls-10.49,lt-23.8,seed-1,dt-1e-10********
#time_unbind, time_bind, nbx_bind, fbx_bind, nmx_unbind, fmx_unbind, nmx_bind, fmx_bind
#[time: 0]
 0.0010165038  0.0010191972                  0  -2.13119369011489   2.21909449541351   2.50143959830765   2.99878289093227   1.14783457140882
  0.001811603  0.0025758658                  0   0.52881102559548  -0.22577565966505 -0.602618575841336  -5.99894507142799  -6.04385015611924
 0.0039129414  0.0040124986                  0   6.63346887209887   1.50623688253034   1.59364839660433   3.31433401687897   3.23407449895342
 0.0043194895  0.0044423619   9.22184687251412   6.63346887209887   6.00641931796128   9.12475434470371   1.00347580016325   3.83156326758412
 0.0060166847  0.0064475718   8.62334720309215   6.63346887209887   10.9319286896057   10.2429960918719   3.43066804994273   4.17842062821506
 0.0069208279  0.0070128209   12.3130513525614   6.63346887209887   11.3918739414247   10.3817077738283   4.30961609053192   4.89362431899655
 0.0085153668  0.0085905807   12.3130513525614   11.6303238385189   14.9862536585888    11.823331369456   7.29977413084481   7.60872147443227
#[time: 0.01]
 0.0099586684  0.0104164057   12.3130513525614   13.3120845683339   16.1307158277481    15.771048457383   9.71132088126506   8.14888124142175
 0.0119078676   0.012069196   12.3130513525614   14.1430073845762   15.3332528512202   15.6995617888849   5.29367934221128   5.15401304058421
 0.0125346257  0.0127101753    10.592110015305   14.1430073845762   13.8695068155857   14.1295673008335   7.71094746805561   6.41813109547296
 0.0135738673  0.0136304761   11.1386065518619   14.1430073845762   13.2305175281138   13.5502628016069   9.57054518170422   8.97463012903638
 0.0166403065  0.0169539148   26.6973586733171   14.1430073845762   13.9033460087381   14.4365283451615   23.4017272310841   20.4328714992828
 0.0178017096  0.0179116763   26.6973586733171   32.7533684475234    32.152206672875   20.6717721080009    29.640547773137    30.013692226635
#[time: 0.02]
 0.0243123214   0.024530388   26.6973586733171   27.3056101741773   31.3908053276113    34.158146209777   29.4065860126043     29.57334568882
 0.0252157323  0.0252243526   20.6753168044512   27.3056101741773   29.0377456085022   29.2741765141113   22.5934568242667   24.7572343033938
  0.028338733  0.0284128811   20.6753168044512    19.590792466686   24.3898551774297   31.4080718869802   17.8618889022753   15.6906316910733
#[time: 0.03]
  0.030780736  0.0312394358   20.6753168044512   19.3016120486407   21.5709281795932   21.4206198126696   20.0011656498915   19.9819738858352
 0.0335449354  0.0337546126   20.6753168044512  -1.31879647179263   25.7733595880312   25.0581124669309   18.3235860951412   7.60368238953723
 0.0344516753  0.0351679702  -3.42837643843284  -1.31879647179263   18.2380859876225   5.75788799863198 -0.194527225631393  0.219805785059222
#[time: 0.04]
 0.0421426542   0.043336716  -3.42837643843284  -12.5091727626863  -4.27310528469094  -4.46056483730989  -3.53257180245571  -10.8040695782125
#[time: 0.05]
 0.0498262292  0.0500572842  -3.42837643843284   -4.3822859864365  -3.73413526274945  -6.06380261563859  -8.66695020453539  -8.50421941681362
   0.05112297  0.0513269979  -3.42837643843284 -0.0523394108897457   -0.6028382094789  -1.00696286449108  -2.49880339560798  -3.93440119437601
 0.0545054184  0.0546352973  -3.42837643843284  -3.97728780249428 -0.160649672277981   1.14600488306897  -13.2523181139648  -12.5715188539335
#[time: 0.06]
 0.0617264149  0.0619041841  -7.03878799785672  -3.97728780249428  -1.68156696534502  -1.96444403706949  -5.27316488949885  -5.16572634174187
 0.0661557708  0.0665535145  -7.03878799785672  -3.29967106927885  -2.41330426956277 -0.839263511728844  -4.49377573107676   -4.0607696844757
 0.0665945092  0.0666112208  -7.03878799785672  -8.35976223550183  -4.31269496463409  -2.42853205637468  0.120214517990841  -1.99563438127209
#[time: 0.07]
#[time: 0.08]
 0.0843701682   0.084495214  -7.03878799785672  -3.95632765386814  -6.74999817372487  -6.85860995935398  -7.73633488437719  -5.54858932144476
 0.0852790846  0.0857551694  -7.03878799785672  -12.5039133575655    -4.211742087486  -2.97908055482521  -3.89830517074072  -12.0902130656303
  0.086683979  0.0876826593  -7.03878799785672   -10.745900157882  -6.74916396811312  -8.07319283649594  -4.85974610721782  -5.83912665127239
 0.0890863839  0.0891350119  -18.1541430843417   -10.745900157882  -6.46741322316143  -7.51197703491322  -13.9428648412802  -6.63901133379585
#[time: 0.09]
 0.0900792385  0.0901600109  -2.58296656495867   -10.745900157882  -10.6234746815974  -6.05918445599071 -0.497041629270492  -6.03999245975353
 0.0915789361  0.0924106315  -9.41904097307191   -10.745900157882  -1.39818980079234   -8.1300548408169  -6.79688476824111  -11.5227235267925
 0.0926836889   0.093284607   -11.580922834252   -10.745900157882    -8.990756511492  -9.07008934761685  -8.12909585115354  -6.59444891432502
 0.0937112859  0.0945386729   -9.6251053107094   -10.745900157882  -13.6725960629661   -14.006756962482   -19.738708635496  -19.5521549987788
 0.0951461062  0.0952927767   -9.6251053107094  -5.24142095916652    -8.081151181867  -8.26208343346354  -6.74626870927953  -5.64355714413434
  0.097279471  0.0973390683   -9.6251053107094  -10.7725539318224  -6.23845613134584  -4.52839301914589   -18.028738706897   -16.523438461743
 0.0981401091   0.098271168  -10.1416982262694  -10.7725539318224  -6.83144980999595  -7.12758429893807  -8.30049525666406  -8.74558055842091
 0.0994219004  0.0994870435  -10.1416982262694 -0.743675383659607  -7.88804400489605  -8.01035612530778  -2.52231820011541   4.95741514371657
#[time: 0.1]
 0.1052092804  0.1054227417  -10.1416982262694  -8.13948255944246  -5.68839782030639  -1.13136403460813  -9.48587020486512   -9.7545522656338
#[time: 0.11]
 0.1127249469  0.1127261461  -6.71811639845628  -8.13948255944246    -5.285164234002  -4.20542494804902  -14.1562839074694  -13.9294727884868
 0.1150145684  0.1153204371  -6.71811639845628  -4.88826003980808   -4.7243055418873  -4.88369588071316  -13.1238498291095  -13.2947018811483
 0.1178212913  0.1178660951  -6.83099652699423  -4.88826003980808  -6.80497524054161  -7.44488955230741  -14.1533383187917   -14.060131554299
#[time: 0.12]
 0.1216569145  0.1222057214  -3.39484836172709  -4.88826003980808  -3.06673653685215   -2.4651417975824  -10.5879325857482  -10.4580433434822
 0.1270682793  0.1271173781   9.35444708354802  -4.88826003980808   -2.6430556251106   -3.0344617915643   16.7536034332401   3.65617102769113
 0.1293240496  0.1293513398   9.35444708354802   11.9443675904059    7.1334683831065 -0.0149633208633224   4.20022888929859   2.58650726529846
#[time: 0.13]
 0.1315551819  0.1318861035   11.1678918560337   11.9443675904059   13.9307655636511   15.5202929273195   7.05526657188056   12.3066693882716
 0.1340436993  0.1340507132   10.4698012979109   11.9443675904059   16.2030227587707   16.8648360351167   12.8072317723441   16.2564934610575
 0.1352218134  0.1354379059   10.4698012979109   4.44823687845195   15.1261415730501    15.730834249154   11.8284352562911   -2.4402770437961
#[time: 0.14]
 0.1420700286  0.1421424635   10.4698012979109   21.4776027874398   8.58401637426432   7.70985156794054   16.4631531549723   19.9826677128545
 0.1431609091   0.143169768   24.0543261370832   21.4776027874398   18.2411143090058   25.3633948557108   17.7808928672236   17.9714129008198
 0.1451318076  0.1454904063   24.0543261370832   21.6659404596014    21.729501585051   22.2086961571029    24.301179589828   20.7895517067303
 0.1458803747  0.1461194847   23.4234845139521   21.6659404596014   27.1496165431224   26.4382727423359    18.732816279154   19.7046949018905
 0.1487024116  0.1490027164   23.4234845139521   24.5257793044268   25.1500451058044   24.4814665785012   14.8099837032604   14.9687387274217
 0.1495016525  0.1495412013   29.3046912954808   24.5257793044268   29.4240666610174    30.007201256773   21.0595229779665   23.9818587777417
#[time: 0.15]
 0.1548490238  0.1550312537   29.3046912954808   30.2235471179429   30.8434252096176   28.0608797380387   23.8797631579364   21.1897925259803
  0.155829377  0.1558413552   29.3046912954808   31.7440529514706   35.1167940423176   35.5380073122174   21.4791292056684    21.257697412261
 0.1573007563  0.1573419179   29.9952654505742   31.7440529514706   35.0648420729832   36.0615125529956   27.4747089873608   26.9681346422636
  0.159539933  0.1597224147   29.9952654505742   30.7493135780476   35.0208186928493    35.320495113727   25.7831205115133   24.8111202249677
#[time: 0.16]
 0.1600847077  0.1603529639   31.7296797023344   30.7493135780476   35.6470164510042   36.1219267360513   23.7574395184932   23.8113161342215
 0.1609147774   0.161170549   31.7296797023344   26.5260336285697    30.651587803765   30.7098316772865   40.9443607606365   33.1991941839134
 0.1614324091  0.1620696062   35.7586822516626   26.5260336285697   34.9416531572538   31.8574742504261   26.6099510821934   27.9432799019836
 0.1621006768  0.1622793478   35.7586822516626   40.9950675657625   31.9192703091483   29.4946956499965   31.8865373081859   32.4240554475344
 0.1631694149   0.164368455   53.2758268007034   40.9950675657625   40.0675229201969   42.7579663029304   49.9664315230185   47.6842184993608
 0.1650914113  0.1651648428   41.5805948926086   40.9950675657625   52.8461623197939   47.7130455514014   33.3456993226871   33.4743217080287
 0.1652782557  0.1653982316   43.4715192399228   40.9950675657625   43.8936324715612   43.4043135408662   34.6304786062853   34.8099849563086
 0.1662184423  0.1665200719    31.617054263834   40.9950675657625   46.2870573562819   44.7310574283181   36.4047079556317   33.6560288145067
#[time: 0.17]
 0.1731085942  0.1731914488    31.617054263834   34.6178940967847   36.1714689510988   37.4152666269466   26.4515074595698   26.5105634822686
 0.1743467243  0.1744047935   36.8333173854212   34.6178940967847   34.3002377982733   34.7716914502439   27.6136802332006   28.9674234106556
 0.1748857306   0.174989294   36.8333173854212   41.7265313913027   40.9206321174838   39.8009894292839   34.2054794536761    33.293845033014
 0.1757944009  0.1759616126   27.5005729927915   41.7265313913027   41.2257599721666   43.2352385294055     35.03910800315   39.8619646520564
 0.1795004041  0.1796226885   55.4315438383619   41.7265313913027   35.4548811537245    42.939736722285   59.1481078133242    41.809199500592
#[time: 0.18]
 0.1801081039  0.1801108703   43.5948750155534   41.7265313913027   57.0016758065774   48.8391732883282   35.7175615786294   35.7168744097665
 0.1831677922  0.1832007048   43.5948750155534   51.1762713450394   43.4260183779309   43.3286781673587   48.3201642934263   48.8181857695325
 0.1869983757  0.1875712534    54.643369114848   51.1762713450394   49.7517917877024   53.6962184217664   59.0763402258078   54.4059761821013
 0.1886573013   0.188845958   59.3321027112079   51.1762713450394   50.7811266404492   52.5393350766022   53.8630196631443   55.6908240306176
 0.1891820418  0.1891930449   59.3321027112079   60.5543976454817   58.4641025824332   56.9923953390062   60.3186104980053   60.3966834126012
#[time: 0.19]
 0.1923615232  0.1925440924   59.3321027112079   53.9221266128959   61.6021744807357   61.8288050674311   63.0459329367597    57.306462565895
 0.1935361579  0.1938556584   55.0448865401159   53.9221266128959   59.9589607928462   58.8622458730049   48.5213591816319    48.750265556507
 0.1959215221  0.1959808363   57.3753579640748   53.9221266128959   61.7916976857247   60.8854848391074   47.4598638737991   48.0780111202685
  0.199367977  0.1993831405   57.3753579640748    57.995597354121   65.2505340631341   62.4603762440168   50.0373607386668   49.8769837499009
#[time: 0.2]
 0.2003635197  0.2004665152   55.7612994896026    57.995597354121   55.9459234164384   57.2502573163929   49.0332166684027   48.5896330136739
 0.2092377715   0.209329161   59.7654102593919    57.995597354121   59.8817153774179   60.6254376096769   49.5823983277084   50.3033431793582
#[time: 0.21]
#[time: 0.22]
 0.2207820886  0.2208049115   59.7654102593919   63.8136438450128   60.6765165661503   60.4444025983595   61.0703009188318   61.0198812549501
 0.2238969401  0.2242556549   60.7367662659929   63.8136438450128   61.7240007392711   62.1521125260749   63.2220458624512   64.6979262960263
 0.2285676979  0.2289250985   64.5167309564418   63.8136438450128   63.3458374087035   64.6722360781699   64.6791988997522   64.6534218169567
#[time: 0.23]
 0.2299417836  0.2304565543   64.5167309564418   68.6529971526022   69.7866968671755   69.3029764625373   61.7313699884369   58.9146957476098
 0.2311037271  0.2311383743   77.7790788740661   68.6529971526022   68.4508862380439   68.7531971868422   78.0131995377188   71.7151934241106
 0.2343818645  0.2344941943   70.4821217675854   68.6529971526022   75.9579797048051   73.3657498875829   62.4492951747186   64.5910156330376
#[time: 0.24]
 0.2400023202  0.2403871046   70.4821217675854   73.7221013738418   72.6971191215794   71.5108744433153   65.7445667046035   63.5124147213398
  0.244175004  0.2443126941   70.4821217675854   75.3552907153604   69.6301114465761   69.5908586835183   69.6670629277259   67.8943218199769
 0.2469614946  0.2469965917   70.4821217675854    71.886313177606   73.2623675957071   73.9861079344125   72.8519066394969    66.337601061898
 0.2470692556  0.2470793505   70.4821217675854   59.6376914097082   68.5251998688622   67.9288420882081    76.915581933788   64.2443214011827
 0.2473890927  0.2477999337   57.2638398753638   59.6376914097082   72.3149731426228   64.5387182750473   60.2543388657912   61.7985710233066
 0.2485206156  0.2486126175   57.2638398753638   59.7914593558234   61.2936697464539   61.8516164112961   48.7500777554958   49.3261410917174
#[time: 0.25]
 0.2499569003  0.2500900409   57.3434522978464   59.7914593558234   56.7998993433732   56.0957435780482   54.6570050884238   53.5095438097835
 0.2513648173   0.251446724   53.9827299648587   59.7914593558234   60.5854633158148   61.4879793830645   50.1490199229954   51.1862509534548
 0.2525742748  0.2526419987   53.9827299648587   53.4031049510006   56.8167338548883    60.617822084948   46.7146501089234   47.5471844217533
 0.2550235516  0.2550449971   53.9827299648587   58.7329555884193   59.0049328613853   58.6442687324611   49.8841152188271   50.2669653936231
 0.2551486502  0.2551913103   53.9827299648587   61.1460665635847   55.9902530303681    59.708428151468   49.3500475315391     50.65901948859
 0.2556007298  0.2556011014   53.9827299648587   53.2081736773396   58.4742960557583     60.74058774049   56.1005440264773   55.9135013057733
 0.2566734671  0.2574741828   54.7320763790309   53.2081736773396    53.397184451511   53.4368224601854   44.5377802262917    44.402618232485
 0.2585984612  0.2589279596   54.7320763790309   52.1554699231857    56.495654116496   56.0953762089024   55.1279289554301   54.7255605001592
#[time: 0.26]
 0.2602310201  0.2608316384   65.3935599753566   52.1554699231857   56.1528797721719   55.0881909714418   57.5462195100822   58.6980615030884
 0.2635031867  0.2636600741   49.6896862107154   52.1554699231857   71.4824204958335    59.224468695846   54.4453193294967   56.1857791486804
 0.2659119136  0.2659620628   49.6896862107154   51.2638241609335   56.3726870056391   57.5816235801185   46.5671793542923    45.211533572416
  0.266263406  0.2662755084   49.6896862107154    50.754231155589   55.2721857104689   55.9496705079724   48.1170737588773   47.5642206882753
#[time: 0.27]
 0.2715954883  0.2717889145   54.9310224505867    50.754231155589   51.8497553908541    52.296104303467   47.4743474622257   47.9322995000772
 0.2756402126   0.275904476   54.9310224505867   61.7891414235019   59.5291038455402   57.2523065172818   56.4907241294456   53.5837536889343
#[time: 0.28]
 0.2814467328  0.2820798074   54.9310224505867   62.6086817900615   58.8053723266141   62.2929640127394   55.5938295291199   60.8414914534534
 0.2822434106  0.2825820373   54.9310224505867   39.8127106759768   61.3934736087639    63.859718338926   52.0949054096539    47.536509516709
   0.28496757  0.2849711133   54.9310224505867    54.384122547775   53.6462430227859   45.4329906318122   46.2349213048386    46.382318268045
 0.2858157012  0.2869437241   54.9310224505867   58.8713876952608   56.7142233301935   56.6430556828218   48.6336719186532   48.6111400900404
#[time: 0.29]
 0.2929031879  0.2929272867   65.7604970400026   58.8713876952608   61.1491358063061   63.5784227216478   63.8684514367054   62.6129926781601
 0.2966805793  0.2972591735   56.5393185098398   58.8713876952608   63.2827320855667   61.5202436380786   49.0142072428727   49.4790071712142
 0.2989319322  0.2990640933   56.5393185098398    58.484926485076   59.8761810583856   60.3347716526529   55.7805720502741   55.4749285993603
#[time: 0.3]
 0.3017807698  0.3021764723   56.5393185098398   61.3289435734301   55.9943391853442   54.9863346221647   53.6209561164284   53.7818736413472
 0.3034689768  0.3035104886   56.5393185098398   62.0928083307317   64.6953936943466   68.1687906921469   51.3561978237038   51.8302911566613
 0.3064973719  0.3069077819   64.4554446492993   62.0928083307317     62.95958726428   66.8531035526285   58.1323711390948   59.6764012690393
 0.3072362964  0.3073065993   64.4554446492993   57.4684111651498   69.0350759874563   68.1954354255414    66.417833646066   62.0082386516072
 0.3079687604  0.3088611085   64.4554446492993   81.8709041106689   67.8469365464847   62.4338434626575   71.9052120697363   77.6508722092227
#[time: 0.31]
#[time: 0.32]
 0.3221638836  0.3222290688   64.4554446492993   66.1584867496377   69.5864995572185    84.214713063169    64.735256227003   64.6025631519014
 0.3267426095  0.3268557556   68.8297518460284   66.1584867496377   61.1785550742769   68.8891485994526   60.4637178541749   62.3632426169994
 0.3269142379  0.3270402087   70.3328724825283   66.1584867496377   72.4949490827645   71.1441421291108   67.6015692941701   67.6290812402211
#[time: 0.33]
 0.3328418971   0.333179673   75.8113756598292   66.1584867496377   68.7138322831466   68.4497265473625   66.9789453358735   67.6173663807867
 0.3356379104   0.336049859   75.8113756598292   73.2473307042084   74.7729997451612   72.2593892546034   77.5986447235627   68.2306340302675
#[time: 0.34]
 0.3415209411  0.3417054882   73.8956208354275   73.2473307042084   77.3220990505018   76.7308812830309   64.2135906273772    64.552466717056
 0.3439869387  0.3440689961    75.123463165955   73.2473307042084    75.989149118498   75.7111231194146   83.0636435603788   81.2109363721735
    0.3446793  0.3446915869    75.123463165955   79.1958692202071   79.4101227253556   78.4988219791602    71.001457362948   70.0599349624033
 0.3456835208  0.3457404718    75.123463165955   82.5571873028381   79.5590896053943   83.1689863428606   76.1678404088671   73.9031282013271
#[time: 0.35]
 0.3504839156  0.3511376324    75.123463165955   71.8808841688048   83.6988543988424   88.3568906505471   70.5076528959622   71.2485277804205
 0.3538356405  0.3539940099   84.7136807989865   71.8808841688048   79.0527705852136   77.0498342517688   81.1662725559005   73.1163168980462
 0.3571131416  0.3573767356   84.7136807989865   89.4683356763691   85.1816529043135   79.6833097927652    84.545973698685   83.9210877667179
   0.35825007  0.3590057711   84.7136807989865    81.152735195586   88.7435342290117   90.1805511229202   79.5445323162861   79.6461307847413
#[time: 0.36]
 0.3627287879  0.3631499072   86.1735068155346    81.152735195586   89.0521777819868   87.1629426086893   75.7946674454364   75.4573109988816
 0.3659347916  0.3660181996   86.1735068155346   87.1434100350718   87.8678252572221   85.3275395192898   87.8232040372081   87.9018989380668
#[time: 0.37]
 0.3698224361  0.3700211155   76.3895605905727   87.1434100350718   91.7760544953088   92.4155553115471   84.2034047441462   92.1026461984962
 0.3700401289  0.3700604328   97.9652403242972   87.1434100350718   82.0064058162385   84.3331265968211   91.7011512291638   92.7849019887931
 0.3701870961  0.3701897223    90.583258754756   87.1434100350718   98.7841290211173   93.0442981510763   81.5353906574213   80.9129046420569
  0.375567276  0.3755856376    90.583258754756   94.0236158714515   90.4770123514344   89.6647296356495   89.8499246765346   89.2010956454383
 0.3760048794  0.3762590011    90.583258754756   85.9096229898623   96.1750428039102   98.1438998747049   90.2859949035858   86.7531648592684
 0.3770073195  0.3777264794   87.3605198548512   85.9096229898623   94.5968693918394   92.2796524490102   83.2308782191522   85.0838892672691
#[time: 0.38]
 0.3828909232  0.3832014424   87.3605198548512   88.3722668073733   88.2536614395642   87.9745611909815   78.0161412131516     77.89193487232
 0.3866186256  0.3873344179   87.3605198548512   89.4901753064969   91.4519708196133   91.7416119192596   80.4565361101686   79.9326134728574
 0.3889517714  0.3890219198   87.3605198548512   83.1801644904812   89.9001344176655   90.5263472094995   92.3174424131903   89.9046779848097
#[time: 0.39]
 0.3936512516  0.3937931697   87.3605198548512   89.4163762431803    86.694119754886   85.7024769200225   80.4137390666953   79.7296242362589
 0.3940751446  0.3941159516   87.3605198548512   86.3123012700889   88.7346488733796   88.8788542908143   77.1190381153245   78.3357928505042
 0.3962038615  0.3966621352   103.854963099303   86.3123012700889   88.7117802363232   88.5306977986768   101.500835587817   90.3827008182055
 0.3967768245  0.3969580611   103.854963099303   106.399415967476   98.8241236792931   93.7082233060768   99.3966941670267   98.2737804336375
 0.3993738622  0.3999412849   103.854963099303   105.003339097521    109.45621567199   110.225744390615   106.133247066874   99.5971806020957
#[time: 0.4]
 0.4007597384  0.4008601729   103.854963099303   110.617927605886   107.297992913019   107.669030447553   110.085767530384   117.247539221919
 0.4014685309  0.4017013899   113.566194595585   110.617927605886   113.714861855264   118.560327430535   105.778848757036   107.222740561014
 0.4056299452  0.4066074836   113.566194595585   115.313522527686   116.997450655295   115.820784184062   112.668841816717   110.458264386327
 0.4066202528  0.4068444318   113.566194595585   108.642285091752   113.443496711433   113.156349716258   119.990349392468   115.319392568681
 0.4074233866  0.4077811936   113.566194595585   115.375043516828   116.345781681282    113.88984733927   109.932708244332    109.40180721588
#[time: 0.41]
 0.4112384849  0.4114807969   121.907220279095   115.375043516828   116.215185699895   116.490350218915   121.176034076178   119.685563820713
 0.4118681249  0.4118691694    110.98126664654   115.375043516828   121.167462679309   118.679960613825   120.049951268757   125.370880234639
 0.4120576806  0.4123497788    110.98126664654   111.699893910656   113.355391306946   114.446639302227   101.683484631205   101.355074086255
 0.4148902028  0.4156698489    110.98126664654   112.671368518358   113.119038789904   113.305282919487   107.283199884879   106.001279195059
 0.4163056657  0.4163705354   116.510616997874   112.671368518358   115.584602144063   116.059182220458   107.136273414226   108.017611202788
 0.4181500487  0.4186704768   113.926971462503   112.671368518358   116.736941145292   115.975721796257   113.880254106897   113.414745263304
#[time: 0.42]
 0.4197360282  0.4204403343   113.926971462503   114.785519507065   115.481683958373   114.949888013797   115.483172434442   115.512058653073
 0.4246750831  0.4253820163   116.077283754707   114.785519507065   113.900680388005   113.798170008741   108.793874814102    108.92338651501
#[time: 0.43]
 0.4298566611  0.4302990825   116.845043626227   114.785519507065   118.924873544779   118.580557821292   118.891303706804   118.419522711012
 0.4348484727  0.4349644114   118.777991372038   114.785519507065   119.827177941735   118.696723605957   109.103362790709   111.380040154237
 0.4394819776  0.4398566178   118.777991372038   119.765466424109   122.050918901437   120.284921370351   113.280721618609   113.245204099167
 0.4398655712  0.4398723964   118.777991372038   123.788329425564   120.408171217299    121.29352624324   116.555102648605   114.241753268692
#[time: 0.44]
 0.4416623823   0.441942117   126.976883539549   123.788329425564   121.603236976439   122.084504310971   120.650342038419   121.459506548072
 0.4428980521  0.4434030512   126.503963820305   123.788329425564   128.342252051421   127.843610034641   122.332220204138   122.970326582663
 0.4444665317  0.4444699435    120.94790081351   123.788329425564   125.696270453998   123.529893981625   127.414962165633   132.841653046129
 0.4446175281  0.4448130461   133.184032925973   123.788329425564   124.078832107782   124.988765246682   122.709875282355   121.090442317209
 0.4454010848  0.4455051233   133.184032925973   130.909453459362   132.541367763609   129.702056486377   141.347949090219   138.502685312829
 0.4455088256  0.4455279585   133.184032925973   136.999422284883   135.219312025288   132.102590099943   134.461174961745   136.088289464091
#[time: 0.45]
 0.4546267844  0.4547256645   133.184032925973   133.982686965499   135.807591617459   136.117749124733   127.349259610204   125.211623781375
#[time: 0.46]
  0.459900684  0.4600624329   133.184032925973   135.125146694638   135.077632798932   135.395547058599   132.142665272891   131.796795923148
 0.4606280495  0.4611771263   138.844940212332   135.125146694638   135.404750992697   135.709477532667    139.74082902772   139.107610464833
 0.4635776986  0.4636042765   138.844940212332   128.140566070833   135.633052170051   136.918788596616   136.723897505067   132.314088220858
 0.4650656924  0.4657601149   138.844940212332   132.845509787034   134.386632142857   133.459344205344   145.873055187449   129.118744336758
 0.4668030411  0.4671741386   133.370485725058   132.845509787034   139.013526815817   136.432336480921   130.862565533747   130.968138473134
#[time: 0.47]
 0.4699968669   0.470000539    137.89112562144   132.845509787034    132.14487936218   133.595270904774   130.301281015317   133.723358332919
 0.4734550108   0.473548135    137.89112562144   134.887398666153   143.879124251164   139.500968113987   132.351083834099   132.638685938308
 0.4785947023  0.4785960822   145.559852303521   134.887398666153   136.409655199955   136.401860842675   143.145734550196   140.647101448239
 0.4787448485  0.4788927905   135.892509591976   134.887398666153   142.461417724668   141.032052815457   131.412592011553   131.808080840626
#[time: 0.48]
#[time: 0.49]
 0.4916082509  0.4917519532   129.508431633712   134.887398666153   139.007539414258      129.832700658   128.565701448851   127.774945183239
 0.4932391347  0.4940088956   136.066672742245   134.887398666153   133.431071864906   134.316588099706   134.284962306285    135.03566794137
 0.4942424879  0.4943623956   135.500363978237   134.887398666153   133.762034270376   137.737579190762   143.488631555801   143.038493749187
 0.4956885595  0.4963354342   138.271771211465   134.887398666153   137.415854124552    137.28838442271   139.564682168513   138.693477562283
 0.4985221604  0.4986699749   138.271771211465   143.524822118387   139.945477736019   138.384655607917   144.038374435085   146.696267629635
#[time: 0.5]
 0.5007912027  0.5023576115   141.002685458158   143.524822118387   146.461686401087   151.535840165786   148.567048699413   150.942893073284
#[time: 0.51]
 0.5116378821  0.5119972989   149.547437505738   143.524822118387    145.98402946941   147.583378611479   139.373973765051    141.03068950711
 0.5179259618  0.5181652743   149.547437505738   147.836148002348   151.225285307449   149.145644308024   148.535354154247   140.386094476847
 0.5190581461  0.5191536759   153.254039528272   147.836148002348   147.207802389525   147.303418071233   145.232062284132   144.637089614698
#[time: 0.52]
 0.5230208131  0.5230895789   144.468583278029   147.836148002348   153.789771019176   149.293948720266   143.520802037279   145.886925525231
 0.5259056362  0.5259668321   144.468583278029   142.090979122682    148.57702458782   150.933996251536   134.373554781766      135.464991913
 0.5291868108  0.5293065897   144.468583278029   145.541421419345   146.305084280674   145.716143767052   151.059645535791   145.438267229654
#[time: 0.53]
 0.5314758411  0.5317834405    144.31156981383   145.541421419345    148.42456792684   148.731777293913   144.720405198701    144.67690994746
 0.5326162954  0.5328228603    144.31156981383   150.641721236428   146.055592602994   146.665679264916    141.36909912421   140.741817274213
 0.5342923891  0.5343500987   151.453924250288   150.641721236428   147.863635113518   149.404815379616    142.21514129191   142.037481918533
 0.5389171621  0.5389422369    148.74345942824   150.641721236428   152.959549479284   152.201881395952   142.936110786917   141.777705848019
#[time: 0.54]
 0.5401245572  0.5401784445    148.74345942824    153.48700097643   155.474523848991   156.846950555773   150.251387272448   148.748327600132
 0.5418577731   0.541890524   161.019073664294    153.48700097643   152.707254807192     154.8058851716    152.71538969562   154.015955420323
 0.5438161167   0.543864501   152.228783368112    153.48700097643   160.727792684292    159.42487675995   157.226638282469   162.389841676196
 0.5449791246  0.5451678729   152.228783368112    156.98440808396   154.690873368046   155.139824595268   154.708940262425   154.821670445854
 0.5461882829  0.5466631045    159.78538369687    156.98440808396    156.23196210977   157.427721220022   149.379885881622   149.977260856467
 0.5468866689  0.5469195157   165.055767069866    156.98440808396   161.725312042129   155.903180282908   163.737132960615   162.590036009263
#[time: 0.55]
   0.55022694  0.5506868352   165.055767069866   163.680844647301   160.045181363116   161.277406824086   161.199116902938   154.425172622759
  0.550842035  0.5510834424   165.055767069866   175.364243499444   166.694511734388   166.234175718037   169.558831763877   177.942703953676
  0.553143995  0.5533293643   165.055767069866   164.292723676119   172.056941290575   177.159687748717   156.321015958296   156.234170091493
 0.5565012025  0.5565261382   168.297960686937   164.292723676119   168.094618925055   167.717569354826   158.659997805617   158.840880400861
 0.5566620412  0.5567350077   168.297960686937   159.872742066669   170.593636348398   168.342904005242   176.833016107944   165.086378448199
#[time: 0.56]
 0.5599838175  0.5603952209   161.685419433067   159.872742066669   170.903504551986   164.050093958644   153.251832317591   153.213428476039
 0.5620116396  0.5621462443   161.685419433067   165.787318870262   165.413178614412   164.385881506146   158.264167521699   156.461624945814
 0.5632661376   0.563682283   178.551434453265   165.787318870262   166.464511359263   167.544600567466    187.12058690332   173.941584470014
 0.5678518455  0.5680100848   160.898294830538   165.787318870262   181.751418830365   173.681085199726   162.233183769288   161.876391580391
 0.5681313002  0.5681718518   160.898294830538   159.393179367562   165.674138150503   166.679504077817    171.21794757322   169.207306961192
 0.5685647745  0.5687371016    160.57900753953   159.393179367562   162.092834155598   161.819864610986   154.030500468919   154.396261494915
 0.5689344492  0.5696628019    160.57900753953   159.242804767653   162.482661104189   161.911311963075   154.874947466972   155.793679789248
#[time: 0.57]
  0.570476484  0.5707002446    160.57900753953   180.211822472115   163.862976182472   163.469907509621   167.649430754835   179.696170164001
 0.5711394708  0.5712005958    160.57900753953   161.679358184613   166.664765815804   184.666278371036   150.479999413131   153.135906998654
 0.5729202158   0.573154453    160.57900753953   162.651509511135   163.217288503485   163.434316331983   152.572380064798   152.751173091488
 0.5747048539  0.5749635995   163.214807441434   162.651509511135    161.42549443248   161.369331924964   154.934436070328   154.950188066418
 0.5767176269  0.5777195012   151.369820667294   162.651509511135   168.093095417844   167.844562925571   156.830684995282   167.662168151821
#[time: 0.58]
 0.5822462895  0.5823711525    168.50638983032   162.651509511135   154.073189100283   165.228249248721   170.458296411487   167.770795573161
 0.5831889095  0.5833891555   193.504738430266   162.651509511135   169.017844371177   167.066905334494   185.451326815787   165.206231549348
 0.5835444013  0.5836331999   167.721033682898   162.651509511135    188.17607273449   172.486372004528    158.73046759051   158.428285637346
 0.5888800009  0.5889451665   165.204926705462   162.651509511135   170.474027000927   167.874367895505   167.824090045094   163.894743054531
#[time: 0.59]
 0.5941973609  0.5943428738   158.777882918229   162.651509511135   166.073029516019   165.253802237904   162.426497448538    162.85911072519
 0.5946207073  0.5955990915   160.131049332017   162.651509511135   165.850864841013   168.133227205274   165.696927984206   167.706558826433
 0.5992108454  0.5994913946   160.131049332017   166.194144470749    161.45788096442   161.490380579234   162.347160864869   160.022158014559
#[time: 0.6]
 0.6020816462  0.6022203798   160.131049332017   166.799966296306    163.27660089675   163.863925370851   158.345984832075   156.887609713442
 0.6042338009  0.6046294265   165.094434535961   166.799966296306    166.28835557382   167.989366044457    163.80430023729   162.665521985089
 0.6058026514  0.6062229594   165.094434535961   168.693504766901    168.60239449923   169.275924331672   159.647064929418    159.96148070263
 0.6073243577  0.6075305812    175.07741542956   168.693504766901   169.708403066607   170.951558505499   166.708851598957   171.942035616369
 0.6089569639  0.6097676322   170.829176379647   168.693504766901   173.851212723016    172.25233742537   168.724156930971   169.685354698305
#[time: 0.61]
  0.615433618  0.6163430889   170.829176379647   173.126097736511   174.837254534377   173.890822810414   173.483504415972   174.036335700572
 0.6172365093   0.617311972   170.143939652183   173.126097736511   172.561367134222   171.406021093094   164.424681638125   164.211313330427
  0.619616525  0.6198923055   170.143939652183   168.161121281017   173.924739562512   174.694425846834   167.482199024783   168.047247630799
#[time: 0.62]
 0.6263655555  0.6263810342   169.665274993937   168.161121281017   168.959888415069   171.553137092458   166.083507051477   166.760897935916
 0.6293129679  0.6298647213   170.526152078196   168.161121281017    168.76646308725   168.913975857092   172.898621224131   169.873855549741
#[time: 0.63]
 0.6303472138  0.6303564753   170.526152078196   155.773133394567   173.019073219255   167.668863617963   173.464658863385   159.813363082356
 0.6316026479   0.631843321   168.992599123558   155.773133394567   165.920353774413   162.555546571009   168.317125281859   160.014168611867
 0.6327150402  0.6327376583   168.992599123558   173.060047265768   165.346784564821   161.665471128697   167.435705276423   165.920345164143
 0.6332222974  0.6337374328   168.992599123558   162.476294370675   172.861893504753   174.340649401662   160.161311070752   160.191364000874
 0.6376050267   0.637792121   166.558896846957   162.476294370675   173.802540926059   170.095947910247   160.447411324632   161.213040913246
 0.6381968415  0.6382090904   148.043455077577   162.476294370675   167.220471605323   166.193894370645   154.597544310936   164.610041582614
#[time: 0.64]
 0.6419851959  0.6422050624    148.15703140353   162.476294370675   153.333364747264   163.437958392263   155.558983952899   166.177183536063
 0.6483078343   0.648404851   160.939378438677   162.476294370675   152.838236309709   168.038468804008   157.442183083024   156.649404615014
#[time: 0.65]
 0.6505564323  0.6507270217   161.698148278284   162.476294370675    168.23643374805   169.597777570856    152.68376231753   160.920332124554
 0.6561321143  0.6562447258   159.885533287866   162.476294370675   165.581171799983   165.983271730541   167.314381953018   171.163361319152
#[time: 0.66]
#[time: 0.67]
 0.6713564843  0.6715536035   143.040979701966   162.476294370675    160.69591024163   159.976355906412   152.079418127487   166.301727898048
 0.6734359704  0.6737200106   143.040979701966   142.024504562741   151.739326517481   170.797449753201   140.112308638664   141.172830517106
  0.674026434  0.6742257093   143.040979701966   146.126493615556   145.141830784831   144.844727981294   143.821498895494   143.452867652165
 0.6791026089  0.6796460522   149.989970863917   146.126493615556    147.49790743894   149.429023624962   145.600255174512   147.662444770221
#[time: 0.68]
 0.6818511702   0.682324798   149.989970863917   149.367011282439   148.831129572359   147.926510255211   140.741123370396   141.343159604421
 0.6873060999  0.6877699454   152.726302596485   149.367011282439   150.020225747301   150.005154903473   143.356340668104   144.319213522925
 0.6893236327  0.6893572678   148.296236349603   149.367011282439    155.57766542366   154.627789458274   148.746927620639   148.669148539927
 0.6894612601  0.6895673075   151.279999578365   149.367011282439   149.420432002804   149.676224828725   143.791278327156   144.716720692828
#[time: 0.69]
 0.6909985939  0.6911258135   156.254385134812   149.367011282439   154.084974262993   153.035610977265     161.6415859809     155.5439446124
 0.6943530427  0.6944464235    150.45321748852   149.367011282439   158.832949457228   155.038224345887   147.197216908394   147.479599812294
 0.6947173161  0.6950522407   147.277483775827   149.367011282439   151.112516143577   150.985030487977   140.706705448221   140.496975587276
 0.6967847048  0.6968125871   147.277483775827   148.078095432566   149.774163759158   150.737462370502   141.100924939909   138.032837755359
#[time: 0.7]
 0.7000778749  0.7002199424   151.162275578961   148.078095432566   151.035655062137   151.337616318623   144.055748666944   146.573359706422
 0.7005938415  0.7007231698   150.397416262748   148.078095432566   152.256967921009   151.441747166766   139.978593198031   142.178044159945
 0.7008283792   0.702441016   150.397416262748   148.876730787228   153.182322339129   151.856771400793    150.22388057708   146.749135350148
 0.7032735343   0.703281292   169.217642247314   148.876730787228   154.297629745052   153.861927096248   164.143214387925   156.479063038107
#[time: 0.71]
 0.7140082444  0.7149621729   169.217642247314   177.725027511066   163.847752636144   156.946571205462   173.526404638829    174.36091023686
#[time: 0.72]
 0.7202078785  0.7202191515   192.505337747111   177.725027511066    174.88932515299   179.479968672868   190.088648856433   186.542889784743
 0.7214944862  0.7216606303   192.505337747111   193.290583097038    190.92283209385   184.460559834831   191.303681420303   191.127923380951
 0.7227371844  0.7228214861   192.505337747111   191.184249970523    194.09044872666   194.266246850352   186.514837332979   186.528420733233
 0.7243643058  0.7244105198   192.505337747111    194.89676699747   195.576731430465   194.867134554692   189.540477475726   187.805578584994
 0.7254422444  0.7255444985   192.505337747111   194.292733071827   195.455851450612   195.982519858407   186.344831283298   186.099112973365
 0.7259844906  0.7265314729   192.505337747111   191.171286677027   195.307470723126   196.191707357575   194.619809768836   189.663661067324
#[time: 0.73]
 0.7303821938  0.7304930777   192.505337747111      194.229412637   193.318870169299   193.157821958044   185.512103304017   184.851428447785
  0.732195877  0.7322265202   192.505337747111   194.908947321243   194.257765743801   194.424894335106   189.014813318158    189.04397899596
 0.7326086323   0.732894213   197.581009946524   194.908947321243   195.685427946258   196.187763314389   187.953615322989   190.313914862694
 0.7341105602  0.7342818157   197.581009946524   195.516765115347   198.442340482433   197.770479040759   188.700006361217   188.632617610879
 0.7351499317  0.7361849008   196.149025209112   195.516765115347   200.082615353823   197.694705094943   188.093382323101   188.184163899106
 0.7388951399  0.7390171839   193.280616006937   195.516765115347   200.063031237578   199.671903261223   197.826127732153    199.44889638546
#[time: 0.74]
 0.7418032448  0.7419705903   198.125279966645   195.516765115347   197.154430436336   198.246134382823   200.806430566811    199.05540374015
 0.7449233189  0.7449657293   188.664012598313   195.516765115347   199.723574006324   198.820195070034    192.74947041484   196.040628312566
 0.7462279929  0.7463628679   199.282631644651   195.516765115347   192.941262315827   195.806373687838   190.647029897304   191.569736418907
 0.7483940909   0.748718861   197.653972911799   195.516765115347   196.299242165706   197.010145731853    189.84877831829   191.280855840698
 0.7494186784  0.7499127837   197.653972911799   205.736211479891   197.659286848246   197.206463217178   199.194479575492   199.155606354158
#[time: 0.75]
 0.7501680305  0.7505294043   210.604556699176   205.736211479891   203.325493784804   206.567118912388   201.135460421724   201.516331157524
#[time: 0.76]
 0.7625333997  0.7627781605   206.931732846467   205.736211479891   211.341543709682    209.52342386175   202.353900825541    202.95208304818
 0.7644023708  0.7646936695   206.931732846467   209.007413649957   210.567630470389   209.920128493457   203.324530381487   202.546181687659
 0.7661557719  0.7663692537   206.684031401775   209.007413649957   213.077319029862   214.128906601312   209.610124103038   210.689498647212
 0.7688998481  0.7693474819   214.302704263091   209.007413649957   209.156324569016   210.998730351367   207.162791970079   208.779176122584
#[time: 0.77]
 0.7729522474  0.7738215426   214.302704263091   212.446075950145   216.150703312827   214.252643070497   210.507327395156   212.485784136727
 0.7767287468  0.7768280016   214.302704263091    206.79035481423   218.315279342284   217.771302434336    209.26183482785   210.607121931539
 0.7795171201  0.7796891017   211.856723142521    206.79035481423   215.344248026111   211.564299852296    212.12130443895   211.185256681016
#[time: 0.78]
 0.7826515882  0.7827226004   211.856723142521   213.635518669262   213.483591154376   211.180078995156   213.414783197056   213.971838476006
 0.7834910472  0.7836167352   211.856723142521    215.64610901831   215.413197131688   215.897545734243   215.907170781048   213.633512614916
 0.7861550438  0.7861667803   211.856723142521   208.811626870052   214.185252686459   214.687087200699   220.118444214605   216.204042814937
 0.7868715026  0.7868716323   211.856723142521    217.47356610943   212.654064262835     211.6875124662   216.725016118112   222.173748269556
#[time: 0.79]
 0.7901723871  0.7911504572   228.352253652254    217.47356610943   216.649829262898   219.162107610496   221.496037060326   223.835826691321
 0.7941884415    0.79458605   228.352253652254   228.973665304516   228.072144087903   225.609957458795   226.745815024516   221.027838538753
 0.7982727332  0.7986478693   228.352253652254   235.389284506585   231.263873211208   231.424512836981   227.015415596642   225.629950152819
 0.7990775809  0.7991152579   228.352253652254   231.232004160775   225.315037462006   236.872331792806   222.277272235044   221.800835770672
#[time: 0.8]
 0.8005108449  0.8007494056   221.338127761982   231.232004160775   229.144071881163   228.942585667172   227.988741352953    233.95497558188
 0.8021969808  0.8022867239   221.338127761982   220.739265720072   227.150426480417   230.997867656319   213.350678590019   213.292105330555
 0.8031624015  0.8035786186   218.334688705557   220.739265720072    225.10423836001   224.811054114257   214.351838766474   213.005383629032
 0.8044723866  0.8050069472   218.334688705557   216.857361195418   220.145656486591   220.685696465362   213.919176236059   214.080398995191
 0.8058290255  0.8060177446   219.116390168967   216.857361195418   216.544327121766   218.244687544619   216.769979616554   216.916743778997
  0.807028257  0.8072326558   219.116390168967   222.329130764876   221.076575445914   219.928321146745   217.029674291949    216.50245273203
 0.8085302585  0.8089506804    225.48908066735   222.329130764876   221.250525965298   221.473205913097   215.856379347803   215.163546540401
#[time: 0.81]
 0.8104383146  0.8106275006    225.48908066735   227.058455484133   223.873075788074    223.88331806828   220.935541727417   218.112627876657
 0.8121331963  0.8124678436   228.669271589567   227.058455484133   226.631311183653   227.544310694108   218.461194078271   220.607577658637
 0.8189762064  0.8192642438   228.669271589567   231.527631778737   229.766142141094   229.495130742306   223.109834224622    222.72203706675
#[time: 0.82]
 0.8247712397  0.8251144144    239.16177787809   231.527631778737    231.37573366433   232.360201378903    245.08354135905   236.770528232608
 0.8279813582  0.8286185158    239.16177787809   240.762672235731   237.760677617181   236.527563693467   240.238962980449   240.284621559445
#[time: 0.83]
 0.8304733814  0.8306850233    239.16177787809     238.0693032471   240.984575114824   241.366619599445   230.101866304621   229.826088931843
 0.8317567656  0.8319663101    239.16177787809   242.765920980313   240.658175521936    240.37459586399   231.995576320413   232.749458249819
 0.8331272788   0.833843986    239.16177787809    243.53112589588   240.494591999302   244.125108431655   236.105285517405   235.910216325449
 0.8377634923  0.8379061282   247.959234423983    243.53112589588   242.951316593386   244.054830183744   239.334231349125   240.938090670297
#[time: 0.84]
 0.8398421478  0.8400055688   247.959234423983   251.654869710731   252.868911330712    250.77871709319   246.390240191948   244.381363511152
 0.8429544311  0.8430799145   248.765498260567   251.654869710731   249.471224886193   248.444680868608   250.112261618849   250.076656992573
 0.8447329715  0.8450933802   264.861068034572   251.654869710731   250.316215609185   249.472797139971   266.736244245057   254.929554044756
 0.8466674236  0.8466868334   264.861068034572   258.270183508003   266.071789317689   258.533738987812   259.716678597897   260.270361617126
#[time: 0.85]
 0.8500207204  0.8500528764   264.861068034572   265.381383208866   263.302155970365   260.484048226754   261.965682832058   260.774111918658
 0.8508385776  0.8508709798   264.861068034572   261.091593257008   268.494936856966   268.799739309695   261.278639456518   256.293856314187
 0.8528492014  0.8530623897   264.861068034572   257.077850387499   266.399658734977   260.991312462262   269.259649714153   264.484699358385
 0.8581584626  0.8583839563   264.861068034572   266.105909078776   266.696594156423   262.045236547819   259.287697553261    259.10852409043
#[time: 0.86]
  0.861331301  0.8613781392   264.861068034572   269.910146245919   268.002529667556   268.508200338064   266.649683414315   260.408328988786
 0.8617724178  0.8618368057   264.861068034572   265.487510157585   265.952966074751    265.40242668195   270.361029098434    271.56453086021
 0.8625481598  0.8629565163   264.861068034572   262.584632142655   269.067161026414   269.322607624139   275.133288877146   271.304265837383
 0.8643072466  0.8644512574   264.861068034572   265.526636652906   270.421611454842   269.391740749798   263.096565349669   269.711093527309
 0.8664820426  0.8666009459   264.861068034572   259.133627249035   266.946766223235   267.106313455073   271.014652042064   263.794328719092
 0.8668120893  0.8669949375   264.861068034572   257.610693384937   269.932814466186   266.993069248439   270.322277993586   263.217561276914
#[time: 0.87]
 0.8742202314  0.8745595335   264.861068034572   266.394210096865   259.061683953508    260.58860662388   259.768626627471   257.485487337718
 0.8778673566   0.878019954   264.861068034572   267.403111088394   266.777812042647   263.515178002658   257.976165265325   258.398118416865
#[time: 0.88]
  0.882048596  0.8829196493   264.861068034572   255.947191729219    267.36840437809   268.277271614244   264.589025444692   259.347966642001
 0.8853782633  0.8855101367   257.165561952321   255.947191729219   269.639039792923   258.542037787044   248.336653741665   248.050557744816
 0.8862699456  0.8867525818   257.165561952321   249.396928629615   260.505862220018   260.034928853401   261.845201373667   253.510904087119
  0.888762586  0.8893075063   257.165561952321   253.127516638628   253.463566792606   253.320642613307   260.532960080555    257.12550985067
#[time: 0.89]
 0.8924523456  0.8925996468   257.165561952321   259.069915464648   252.855059574964   252.972283445858    255.91915434276   255.657986570705
 0.8954531917  0.8956072165   257.165561952321   254.291680792184   254.451920545523   261.187843413616   259.491927261203   258.128929283271
 0.8958279832  0.8963064054   257.165561952321   262.214465419092   264.483370517267   261.985727992285   255.793350459728   255.781695042494
 0.8967445862  0.8967640685   257.165561952321   247.616392684725   258.738281317049   261.703916339239   256.972176700432   239.222904519312
 0.8968050822  0.8969517261   257.165561952321    248.04385030258   259.177613001272   254.277923675963    256.11531041279   252.612425251474
 0.8979438839  0.8981542198   252.181032190029    248.04385030258   255.550050144923   251.985608416375   246.122369882714   248.137755841938
#[time: 0.9]
 0.9018089431  0.9020140996   247.522572435398    248.04385030258   252.886910791606   252.063895136282   245.885378272641   245.728749492499
 0.9023002951  0.9029071695   250.746440155231    248.04385030258   250.461652541123   250.609575783532   240.985164849849   244.051886663198
  0.903349349  0.9037865571   250.746440155231   254.065575703646   249.030990349453   249.248504474113   255.540990842051   260.131233128388
 0.9046354711  0.9048742664   253.367084553435   254.065575703646   255.953440788109   257.375696444013   244.832028492941    244.44999078625
 0.9066428164  0.9076099137   253.367084553435   251.651335749204   256.628049750681   257.148131677839   243.933083093465   243.644892727559
 0.9079152998  0.9079884107   253.367084553435   254.276402949063   255.522669188652   254.493306150786   250.065805441823   249.982262739762
#[time: 0.91]
  0.911100788  0.9112042646   253.367084553435   258.421046365334   260.736851188322   261.317128062554   247.255227256752   256.236695937921
 0.9177913833  0.9182128582    259.53435435656   258.421046365334   256.320821404917   254.475978560536   254.239616688993   254.551601280921
#[time: 0.92]
 0.9223528085  0.9228100877   262.131665470618   258.421046365334   259.723408198714   259.565449955762   255.029980969244   254.733938396836
 0.9283497268  0.9284599572   262.131665470618   263.506931620953   263.955392605927   262.215312467774   256.277858340605   255.947593860512
 0.9292808068  0.9297757821   262.131665470618    264.60241910942   265.166157763359   265.855688317994   255.993613790966   255.696547517364
#[time: 0.93]
 0.9328848407  0.9329039209   261.407603505418    264.60241910942   267.927168282388   270.266855446853   262.096660529633   261.771371440801
 0.9390488817  0.9394768962   260.055016767801    264.60241910942   264.031929014758   264.930051732235   262.426261194804   262.012613249735
#[time: 0.94]
 0.9398084547  0.9401177914   265.903402688852    264.60241910942   267.165752074236   270.390372878446    255.92721764305   256.061780297398
  0.946113814   0.946418992   265.903402688852   264.954061431936   270.077533988396    269.46415695124   265.480483878431   265.468678349187
  0.947978823  0.9482464945   265.903402688852   271.037675131958   267.355200034313   266.942493644277   260.737313321835   261.344178913737
#[time: 0.95]
 0.9533889779   0.954412053   273.383309984366   271.037675131958   268.488632867499    268.50728661114   266.608854444764   268.518797353778
 0.9579658977  0.9589451407   272.496564903115   271.037675131958   275.491523389003   274.084468873392   264.587132362747   264.693949607235
 0.9589489968  0.9590547531   272.496564903115   261.545271366421   273.110799776021   272.900379557084   278.754121435098   266.340189579847
#[time: 0.96]
 0.9603226897  0.9604498948   262.264955104104   261.545271366421   274.755347825538   264.851299396878   265.669694650117   265.167898998561
 0.9619970355  0.9624546207   258.310813217356   261.545271366421   264.322470448722   263.972292584133   266.766567732007   270.600694731229
 0.9647481347  0.9648987953   263.724515772321   261.545271366421   263.493059476068   264.932926775464   266.136890493559   264.968513551586
 0.9651610514  0.9651893661   263.724515772321   266.473531064872   266.199524949492   265.113022717448   260.593476617218   258.224873794604
 0.9683326101  0.9684894946   260.704900726744   266.473531064872    269.49701284184   270.890335978934   264.004757643988   272.425094902853
#[time: 0.97]
 0.9697960808  0.9700026393   260.704900726744   268.019941970106    261.28833267106   267.741742342399   258.762567992258    258.21075180573
 0.9768719907  0.9771503123   271.502813528865   268.019941970106   265.568912418491   270.465781736808   269.625624951362   269.678613339884
 0.9782016174  0.9784618279   271.502813528865   273.906854877168   266.558477497911   272.164285784596   264.580493787656   264.871896017608
 0.9788965158  0.9793136764   271.502813528865   286.161810720466   272.972299919252   272.419849505246   278.934194635879   282.279509891032
#[time: 0.98]
 0.9797985469  0.9801457821   291.410610551091   286.161810720466   279.072007034017   284.524507584043   283.215047047831   286.269953393686
  0.985653305  0.9858635466   291.410610551091   296.655512982646   290.732170599005   290.069285874904   287.723331708818   288.122451840571
 0.9867051393  0.9867219376   297.447682312593   296.655512982646   295.270267762533   297.520136454557   289.893855207469   290.486596975924
 0.9883369327  0.9884019339   297.298073433182   296.655512982646   299.615618013161   299.397990240357   290.528547314165   290.540782953361
#[time: 0.99]
 0.9958303593  0.9958750187   303.868102309497   296.655512982646   299.299602472687   298.990162068884   309.010572515366   301.906633860803
 0.9963056775  0.9963563922   294.714325779315   296.655512982646   300.897511323817   300.104956282936   285.876691073311   296.065103749641
