# command line: ./generate_stepping_data --k_b 10000000.0 --runtime 1.0 --ct 0.2 --nomovie --cm 0.4 --framerate 1e-10 --eqmpost 224 --cb 0.1 --eqt 0 --eqb 120 --lt 23.8 --eqmpre 200 --dt 1e-10 --exp-unbinding-constant -0.4 --ls 10.49 --k_ub 350.0 --seed 1.0 --label paramSearch-goodkbsearch



#********paramSearch-goodkbsearch__k_b-1e+07,k_ub-350,c--0.4,cb-0.1,cm-0.4,ct-0.2,ls-10.49,lt-23.8,seed-1,dt-1e-10********
#time_unbind, time_bind, nbx_bind, fbx_bind, nmx_unbind, fmx_unbind, nmx_bind, fmx_bind
#[time: 0]
 0.0010165038  0.0010191972                  0  -2.13119369011489   2.21909449541351   2.50143959830765   2.99878289093227   1.14783457140882
  0.001811603  0.0025758658                  0   0.52881102559548  -0.22577565966505 -0.602618575841336  -5.99894507142799  -6.04385015611924
 0.0039129414  0.0040124986                  0   6.63346887209887   1.50623688253034   1.59364839660433   3.31433401687897   3.23407449895342
 0.0043194895  0.0044423619   9.22184687251412   6.63346887209887   6.00641931796128   9.12475434470371   1.00347580016325   3.83156326758412
 0.0060166847  0.0064475718   8.62334720309215   6.63346887209887   10.9319286896057   10.2429960918719   3.43066804994273   4.17842062821506
 0.0069208279  0.0070128209   12.3130513525614   6.63346887209887   11.3918739414247   10.3817077738283   4.30961609053192   4.89362431899655
 0.0085153668  0.0085905807   12.3130513525614   11.6303238385189   14.9862536585888    11.823331369456   7.29977413084481   7.60872147443227
#[time: 0.01]
 0.0099586684  0.0104164057   12.3130513525614   13.3120845683339   16.1307158277481    15.771048457383   9.71132088126506   8.14888124142175
 0.0119078676   0.012069196   12.3130513525614   14.1430073845762   15.3332528512202   15.6995617888849   5.29367934221128   5.15401304058421
 0.0125346257  0.0127101753    10.592110015305   14.1430073845762   13.8695068155857   14.1295673008335   7.71094746805561   6.41813109547296
 0.0135738673  0.0136304761   11.1386065518619   14.1430073845762   13.2305175281138   13.5502628016069   9.57054518170422   8.97463012903638
 0.0166403065  0.0169539148   26.6973586733171   14.1430073845762   13.9033460087381   14.4365283451615   23.4017272310841   20.4328714992828
 0.0178017096  0.0179116763   26.6973586733171   32.7533684475234    32.152206672875   20.6717721080009    29.640547773137    30.013692226635
#[time: 0.02]
 0.0229114541  0.0229158123   38.8121052528654   32.7533684475234   29.7338278650933   29.9557606737512   33.4094930058802   35.1503645244077
 0.0243117391  0.0243270724   40.4104464139246   32.7533684475234      41.7154098553   36.8130066118861   39.4638781213403   36.9573978703038
 0.0252417727  0.0259864225   35.5312232764497   32.7533684475234   41.0360252402463   37.5951037044335   36.7881312821378   34.9798486931608
 0.0282673647  0.0283415363   31.6688441097893   32.7533684475234    39.939892402402   36.9876581000556   27.7686833340608   29.9399405453702
#[time: 0.03]
 0.0307093914  0.0311680597   31.6688441097893   30.2951393539768   33.6120633208008   33.7923906174881   30.9946929552295   30.9755011911718
 0.0334735593  0.0336831243   8.30102607773288   30.2951393539768   36.7668868933683   36.0516397722671   17.2235049390628   27.9434086446679
 0.0343801924  0.0344027498   8.30102607773288   6.57447612966736   12.5310629452887   28.6241676208929   1.99728438994615   2.45451830756346
 0.0345192776  0.0352000793   8.30102607773288   5.53706603500682   14.9643612103236   13.6370963060655    4.5615519802608   5.52433535077577
#[time: 0.04]
 0.0420724676  0.0424921374   8.30102607773288   13.4571223530353   5.62898257995394   5.74347481759373   2.01809368982993   3.12142733766645
#[time: 0.05]
 0.0498593086  0.0504474804   8.30102607773288   18.0513996909977   13.6461293948681   15.4982705422726   13.6779366957057   16.8713091089227
 0.0511081992  0.0511255331   8.30102607773288   12.5598706051076   13.3574893338289   15.1293280194095   7.61706428794744   6.24796251910488
 0.0545147608  0.0550737658   8.30102607773288   2.06993921072661   11.8324237463704   13.4912916716873   6.68133579060234   6.40307725662464
#[time: 0.06]
 0.0616802402  0.0619728336   8.30102607773288   26.1224572581785   11.4381240353324   5.62801332366339   15.6091261634065   25.6218438388929
 0.0626358359  0.0628860538   30.6432645360594   26.1224572581785   15.7306094382595   24.0938224297273   20.9323398253323    19.888456322038
 0.0643898896  0.0644061254   30.6432645360594   32.4529368771626   27.2084100641998   30.4629005446702    23.646398639295   23.2081967760871
 0.0660594248   0.066061007   30.6432645360594   39.9590495162464   34.9573566000946   35.8692449916915    35.693899536357   45.9710702059985
 0.0662975485  0.0664149344   40.6919346549644   39.9590495162464   35.2236711326131   36.3319786922637   37.0775604705525   37.3901766650105
 0.0665351253  0.0667044725   53.6200679078753   39.9590495162464   43.6548827657563   43.2419645030302   50.0210622371142   45.6548057665587
 0.0668562953  0.0669737705   41.3133960129332   39.9590495162464   56.6280460613747   46.4823829969536   38.8165162325421   40.6983685441034
#[time: 0.07]
 0.0742777969  0.0751771729   44.9193296046035   39.9590495162464   39.8919486901797   39.9016005260029   36.5970920631351   37.3498825689741
#[time: 0.08]
 0.0840085689  0.0840898438   44.9193296046035   47.4205996379011   44.0560032741137   43.3718324366936   47.6184971581879   49.6079412120983
 0.0841457491  0.0844926797    53.198881131756   47.4205996379011   47.4526830107798   47.7660513501304   45.4256749855844    46.330779372904
 0.0850257693  0.0855567437   51.8815546906566   47.4205996379011   54.6577873663553   51.2234330807018   47.4221563103995   48.7770478371177
 0.0864227811  0.0864437314   42.9866860681539   47.4205996379011   52.4474246522323   51.3737095022737   39.6600237272233   40.0322119797633
 0.0869839898  0.0871422052   42.9866860681539   45.5268304767993   44.8587817936129   44.5347744225702    36.150832200853    35.187831171958
 0.0872766016  0.0873162296   42.9866860681539   43.5955808986058   45.3578439638261   45.6700330603514   42.4544735354823   40.5737815155801
 0.0889284504  0.0889339965   42.9866860681539   37.0990177736062   44.3235635808455   44.4317286974507   44.9759859958557   41.9608928024288
#[time: 0.09]
 0.0899270559  0.0900087967   26.4886839720115   37.0990177736062   48.9854857830669   44.3738458244191   29.7877628451824   40.0357802807567
 0.0914268629  0.0915472621   32.4179619264352   37.0990177736062   31.6821659753004   37.1880635534568   27.8803573812886   34.9376125999204
  0.091673235  0.0922728109   32.4179619264352   33.7448211112469   35.6777423443557   36.7055783706149   31.6411385575374   36.3669773160842
 0.0925458683  0.0930915801   32.5600275048645   33.7448211112469   33.3375488568502   33.3579663777885   25.0677334419062   24.4812417046252
 0.0935817966  0.0944088552   32.5600275048645   33.6808223520342   30.8044907119095   30.3457175537843   23.7537726639692   23.5672190272494
 0.0950162885  0.0954183239   34.2900772870369   33.6808223520342    35.525713734515    35.752906222226   25.6529076299286   26.3803994266099
 0.0971153472  0.0971866763   34.2900772870369   36.0174730114806   36.6133752129778   36.3624239879941   29.4594683220897   28.5810514536333
 0.0979745721  0.0979961626    39.945168665492   36.0174730114806    37.974992283219   38.4339174711699    30.810841731624   30.3783518167885
  0.099270587  0.0992785446    39.945168665492   38.9657100982828   41.0331712405284   40.2142891599301   32.3625596300193   29.9069977059461
#[time: 0.1]
 0.1050656369   0.105115482   15.6169094668391   38.9657100982828   43.1690474418775   42.4338786581734   23.1991742718319   43.6280822355432
 0.1090239779  0.1090255198   36.8693796199146   38.9657100982828   24.4046206914652   39.7153019633667   29.4727721266495   29.8891937125846
#[time: 0.11]
  0.112601683  0.1127428451   36.8693796199146   32.7192149764838   41.7487972735285   42.8834273761284    26.633780851359   25.8854472634638
 0.1148727604   0.114930637   36.8693796199146   41.6578538040529   37.7349700378891   37.2132713668505   36.7650254118867   34.1945123606363
 0.1177128552  0.1177545218   36.8693796199146   33.6589568092383   39.0103307648093   37.6239682249896   39.8522273006074   38.8382668576485
 0.1179453494  0.1179606326   36.8693796199146   30.7513826741149   43.2762861189656    41.356573130134   42.4990262916247   34.4434956699251
#[time: 0.12]
 0.1215467477  0.1216169443   30.2427657500092   30.7513826741149   38.9826296496267   36.5124807366613   21.6373490679307   21.4324615118634
 0.1227881388  0.1228890662   30.2427657500092   36.2813320315793   36.4814234422749   36.9561845594467   33.9399493523972   34.6144164829541
 0.1244842548  0.1245599336   35.0278409180118   36.2813320315793   35.9587872674445   38.5288237414722   34.4310645860198   33.3723300220535
 0.1269979566  0.1274936864   35.0278409180118   30.5894400622849   36.6891598620445   36.9850175359215    30.315123623948   35.5071345108962
 0.1291951723  0.1297354901   37.0226147429984   30.5894400622849   33.7227499210821   33.2610724637116   31.8585735286792   32.7731738025603
#[time: 0.13]
 0.1313586882  0.1313622384   37.0226147429984   37.9312927222515   41.4380130323193   36.5298541670586    36.065398576233    29.787929218913
 0.1316397771  0.1317230054   39.9293361127536   37.9312927222515   39.6996492221038   40.0070351566723   32.4491082685485   35.4036063642304
 0.1338801216  0.1344959988   39.9293361127536   38.1091437895894   44.5193964104894   43.0980017105569    40.537512153894   40.3373108058415
 0.1349781408  0.1354392159   39.9293361127536   38.6363804646444   44.8282214402062   43.9101480006315   39.2123307518058    39.214236001957
#[time: 0.14]
 0.1417941412  0.1419607704   39.9293361127536   37.4433000310718   39.3529616679107   39.3350194563425   45.3242809552358   41.0946399634606
  0.142872542  0.1428892111   39.9293361127536   43.9382282978331   42.7007587732721   41.1259997120537    42.387893426188   42.5579416516018
 0.1446018189  0.1450479743   32.3908451624054   43.9382282978331   45.2438018833747   46.2856072146217   38.5819982107699   48.0159747683962
 0.1455811311  0.1458202554   45.6957723521827   43.9382282978331   39.4077564180896   46.8760626767095   41.0051041173853   41.9769827401216
 0.1484031823  0.1489451077   57.5716882714472   43.9382282978331   47.4223329440353   46.7537544167326   59.5104375583677   48.6842999234999
 0.1491702018  0.1492096817   57.5716882714472   62.3506002625013   60.2204089510139   53.1110447847607   57.0277677447619   54.1054319449869
#[time: 0.15]
 0.1545175044  0.1546432399   57.5716882714472   52.5608972613738   58.2940071112088   62.9672236188161   62.8805848766152   57.1056855526436
  0.155504895  0.1555980006   57.5716882714472   58.3730911007544   61.1758560121986   58.8111739476891    50.362190372595   50.2340140289881
 0.1569654583  0.1572400319   59.4374605113793   58.3730911007544   62.8016761452653   63.1148322771213   51.7816226133647   56.3583206382024
 0.1591738124  0.1594747753   59.4374605113793   61.0420736949369   63.5719439410273    63.338715228152   50.8561779299168   50.7052405007981
#[time: 0.16]
 0.1594810031  0.1600556558   63.9513820317737   61.0420736949369   60.7816298747445   60.9470561697069   53.7052785969245   53.3937233634069
 0.1603941064  0.1605711966   63.9513820317737   67.6069753614998   66.4873851547439   62.5739276189857   65.9650648269212   61.6320621070859
  0.161021548  0.1611732163   63.9513820317737   66.7121100381329   68.8388587946009   70.8189925208177    71.740885499032   75.9485953014553
 0.1612151589  0.1615936458     60.21474219443   66.7121100381329   67.8246032757031   69.8945490846313   58.9600360765227   58.5820562408603
 0.1617035283  0.1619976197   67.8934653398666   66.7121100381329   61.7770273778968   65.7464091668716   59.3459754892309   59.8501112422699
  0.162757355  0.1629093423   67.8934653398666   44.7443356807371   71.2993828174349   70.5864020896344   68.5056354033537   50.6874769477155
 0.1630569049  0.1633328382   34.0221615462513   44.7443356807371   68.9864239213573   50.4296079576118   32.5974739316356   45.0555283988741
 0.1647744646    0.16482447   37.0907790631622   44.7443356807371   42.2317732259703   47.5432427040689   40.1278066499469   41.2294463402891
 0.1649724965  0.1651082069   47.2313342098275   44.7443356807371   40.6464234451378   44.2137495143283   36.9115325339372   36.7638193600878
 0.1659110854   0.166317853   47.2313342098275   33.5332200620705   50.0458503269397   48.4831998791952   51.8552020705374    39.677165740254
 0.1683596317  0.1686394244   47.2313342098275     54.87114989076   45.6095870527175   40.3570241134543   49.2861029766811    57.429093314772
#[time: 0.17]
 0.1704192909  0.1705849395   58.3243572896595     54.87114989076   51.1272753468733   52.7189983054549    47.988274362272   48.5962255456671
 0.1727277958  0.1729939426   58.3243572896595   55.6279358480107   58.7967972154553   57.7478071068435   59.5121100155268   49.9566635042207
 0.1739416673  0.1740046111   45.0090884195202   55.6279358480107   58.8455047224067   58.2856829705412   49.0846081355211   55.3590377606147
 0.1744798912  0.1745834328   45.0090884195202    49.902302425401   52.4387150363827   59.4451578768796   42.3812504877747   41.4696160671125
 0.1753885397  0.1755557514   35.6763440269177    49.902302425401   49.4015310062654    51.411009563504    43.214879037261   48.0377356861198
 0.1790945429  0.1792168273   63.6073148724695    49.902302425401    43.630652187845   51.1155077563859   67.3238788474336   49.9849705347086
 0.1797022427  0.1797050091   51.7706460496665    49.902302425401    65.177446840683   57.0149443224275   43.8933326127315    43.892645443865
#[time: 0.18]
  0.182761931  0.1827948436   51.7706460496665   59.3520423791526   51.6017894120345   51.5044492014617   56.4959353275395   56.9939568036459
 0.1860535703  0.1862051464   61.5896706294853   59.3520423791526   60.4803956143968   64.3718992384238   53.7143887406618    54.762707847728
 0.1865720287  0.1868092546   60.3663259943001   59.3520423791526   65.4383700892761   64.2940364293055   49.9351923142819    50.075399260897
  0.188233869  0.1885875138   60.3663259943001   59.4869005278246   68.1790783175321   67.3620393357804   51.6772196993822   51.4644126667075
 0.1887776863  0.1889254616   55.0355727368805   59.4869005278246   60.9120634870966   60.7671016570154   57.7140971747037   61.0695628530863
#[time: 0.19]
 0.1919394461  0.1923636639   50.3910216317483   59.4869005278246   58.7902372510586   59.6112133475246   55.1598053578129    58.577300446043
 0.1930822164  0.1937494157   50.3910216317483   51.8191742479155   57.0573929072257   63.6153322392759   50.3534150350179   50.2534578947779
 0.1954216578  0.1954810012   50.3910216317483   53.8442529829294   57.2315076587056    58.324126763866   44.5469061391206   43.9287588926529
 0.1959494467  0.1963410213   57.9163089571157   53.8442529829294   54.8025728902712   55.9188024191722   56.6845992067459   56.3434446495897
 0.1988166152  0.1990144909   57.9163089571157   58.5176889051716   65.7638792800515   62.4576318726965   49.6234869684559   49.7397875060659
 0.1997879939  0.1997984336   62.2700007731348   58.5176889051716   56.4144740968214   57.7364163514389   57.7581272395891   59.3992946417779
#[time: 0.2]
 0.2086746283  0.2087352405   59.9028473266423   58.5176889051716   64.4930115041426   63.2630163814162   51.5829927089598   52.4750353955053
#[time: 0.21]
 0.2143266833  0.2145816674   59.5252844647616   58.5176889051716   62.0357206722563    61.318307716903   59.2363191795287   59.1732056126418
#[time: 0.22]
 0.2201900495  0.2204824772   60.9558959291925   58.5176889051716   60.3923119093869   60.2865215473072   51.8954916003163   51.4596258056984
 0.2232696388  0.2232979445   60.9558959291925   65.4456949788641   60.4069815113066   59.9070972295725   58.6919447455764   57.9072277692189
 0.2279835057  0.2283411773   66.1487820902921   65.4456949788641   64.1822294149418   66.2516291855538   66.3112500336032   66.2854729508078
 0.2293578624  0.2298726331   66.1487820902921   70.2850482864518   71.4187480010261   70.9350275963885   63.3634211222889   60.5467468814605
#[time: 0.23]
 0.2305198059  0.2305544531   79.4111300079166   70.2850482864518    70.082937371894   70.3852483206923   79.6452506715672    73.347244557965
 0.2337979433  0.2339102731   72.1141729014323   70.2850482864518   77.5900308386554   74.9978010214329   64.0813463085697    66.223066766892
  0.239418399  0.2398031834   72.1141729014323   75.3541525076902   74.3291702554267   73.1429255771644   67.3766178384656   65.1444658551908
#[time: 0.24]
 0.2435910828  0.2437287729   72.1141729014323   76.9873418492095   71.2621625804232   71.2229098173654   71.2991140615739   69.5263729538246
 0.2463775734  0.2464126705   72.1141729014323   73.5183643115505   74.8944187295547   75.6181590682597    74.483957773361   67.9696521957915
 0.2464853344  0.2464954293   72.1141729014323   61.2697425435551   70.1572510027795    69.560893222084   78.5476330676349   65.8763725350296
 0.2468051715  0.2472160125   58.8958910092103   61.2697425435551   73.9470242764699   66.1707694088937   61.8863899996383    63.430622157154
 0.2479366944  0.2480286963   58.8958910092103   61.4235104896706   62.9257208803007   63.4836675451431   50.3821288893363   50.9581922255637
 0.2491196231  0.2493935412   62.2158611213333   61.4235104896706   60.8608105733078    63.039546288357   61.5162448010901   61.5346669744795
#[time: 0.25]
 0.2507623238  0.2512599041   62.2158611213333   64.8053863290804   64.1078055185597   63.8595133466511   58.1345511796555   56.3363257951762
 0.2519169261  0.2526389703   67.9921868181474   64.8053863290804   65.5026260103542   66.4761422210363   59.2542116132011   60.6385597212768
 0.2542797866  0.2543309055   67.9921868181474   68.9523123017039   72.5492021573199   70.5632677798836   60.9249306222685    59.890408894104
 0.2544009018   0.254424367   67.9921868181474    58.500426593013    69.767708861669   70.6844571205732   67.7498698673061   57.3854699770834
 0.2548554347   0.254928883   60.4163760715737    58.500426593013   66.2431128558778    63.501794605928   52.3169899439296   51.9415205929319
 0.2559186617  0.2560205524   68.3869221244528    58.500426593013    59.454391529086   59.4559595871152   68.0230903091768   65.2820539423065
 0.2579362364   0.257968542   68.3869221244528   71.1410629438725   66.8475309768098   64.6426413172165   70.7759629948266   71.5365175693338
 0.2596078423   0.259700254   69.5451579794911   71.1410629438725    71.449633903571   72.8185322026076    71.122881587669   71.2157878714513
#[time: 0.26]
 0.2629473299  0.2631322103   73.5731144741132   71.1410629438725   73.1610488745374   73.3043341934052   64.4773612534951   70.0620020766998
 0.2653525108   0.265382334   73.5731144741132   77.9241816314012   79.1758542848686   77.8801122155437   70.4444947732591   68.6671146473778
  0.265706813  0.2657809074   73.5731144741132   79.7437438318384   79.9100592674833   81.7641141150221   76.0085054253764   75.2197560166706
 0.2669421722  0.2669648706   82.1642536424786   79.7437438318384   76.6522513283728   76.6466219806429   71.9126138251007   71.3810392870946
#[time: 0.27]
 0.2710276742  0.2715657263   82.1642536424786   92.3655387806153   83.4079555035853   82.5591051835164   87.2486421237553   99.8385282120203
 0.2750269694  0.2750650214   82.1642536424786   85.6373047300346   88.5457286835196   95.4798283619767   84.7507743618625    85.337534666662
#[time: 0.28]
 0.2808633918  0.2809072624   82.1642536424786   87.6160159744969   85.2219352674045   87.2505489072835   90.8129017643034   96.1351691445476
  0.281737681  0.2819362841   82.1642536424786   81.0400480933551   87.6273655905943   89.1715979675326   80.4246982791507   71.0851128233778
 0.2844807348  0.2844840949   82.1642536424786   84.4419949299793   80.8569662024445   82.1945082011829   83.9791383703417   84.7865446582025
 0.2853288706  0.2855785596   82.1642536424786   100.239323765562   84.9774362700914   85.2452627928536   88.1373975340156   94.7083293953743
#[time: 0.29]
 0.2925309544  0.2936037056   82.1642536424786   79.7940297366578   90.1610582626536    103.67425690393   80.5459399832955   80.5667217628264
 0.2961699956   0.296319814   82.1642536424786   78.3452277884112   80.5769520019255   81.6405365178279   73.8488561049534    73.762688783525
 0.2984778213    0.29850212   79.4689296773791   78.3452277884112   83.0342615985419   82.2777413444558   69.2760408535671    70.386592056936
#[time: 0.3]
 0.3010626418  0.3011353324   79.4689296773791   74.3156343908183   81.1795645791326    80.933743901428    76.441275416405   76.6274040434204
 0.3013309454  0.3013381094   79.4689296773791   80.5575478342171   75.7156909251114   76.3091737122479    71.688677681748   71.9314407395884
 0.3030696189    0.30310789   78.4334355383442   80.5575478342171   87.0393951356927   87.7641917776596   87.4954729165386   90.9486790331653
 0.3060985137  0.3065090357   82.9201841527813   80.5575478342171   84.4211902543272   85.9163001199852   76.5971106425761   78.1411407725198
 0.3068375502  0.3069078531   82.9201841527813   75.9331506685634   87.4998154909392   86.6601749290256   84.8825731495474   80.4729781550305
 0.3075700142  0.3084623623   82.9201841527813   100.335643614075   86.3116760499686   80.8985829660715   90.3699515732524   96.1156117125851
#[time: 0.31]
  0.309721871  0.3100954734   82.9201841527813   85.1471555197067   89.3647390316592   107.117113220832   83.4794685883154   83.3626356736223
 0.3143710317  0.3147770475   98.4338164072289   85.1471555197067   87.5118620584258   87.9977947816687   100.922537181989   87.5598498202588
#[time: 0.32]
 0.3210086514  0.3212553654   98.4338164072289   88.3305791581094   97.8398694571216   92.1962177827139   95.5299193646939   83.3008232797336
 0.3216309727  0.3216858869   116.290183095504   88.3305791581094   101.617838613417   92.2521430859145   110.480725774558   94.2520436415546
 0.3251412515  0.3252295213   116.290183095504   119.024021979229   119.675824560015      94.7185847222   115.509743115726   114.388983102786
 0.3261949109  0.3262092536   120.941857051053   119.024021979229   113.108913065423   121.648860086496   116.840319098578   119.607936835929
 0.3263798595  0.3264822032   114.127272657784   119.024021979229   124.726686464944   123.784235342479   108.244023860618   109.336534945152
#[time: 0.33]
 0.3323102344   0.332353282   114.127272657784   119.915519371046   117.612953458373   118.766772730069   119.780700240995   130.236164798358
 0.3333457483  0.3333469389    124.50128457007   119.915519371046   116.217795560606   115.846693061604   114.590007044814   115.818938569481
 0.3351451299  0.3354320366   120.551715987938   119.915519371046   124.347937959853   123.445829696906   112.580668528079    112.83475884277
 0.3389161319   0.338936119   124.304868960687   119.915519371046   123.779107312171   123.563382572879   115.122968433625   114.197872203593
#[time: 0.34]
 0.3410414463  0.3411728162    121.21219354132   119.915519371046   124.930115708003    123.98347985488   113.643822278724   114.012612886791
 0.3435145489  0.3436474769   122.162519485425   119.915519371046   123.200004368301   122.618836727412   116.912074757979   117.006561235013
 0.3442000972  0.3443146498   122.162519485425   123.824327172003   126.401141059901   125.297569811428   123.057884510527   117.343514590828
 0.3451910629  0.3454014032   129.857807873198   123.824327172003   124.536745451222    123.17047808874   136.630688564374   129.331763902935
#[time: 0.35]
   0.34997129  0.3506251483   129.857807873198   126.615228876047   135.714710421316   131.963514747865   125.241997603207   125.982872487665
 0.3512524269  0.3513018863   128.245632757871   126.615228876047   130.080328868187   127.141708882553   117.757772445607   118.815709419912
 0.3533166965  0.3534750567   139.448025506229   126.615228876047   132.266281130465   131.306167380982   135.900617263143   127.850661605289
 0.3565941884  0.3568577824   139.448025506229   144.202680383611   139.915997611556   134.417654500008   139.280318405927    138.65543247396
 0.3577311168  0.3584868179   139.448025506229   135.887079902828   143.477878936254   144.914895830162   134.278877023529   134.380475491984
 0.3594126544  0.3595608965   139.448025506229   140.008490006379   144.322007490892   142.488648127218   133.538121907192   133.537473859006
#[time: 0.36]
 0.3621908235  0.3623751421   132.234396272157   140.008490006379   145.118649735592   145.439410767641   136.240820240113   134.814690113472
 0.3645811164  0.3651189038   139.024820330366   140.008490006379   139.651853362564   144.220077572771   149.196775182788   150.367931674085
 0.3653577694  0.3655201015   139.024820330366   134.108264601974   140.109294531397   140.354744805165   142.412288295058   139.300406499059
  0.369235338  0.3692842469   139.024820330366   140.084035669459   143.617587961782   140.603708120221   141.220952522085   143.099325879971
#[time: 0.37]
 0.3694728125   0.370124198   141.012011545692   140.084035669459   140.212704394345   140.356313259462   147.189411337451   145.624591408513
 0.3749184229  0.3750929805   133.050578345323   140.084035669459   141.760470640671   141.558284818608   138.488739651191   147.707372970092
 0.3753354865  0.3755896575   135.410399904564   140.084035669459    139.27755699658    143.65839652939    136.25394177397   139.786771818288
 0.3763379759  0.3764229095   134.355445155095   140.084035669459   141.172841219546   143.085319767625   143.809415291314   150.282308487264
#[time: 0.38]
 0.3823050129  0.3826558878   138.781058302711   140.084035669459   138.873026708024    140.34235233508   141.932389965113   142.531047437668
 0.3860275806  0.3861602491   138.781058302711   135.992826689066   143.010662688157   143.388671222802   147.752220511247   143.745123285808
 0.3884372066  0.3885074286   138.781058302711   134.600702938341    140.31602688772   137.649827636205   143.737980861051    141.32521643267
#[time: 0.39]
 0.3931367604  0.3932786785   138.781058302711   140.836914691041   138.114658202746   137.123015367882   131.834277514551   131.150162684116
 0.3935606534  0.3936014604   138.781058302711   137.732839718016    140.15518732124   140.299392738675   128.539576563129   129.756331298352
 0.3956893703   0.396147644   155.275501546454   137.732839718016   140.132318684212   139.951236246577    152.92137403493   141.803239267116
 0.3962623333  0.3964435699   155.275501546454   157.819954414624   150.244662126524   145.128761753808   150.817232614186   149.694318880795
  0.398859371  0.3994267937   155.275501546454   156.423877544663   160.876754119102   161.646282837724   157.553785514024   151.017719049242
#[time: 0.4]
 0.4002452472  0.4003456817   155.275501546454    162.03846605305   158.718531360162   159.089568894691   161.506305977545   168.668077669077
 0.4009540397  0.4011868987   164.986733042748    162.03846605305   165.135400302417   169.980865877699   157.199387204199   158.643279008176
  0.405115454  0.4060929924   164.986733042748   166.734060974832   168.417989102459   167.241322631226   164.089380263877   161.878802833486
 0.4061057616  0.4063299406   164.986733042748   160.062823538914   164.864035158588   164.576888163415   171.410887839631   166.739931015843
 0.4069088954  0.4072667024   164.986733042748   166.795581963991   167.766320128445   165.310385786433   161.353246691495   160.822345663043
  0.408726212   0.408885012   164.986733042748     166.2431321292   167.176738205393   167.814091034855   157.480323490719   156.591965683581
#[time: 0.41]
 0.4107036738  0.4108905733   164.986733042748   165.781925294428   167.596528103436   167.806276448066    162.49661790378   161.810170366828
 0.4113408655  0.4114670654   165.022025787485   165.781925294428   165.609879567804    165.69301258187   154.940637386104   159.638225508553
 0.4115136316  0.4118056557   165.022025787485   165.740653051602   164.537869184245   165.283121510295   155.724243772149   155.395833227201
 0.4119918232  0.4120954102   165.022025787485   166.332601543952   165.435453920653   165.453592335938   165.417756457693   166.000372925957
 0.4142722169  0.4143276344   166.983169340275   166.332601543952   168.071561902487   168.396022775067   170.995911165462   169.736993789355
 0.4158438511  0.4161591149   165.225155885265   166.332601543952   170.501073388046   170.334058228841   159.586022017363   158.885483391041
 0.4176553858  0.4182393227   165.225155885265   167.388137155866   167.427710328138   167.653126079227   169.332603929917   171.222426600971
 0.4192326691  0.4192663981   170.060287400043   167.388137155866   167.478774264254   168.117425055601   162.690454748901    164.36229656045
#[time: 0.42]
 0.4205135737  0.4206927435   166.571839335139   167.388137155866    175.25816715583   173.349650208462   163.030454964202   162.624936516879
 0.4242378708  0.4242965994   166.571839335139   171.237837070207   166.526767350463   166.430937477331   164.244056489938   163.545759543458
  0.427992156   0.428481949    173.91212402336   171.237837070207   169.668800384371   170.284455601811   164.273386059715   164.875879003604
 0.4294400825  0.4294408621   176.154947554897   171.237837070207   176.316686961485   175.599471562873   166.614107231453   166.311551121717
  0.429645095  0.4299072252   176.154947554897   178.214471674048   175.669720998163   174.651466560282   179.788950758856   180.260731754649
#[time: 0.43]
 0.4334360173  0.4338219379   183.018085239126   178.214471674048   180.793823185225    181.43782340288   182.821383393574   182.149255431265
 0.4344048905  0.4345208415   182.206943539014   178.214471674048   186.195785575604    183.00536828189   172.532314957682   174.808992321203
 0.4352712773  0.4355800361   185.126691719382   178.214471674048   185.476389924359   183.912951337159   184.944264007346   181.993055242188
 0.4389977724  0.4390548101   185.126691719382   178.522868073263   187.358350654361   184.446516030143   186.804519741556   181.748324963754
 0.4394235125  0.4399064156   181.304033803894   178.522868073263   189.090718293483   180.591242636357   179.088365078168   180.203786026967
#[time: 0.44]
 0.4411571361  0.4411851602   174.133212761354   178.522868073263   179.648883293381    179.78032645981   179.271972566578   182.021607701636
 0.4424255075  0.4425012955   182.579178620769   178.522868073263   177.260207476149   177.747284612462   172.846977711323   173.202032468336
 0.4440507098  0.4443734859   182.579178620769   185.024730775067   182.909505820106   179.464733845369   176.868910392631   177.088325889349
 0.4449684013  0.4450118623   192.143639313283   185.024730775067   185.957657749805   186.743013674692   191.063052470522   183.741453585611
  0.445084017  0.4453021314   192.143639313283   192.774980125966   195.076612183283   187.418466318898   186.154269509834   186.234955547561
 0.4461332837  0.4461393409   194.646849925975   192.774980125966   193.533480119407   193.630290153836   191.314163101759   195.327232201162
#[time: 0.45]
 0.4541749648  0.4542737585   194.646849925975     195.4455039655   189.706908766237   194.570726272844   188.812076610205   186.674440781376
 0.4575023438  0.4576645208   194.646849925975   192.641737862604   201.202349036528    201.62314021395   188.591513361745   191.072921283326
 0.4594273547  0.4595774217   196.672774139575   192.641737862604   195.258103570434   194.515328588595   186.853622922521   186.594029733288
#[time: 0.46]
 0.4601568137  0.4606104218   192.012333613044   192.641737862604   195.243862562575   195.008444894308   190.700782176572   190.482827332859
 0.4631189623  0.4636374592   180.270579667377   192.641737862604   191.736307169497   191.562284408249    185.84685245552   194.745107497215
 0.4645415349   0.464736757   191.798738317673   192.641737862604   177.437423255207   196.213191825476   187.233236534227   186.758042250774
 0.4663452896  0.4667163017   191.798738317673   192.323714255697   191.373603370418   193.843761324809   189.921367003773   189.815794064386
 0.4695390296  0.4696151563   191.798738317673   204.084539470684   191.252704479444   193.297051154923   198.135376560989   203.022461091753
#[time: 0.47]
 0.4729874947  0.4730804716   201.080812515397   204.084539470684   199.535163422946   211.908894279964   198.832099787552   198.544497683342
 0.4781270391  0.4781673863   208.316218136505   204.084539470684   203.170936877265   203.479396872281   206.842366873759   206.570832933142
 0.4782720028  0.4783433067   208.316218136505   209.389871627868   207.682415241104   207.243142879499   204.918632990377   204.590078291072
#[time: 0.48]
#[time: 0.49]
 0.4911456211  0.4912546715    212.02470541435   209.389871627868   207.807207690774   208.178808607921   202.401893697668   201.880462984067
 0.4921836932  0.4922856808    212.02470541435   215.803796175089   214.525424816675   213.702854824438   208.567603500888   205.878484863228
 0.4927676575  0.4930088434   218.133334993439   215.803796175089   215.111327412899   215.692735751949   219.051751854743   218.735177585935
 0.4935971815  0.4937281825   217.991546679682   215.803796175089   221.105469282601   220.077973166528   211.482814130875    211.67017007803
 0.4938218608  0.4938763461   217.991546679682   218.588243411277   214.865596240803    218.56992896844   208.647391246501   208.108676798998
 0.4952765182  0.4955624329   217.991546679682   215.071081836384   220.129908545551    220.23684996555   209.455357702056   209.635196549707
 0.4981574595  0.4988874531   202.898800536896   215.071081836384    219.59730053435   218.398440817658   208.606385750443   216.206514098488
#[time: 0.5]
 0.5003499999  0.5007317873   211.358650267186   215.071081836384   211.738518539275   223.663750756421   215.558301362278   218.039850125741
#[time: 0.51]
 0.5113532809  0.5113864463   224.171701007313   215.071081836384   216.537366147397   218.885017687538   231.768117057884    217.82455965537
 0.5115108619  0.5118708136   225.447812081925   215.071081836384   224.875775278104   219.825941211946   216.225436949723   216.202053982802
 0.5173009024  0.5173591204   225.447812081925   222.673732447193   224.138231403276   221.808113061816   234.640002061924   231.282782216663
 0.5176293475  0.5176418536   220.250897733853   222.673732447193   228.162704582385   227.228803755233   223.283925241688   224.269656880704
  0.518791406  0.5188868648   220.250897733853   225.668789259776   220.714936992985   220.627614402008   217.051839346203   217.646812015637
#[time: 0.52]
  0.522753999  0.5228227289   220.250897733853   216.883333009535   223.434899776467   225.980654002836   218.301675256739   215.935551768781
  0.525638786  0.5258635895   220.250897733853   224.419211976734   223.122699258924   221.043908452975   220.631995868783   218.394729029273
 0.5288986626  0.5291164268   220.250897733853   241.197853647807   224.548967659288   225.617773435039   229.081962669849   238.484764008468
#[time: 0.53]
 0.5311743212  0.5312174235   220.250897733853   223.963145338302   230.314845895112   244.099854747829   229.674000598843   233.859673442343
 0.5323504252  0.5327997224   220.250897733853   230.410614605675    224.04419493415   225.635102641765   224.423709666208   222.242660757151
  0.533993767  0.5341391104   220.250897733853   217.122079938507   224.489353600634   228.548939044523   219.802663154041   219.568216750949
 0.5369351885  0.5369555704   220.250897733853   218.818196255986   223.863106900043   222.161774407354   210.022543112359     209.8686080494
 0.5386043514  0.5386174074   220.250897733853   216.405270786869   222.094593074793   220.767488880163   226.298375429742   223.172280756802
#[time: 0.54]
 0.5398131551  0.5404307855   221.882133014509   216.405270786869   225.415055786478   223.091187045091   219.284763115426   219.212796405427
 0.5414714135  0.5415622229   217.891466476382   216.405270786869   222.560727306881    219.83408010563   210.750946859242   212.551335395174
 0.5434224314  0.5435293473   217.891466476382   218.528427166103   218.947173128312   218.813447143537   210.113617613138   209.892859829795
 0.5445774867  0.5445969488   225.500181772795   218.528427166103   220.330727954351   220.585399812501   219.197384673961   222.562638572626
 0.5458088056   0.545963047   225.500181772795   217.850863509094    223.09821515117   221.463640653225   234.237533119275   222.685627226134
 0.5462913961  0.5470446326   231.293678139209   217.850863509094   228.682497902003    225.00720788213   224.961081455096    224.58605620361
#[time: 0.55]
 0.5497952244  0.5502548228   231.293678139209   229.918755716647   225.054936089066   224.355427603861   227.437027972285   220.663083692103
 0.5504100226    0.55065143   231.293678139209   241.602154568795   232.932422803731   232.472086787381   235.796742833209   244.180615023033
 0.5510332967  0.5511427198    242.63239339296   241.602154568795   237.011175647681   240.359629297563    235.12055323449   236.688568642991
 0.5526971852  0.5529499734    242.63239339296    239.48332925079   245.281078625803   244.973941422326   247.496843229111   241.750265742451
 0.5560458188  0.5560541632    242.63239339296    246.37130054897   245.161022396371   243.562384789227   237.345213434038    236.43560191832
 0.5562087256  0.5562838939    242.63239339296   245.923703727449   247.337062108736   249.061669237107   234.579637902212   235.446849320201
 0.5588916259   0.559231906   251.157943792931   245.923703727449   249.065528981552   250.513688315413   253.302947508949   250.860610144731
 0.5594847239  0.5598267254    243.15670994974   245.923703727449   252.787271916448   249.441898844838    242.65553927719   242.118655031817
#[time: 0.56]
 0.5615223269  0.5623021171   244.749206798444   245.923703727449   247.425537293853    249.01248055718   242.368114480108   242.061435052793
 0.5626924812  0.5629872532   244.749206798444   243.837133917395   247.630649548209     247.8417691827   241.820577248958   241.929791255787
 0.5633801601  0.5636318087   246.942785050657   243.837133917395   252.130354839729   251.357950349221   237.385131063374    236.73333036838
 0.5672628888  0.5673316296   246.942785050657   249.098763857734   250.613850499043   249.160620862597   243.499753687111   242.255996273461
  0.567554166  0.5689084014   246.942785050657   256.501612671761   250.687407737138   251.134286572292   254.289977688364   256.643472730533
  0.569846005  0.5699578952   246.942785050657   253.393677998229   254.064454360244    260.76238307285   243.538800538591   244.516495293557
#[time: 0.57]
 0.5705241438  0.5705996015   246.942785050657   250.655452987326   251.783465723676   257.223265782614   242.407465574388   242.149239928096
 0.5723029291  0.5725372409   252.727954958931   250.655452987326   250.723751224223   251.413046795636   242.827618539284   242.648825512596
 0.5740876418  0.5741911948   252.727954958931   256.759437739087   253.007584643692   252.756365272008   253.924598373667   253.634286355593
 0.5761211636  0.5771233911   252.727954958931   241.446266115092   259.255748584363   261.236592298767   257.738613599612   246.907130443078
#[time: 0.58]
 0.5816501832  0.5817875712   252.727954958931   257.162909934009   254.489464087646   246.814829705205   249.838452635416    247.46045576371
  0.582591172  0.5826925653   252.727954958931   251.728354484598   256.787630759901   258.106117542244    243.05112037415   243.832353990335
 0.5829598963  0.5831040522   255.078655827627   251.728354484598   255.913145491953   255.570239531295   254.242617418723   253.959310663283
  0.588288001  0.5884015141   255.078655827627   251.475131880282   258.704633411224   256.807379474719   259.845777558904   256.939783683959
#[time: 0.59]
 0.5912886891  0.5918050091   255.078655827627   258.424069074829   253.784643166958   253.470992430405   251.562453236254   251.920018421426
 0.5935312622  0.5937166188   255.078655827627   255.875976531638   258.220203507382   259.538455656339   252.674174201749   252.448790685823
 0.5939489449  0.5941714797   254.970845265179   255.875976531638    261.17531559798   261.613612486872   256.056729721211   256.199094133296
 0.5986386132  0.5987529929   254.970845265179   253.817147720247   256.124983403484   256.471734465968    250.64113131004   251.095218662257
#[time: 0.6]
 0.6015313759  0.6016700625   260.486064684536   253.817147720247   255.479393686036     255.2632108764   250.573708101672   252.032083220305
 0.6036834832  0.6040795415   260.486064684536   258.780532924191   263.774189058349   260.826703942009   256.351620373319    257.49039862552
 0.6052527682  0.6052879864   260.486064684536   264.713917014118   263.666283564334   262.854083181299   265.833629238862   267.357795604889
 0.6052992943   0.605336736   270.175089496409   264.713917014118   264.942203897623   266.690162917732   269.542728795775   267.821493457236
 0.6055819234  0.6056628748   270.175089496409   273.424163460479    272.66281354036   269.887911209624   264.443434670608   264.194058288401
  0.606808502  0.6071540714   270.175089496409     264.5485705089   274.636903621054   275.747272310917   261.157329022953   262.461245898733
 0.6084231333  0.6092340136   266.684242121645     264.5485705089   269.404196163063   267.906410094602    264.57922267297   265.540420440303
#[time: 0.61]
 0.6148999994  0.6158094703   266.684242121645   268.981163478511   270.692320276375   269.745888552413   269.338570157971   269.891401442571
 0.6167028907  0.6167783534   265.999005394183   268.981163478511   268.416432876218   267.261086835098   260.279747380126   260.066379072427
 0.6190829064  0.6193586869   265.999005394183   264.016187023051   269.779805304512   270.549491588834   263.337264766766   263.902313372776
#[time: 0.62]
 0.6258319369  0.6258474156   265.520340735971   264.016187023051   264.814954157132   267.408202834401   261.938572793513   262.615963677951
 0.6287793493  0.6293311027   266.381217820231   264.016187023051   264.621528829285   264.769041599126   268.753686966166   265.728921291775
 0.6298135952  0.6298228567   266.381217820231   251.628199136603   268.874138961293   263.523929359998   269.319724605421   255.668428824392
#[time: 0.63]
 0.6310690293  0.6313097024   264.847664865592   251.628199136603   261.775419516449   258.410612313045   264.172191023896   255.869234353893
 0.6321814216  0.6322040397   264.847664865592   268.915113007786   261.201850306855   257.520536870732   263.290771018448   261.775410906166
 0.6326886788  0.6332038142   264.847664865592   258.331360112711   268.716959246783   270.195715143688   256.016376812789   256.046429742912
 0.6342102416  0.6345909889   264.847664865592   270.630145133809   259.213348174726   262.145947408558   269.781608613314   272.431601098069
 0.6370214957  0.6372151898   265.045563507077   270.630145133809   272.088378235102   275.077397209556   269.023074806776   270.081390723258
 0.6376123311  0.6379153391   253.661382566772   270.630145133809   268.215295586953   268.802237918491   261.882493667656   279.234767153757
#[time: 0.64]
 0.6413620572  0.6416112326   253.661382566772   263.997986221849   259.083176091203   271.636071490241   252.215566479849   264.041404909188
 0.6476809595  0.6478295581   268.805291785022   263.997986221849   257.303956663095   269.330519937249   259.138762126607   258.370330890033
#[time: 0.65]
  0.649922833  0.6503730397   268.805291785022   266.432816617426   276.180929725015   271.448065611169   260.140403785776   260.456014828733
 0.6554625595  0.6554978893   269.644202469798   266.432816617426   272.401507036205   271.033850027434   264.782534849219   265.553616817791
#[time: 0.66]
 0.6690326786  0.6690989573   269.644202469798   265.577260220618   273.001620977053   271.165402660118   269.403831870495   268.843264729986
#[time: 0.67]
 0.6701941544  0.6703377377   269.644202469798   272.019308155389   269.705309051839   268.655045621043   267.831458983364   265.393810941048
 0.6706692092  0.6713221606   269.644202469798    267.50668273973   270.345353009315   269.668271982047   265.907117418317   260.497255413769
 0.6726890545  0.6732090079   251.125199098105    267.50668273973   276.376192742315    274.98150681859    253.74322076152   271.468914013857
 0.6732477851  0.6733353541   272.585241945668    267.50668273973   258.587829548997   269.659688337397   264.016961157337   267.427359413263
 0.6780483605  0.6784713123   272.585241945668   274.284826895114   275.136870178774   272.706926852109   271.661859459946   271.281691886384
#[time: 0.68]
 0.6811038369  0.6813956937   262.290634943001   274.284826895114   273.395995735152   273.448086107905   267.728360855589   274.942158333148
 0.6865834214   0.686791768   262.290634943001   260.138263307682   269.267778454375   271.330794784797   261.139383641292   261.297496965955
 0.6886343015  0.6886679366   259.067488374845   260.138263307682   265.667324921581   265.068287130489   259.518179645882    259.44040056517
 0.6887719289  0.6888779763    262.05125160361   260.138263307682   260.191684028007   260.447476853923   254.562530352399   255.487972718071
 0.6895084238  0.6897179537    262.05125160361   262.683161277056   265.460931671081   264.538608970903    261.36209734602   261.260890997744
#[time: 0.69]
 0.6902807137  0.6903626952   264.033738556214   262.683161277056   265.687130073933   266.034431886105   258.801764741692   259.476334036024
 0.6904537636  0.6905957345   264.033738556214   267.630040383936   263.483051810131   263.712211764939   260.483835051778   258.883553781363
 0.6927921686  0.6929425307   264.033738556214   263.014270877918   269.204145743206   270.856724591569   255.344907468748   252.987148382533
 0.6936027984  0.6938159533   264.033738556214   265.735899869663   267.931825596662   267.310419972052   261.836804335423   258.281084367542
 0.6939513615  0.6949024614   270.315599249165   265.735899869663   266.007713272015   266.251704216457   264.748275224889   266.858419870664
 0.6956185909  0.6957479968   270.315599249165   280.797128893307   268.587442590325   268.183970412202   275.376800984265   287.111138656808
 0.6959206617  0.6959561833   281.977585689933   280.797128893307   275.147849983424   281.401318705187   276.648015928693   277.419493130746
 0.6992128349  0.6992603436   288.147124948632   280.797128893307   285.009786013461      284.575881935   279.004437529763   281.352536536941
#[time: 0.7]
 0.6997414451  0.7000245392   281.613948477476   280.797128893307    288.84525783486   286.051050403718   280.758519830897   281.004937551957
 0.7026119916  0.7026476801   281.613948477476   276.653081847011   285.733898686167    285.50140877566   290.845921739539   285.741576175135
#[time: 0.71]
 0.7133445511  0.7133515368   277.759896941636   276.653081847011   278.044124902325   279.381529888438   279.750008410046   285.961020596375
 0.7196691794  0.7198495899   277.759896941636    278.45037966927   280.601513161707   280.037288062721   276.429346151811     275.8314501629
#[time: 0.72]
 0.7209333726  0.7209982517   277.759896941636   276.208327233047   279.559396233992   279.800545937683   275.166448689638   276.916413824624
 0.7210063733  0.7211020119   279.163989328898   276.208327233047   279.571821032567   279.285719074822   268.683445391479   269.542695101374
 0.7221772183  0.7222065703   269.158720227237   276.208327233047   279.635619926543   278.835950918676   275.414417304481   280.906602713342
 0.7238116632  0.7239333398   269.158720227237   268.150880684088   274.498003373489   278.994256589988   266.951238821997   267.070505122609
 0.7248793102  0.7254350043   269.158720227237   267.345981866449   266.727432571198   269.170137803542   272.515733389305   268.324243882427
 0.7257629419  0.7261610954   269.982146278766   267.345981866449   272.648625606571   271.883660532647   261.869083151488   262.058514684175
 0.7290542387  0.7290877044   269.982146278766   267.954085588045   265.071121418183   268.964038312874   265.606229244896   267.562048391091
  0.729773911  0.7299983453   269.982146278766   268.524018517077   270.614968958706   270.351287590124   264.913958318724   265.116511712525
#[time: 0.73]
 0.7315720166  0.7316711434   269.982146278766   271.752029384586   270.012801316694   269.884680380672   263.828850862443   263.144509375838
 0.7319760089  0.7321299844   273.860380353699   271.752029384586   272.608575338238   272.920982444637     264.8635624607   265.307037216027
 0.7334951094  0.7335082639   273.860380353699    278.07535195052   274.953955675978   274.410423690496   274.830600983942   274.053043311135
 0.7345554361   0.734611488   277.444233623031    278.07535195052   275.917293296419   280.577228893372   278.770909738738   278.835793001266
 0.7384293709  0.7388964988   280.405663611296    278.07535195052   280.651426264709   280.996812633929   274.316400833577   274.375563437129
#[time: 0.74]
 0.7411380346  0.7411776987   280.405663611296   282.829982293585   279.937732061668   279.731533420559   285.372457450668   291.069878140569
 0.7412865907  0.7419105351   281.351655885199   282.829982293585   284.318290564586   285.500316611497   276.202562179087   276.050192179469
 0.7443469295  0.7446053065   278.265828560304   282.829982293585   284.382899269988   285.014261029542    280.77148313269   277.825338965067
 0.7456224189  0.7457574504   286.595848822888   282.829982293585   281.980881179085   283.581870536363   277.960247075542   278.882953597144
 0.7472642385  0.7474316771   286.595848822888    284.88806600835   286.222884582459   285.219132968727   292.073826185367   290.813262487302
 0.7477664297  0.7478896528   283.190319426733    284.88806600835   284.481856789355   284.907709216919   282.226613712463   281.757050709968
 0.7488171512  0.7490828953   283.190319426733   284.623898766656   284.348204018986   284.521380408641   276.040787792286   275.804023224087
 0.7495971637  0.7497095078   289.383099057801   284.623898766656   287.868635299827   288.480413738122   291.787246677966   288.571765766693
#[time: 0.75]
 0.7556334435  0.7556796978   289.383099057801    290.74765257358   288.839774270883   288.049913087556   282.622835989326   290.685603915628
#[time: 0.76]
  0.761989054  0.7623900835   289.383099057801    301.22559182032    292.69347879367   293.334977788969   295.328497047534   292.955332639037
 0.7638373212  0.7641286762   289.383099057801   291.458779861368   296.264683394104   303.638557631602   285.775896592861   284.997547899021
 0.7655907786  0.7661203008   289.383099057801   295.191658154845   295.528685241208   296.580272812694   286.912319819052   287.378227691197
 0.7682923904  0.7687397546   289.383099057801   294.678389670939   292.202018644927   297.668941940873   289.154861530443   287.538477377941
#[time: 0.77]
 0.7723445209  0.7732138732   292.821761357994   294.678389670939   293.181498472992   293.719457398022   292.861469544576   290.883012803004
  0.775956488  0.7761304806   292.821761357994   297.073630339392   296.665876690629    297.00843145186   289.839034632621   286.729131127038
 0.7780379322  0.7782324327   292.821761357994   296.667255259332   300.005448409566   302.417930340179   288.485790091003   288.322398668005
 0.7787095425  0.7790270032   301.733623587623   296.667255259332   298.360427878652   300.091101433298   301.998204884053   301.062157126119
#[time: 0.78]
 0.7819894897  0.7820197869   300.089993638444   296.667255259332   303.360491599479   301.056979440258    294.92934815086   296.376363730388
 0.7820245917  0.7820616236   304.229261061412   296.667255259332   302.344987195928    301.45827778867   305.616245308765   299.207173088368
 0.7828293427  0.7830628019   289.367031436348   296.667255259332    305.97099329635   302.698981083494   291.944551663742   292.044758181489
 0.7843477379  0.7844855241   297.954058947309   296.667255259332   295.363179949158   302.049007227674   291.128195393155   292.828419526544
  0.784657008  0.7848162989   297.954058947309   300.849535596118   300.376459520057   300.029438023888     298.5194244312   293.258920707814
 0.7854397506  0.7854901874   297.954058947309    305.71255677829   300.005773407601   300.431688104517   294.762013269476   295.639578745137
 0.7861510949  0.7862669335   302.045846019018    305.71255677829   302.761666138696   305.927646562161   300.174509869806   299.655703182345
#[time: 0.79]
 0.7894368789    0.79041512   316.591244321113    305.71255677829   306.360267366063   308.177093443039   309.735027729186    312.07481736018
 0.7934531043  0.7938507128   316.591244321113   317.212655973375   316.311134756763   313.848948127655   314.984805693373   309.266829207611
  0.797537396  0.7979125321   316.591244321113   323.628275175445   319.502863880068   319.663503505842     315.2544062655    313.86894082168
 0.7983422437  0.7984749252   332.366898770591   323.628275175445   313.554028130866   325.111322461666   323.672134337139   327.281667479634
  0.799762412  0.7998856205   332.366898770591   337.499514182198   329.001281258616   328.447511305092   327.803289784903   327.898406934205
#[time: 0.8]
 0.8014638397   0.801472602    339.85371775684   337.499514182198   336.489775287411   338.164246884077   331.135353324059   331.747978791341
 0.8024399622  0.8024538482    339.85371775684   327.286845237344    343.15509708327   341.998073634248   348.309637408264   335.196428204693
 0.8038029502  0.8040498673    339.85371775684   340.749282361558   336.951784074129    332.87784184703   332.719518691176   331.599364241888
 0.8051980886  0.8054706425    339.85371775684   342.892858931087   343.297696413747    343.58585665285   337.929896958962   335.332941328718
 0.8063863837  0.8071221346   349.209272429069   342.892858931087   344.611223825892   345.794723329358   341.177051688224   342.655412298194
 0.8078172601  0.8078233687   328.618513326656   342.892858931087   343.530653051621   344.492400106885   335.902126562993   349.331556724948
 0.8097798835  0.8098177655   344.768984220689   342.892858931087    335.86386488473   339.147464162792   334.676131118343   334.222048520441
#[time: 0.81]
 0.8099521791  0.8102682966    350.59855687776   342.892858931087   343.537628745587    343.62723877619    340.84363261566   343.556028500161
 0.8114532626  0.8114627272    350.59855687776   349.648480457845   354.765470424427   346.238991203576   342.445995120406   340.993104811827
 0.8183394138  0.8187543222    350.59855687776   338.390266733104   351.926202867423   351.771002872563   349.763671652287   340.412759985779
#[time: 0.82]
 0.8226721931  0.8231207648    350.59855687776   349.428928028498   353.439468626728   344.233628762041   342.146991460139   342.502436009016
 0.8240580213  0.8240872757   359.590963295326   349.428928028498   351.534757649934   351.184434733937    356.49933023573   354.253341357364
 0.8273096121  0.8279467796   351.029822386139   349.428928028498   357.774784362818   355.613474041998   350.551771709854   350.506113130858
 0.8298016446  0.8298741295   351.029822386139   346.330474331011   351.696048757855   351.314113723702   347.282465601177   347.715017198752
#[time: 0.83]
 0.8311028882  0.8312052125   351.029822386139   346.656436065018   351.681447928894   350.134879864965   355.817412356237   352.504053191059
 0.8324876566  0.8327131219   351.029822386139   330.360270143273   352.468625096693   347.723192475427   354.534313917042   337.289804892155
 0.8371881854  0.8372573841   351.029822386139   352.890997815222    348.06305252478   339.638646075809   347.789255540873   346.466648591303
 0.8392768133  0.8394402791   356.586633101969   352.890997815222    357.22691032057   358.154332125582   349.313126902391   351.322003583187
#[time: 0.84]
 0.8423891412  0.8426278504   356.586633101969   358.675353090479    352.50237613157   354.625164102901   347.860778520328   348.307161377927
 0.8441527938  0.8441929351   356.586633101969   363.255681048487   357.750507923832   358.040305830743   360.868244276341   361.664066607368
 0.8461121823  0.8461613954   365.024816380346   363.255681048487   360.860208175231   358.878827757025   356.789850205784   357.961472032006
 0.8494793514   0.849569028   365.024816380346   372.102863271287   364.711024453026   364.600239359824   371.065047735051   374.088389586589
#[time: 0.85]
  0.850289569   0.850375491   365.024816380346   365.891974015698    369.57515517435   373.983552988175   357.363414098685   356.355409372523
  0.852292824  0.8523443911   365.024816380346   366.701018157828   366.839206643553   367.284617413445   361.422495948636   359.775372986415
 0.8576228766  0.8577799716   365.024816380346   363.938635378522   367.642403199533    368.59060851734   358.755779347893   358.535434001143
 0.8589312803  0.8590023659   366.064725011498   363.938635378522   364.765504530827   362.298137279416   357.582960272917   357.430459073129
#[time: 0.86]
 0.8607954262  0.8608838939   366.064725011498   361.202442670976   368.443628222395   367.587651414625   375.266589930115   369.979805298163
 0.8612310491   0.861818639   357.553557456291   361.202442670976   362.364138881999    362.66375980086   362.482255776286    366.50469931374
 0.8619363957  0.8619368016   364.087665414093   361.202442670976   362.569485794198   364.070080572472   360.712969843623   361.258621275473
 0.8619825742  0.8621518707   364.087665414093   369.218526155536    367.12421250791   366.304721200829   368.104579026438   360.107150562494
 0.8637268253  0.8639685246   367.461667403074   369.218526155536   371.776706052204   374.817792922804    363.69444746715    363.77257161082
 0.8658887322  0.8660517542   367.461667403074   366.144150861071   369.974297297915   370.397663006084   360.402814551829   360.413879977532
 0.8662129898  0.8670426269   367.461667403074    365.78627802561   373.589790877901   372.909138087481   373.787235267884   370.434060943693
#[time: 0.87]
 0.8735353268  0.8738746288   367.461667403074   368.994809465415   365.268024321729   365.505496896768   362.369225996007   360.086086706241
 0.8771824519  0.8772904622   376.422788398414   368.994809465415   369.378411411163   366.115777371164   371.135865263625   371.986140980138
#[time: 0.88]
 0.8813364678  0.8814940911   376.422788398414   374.838542087814   375.694291971241   373.637975189258    383.90200538751   381.134930179515
 0.8847943737  0.8849263695   376.056912310911   374.838542087814   378.957548044711    375.72349355394   367.228004100248   366.941908103398
 0.8856861784  0.8861688146   376.056912310911   368.288278988224    379.39721257861   378.926279211995   380.736551732231   372.402254445716
 0.8881788188  0.8887237391   376.056912310911   372.018866997218   372.354917151209   372.211992971908   379.424310439147    376.01686020926
#[time: 0.89]
 0.8918685784  0.8920158796   376.056912310911   377.961265823248   371.746409933554   371.863633804448   374.810504701353   374.549336929296
 0.8948694245  0.8950234493   376.056912310911   373.183031150774   373.343270904105   380.079193772211   378.383277619794   377.020279641862
  0.895244216  0.8957226382   376.056912310911   381.105815777683   383.374720875858   380.877078350875   374.684700818319   374.673045401085
  0.896160819  0.8961803013   376.056912310911   366.507743043317    377.62963167564    380.59526669783   375.863527059023   358.114254877904
  0.896221315  0.8963679589   376.056912310911    366.93520066117   378.068963359863   373.169274034555   375.006660771382   371.503775610064
 0.8971300642  0.8973667672   376.056912310911   374.432597222856   375.671437379134   371.838128188572   372.630031737147    372.55804103982
 0.8994638419  0.8996030589   370.725691343572   374.432597222856   377.489271979971   376.979452721006   365.319422671439   365.655565461484
#[time: 0.9]
 0.9012030299   0.901364895   373.664268663236   374.432597222856   375.032398773543   375.917518827459   373.134505764765   377.560815801411
 0.9017000955   0.902307157    377.13518707551   374.432597222856   376.597081119099   376.804897402251   367.373911770127   370.440633583476
 0.9027493365  0.9027673013   380.908907370774   374.432597222856   375.419737269728    375.63725139439   376.257196624985   376.667424209712
 0.9040905583  0.9043682681   379.147566071579   374.432597222856   381.466361374819   379.619897058218   373.022699341331   375.335398807194
 0.9060929557  0.9061574718   373.002032913796   374.432597222856   380.616061577759   377.819433249556   365.214757254544   367.881800995162
 0.9074836261  0.9076764532   382.049416118221   374.432597222856   376.379323285094    377.18862006171   374.581412507979    375.32421982487
 0.9093290184  0.9095766431   379.533985495354   374.432597222856    385.47131748372   377.426056629258   369.209032497359   370.288936099804
#[time: 0.91]
 0.9106212419  0.9107296354   385.932524837481   374.432597222856   386.656312771091   382.834566848216   385.561489680579    379.60232846722
 0.9116094453  0.9118742949   385.932524837481   393.644859042853   385.323326081946     378.7346649945   389.831789159686   390.234958279779
 0.9172758232  0.9173286175   385.932524837481   388.608585665193   390.119925749515    388.78791325181   386.319792484823   380.603409454606
#[time: 0.92]
  0.921884378  0.9219927813   385.932524837481   377.100010437797   388.052252666296   388.463480225547   394.009523827767   382.961915130846
  0.927927334  0.9279587581   385.932524837481   391.755181196161   388.502553794339   380.607569056256   388.059854924949      387.270614208
 0.9288683463  0.9293630726   394.225934835033   391.755181196161   389.936861632067    392.76420557495   385.320063242884   385.617129516431
#[time: 0.93]
  0.930611964  0.9312415221   394.225934835033   407.276399287663   392.710483702949   392.838920434268   396.758105610789   404.061655038843
 0.9323891088  0.9324197443   394.225934835033   411.771186495018   401.392930121106   413.715294534219   403.260666714645   410.005893167741
 0.9385512315  0.9386110654   409.503389844545   411.771186495018   401.097921329499   411.829986568182   408.836612576348   407.502816998275
 0.9393590457  0.9394274871    397.46832125149   411.771186495018   416.140262335435   417.731955523334   401.342834135241   413.942225117935
#[time: 0.94]
 0.9456960909  0.9460013235   410.821845238103   411.771186495018   405.277297828275   415.121973217172   411.336462155353   411.348267684597
 0.9475611545  0.9476755258   399.413417881172   411.771186495018   412.443685840994   412.846850395116   402.744442135856    409.27947653491
#[time: 0.95]
 0.9529920472   0.953262246   399.413417881172   411.315907359416   405.672850816261   406.751777338106   405.333506923553   405.181081306633
 0.9576680257  0.9576962803   416.834886028184   411.315907359416    405.46105776374   415.965208773126   420.873943645155   415.535885032036
  0.958143456  0.9585651134   416.834886028184   414.931815624448   418.986101842932   416.456303127762   409.152842949942   410.018131835754
 0.9587197113  0.9589112485   413.058602933989   414.931815624448   417.288258431261   417.005140243073   414.974236540495   416.347121580648
#[time: 0.96]
 0.9600817617   0.960468306   414.077540468385   414.931815624448   414.780419002231   413.551655395706   406.685081053943   405.903662572517
 0.9617211347  0.9620958408   415.793874275594   414.931815624448   416.569630122838   416.966488130274   407.234946347379   407.163949900556
 0.9644835522  0.9646344311   415.793874275594   417.973118681494   419.728255917772   419.322170952053   419.217116460759   420.385493402732
 0.9648966872   0.965141378   415.793874275594   415.132949612294   419.552931010355   420.494720623823   411.995038584495   412.284624222272
 0.9680401318  0.9681417876   415.793874275594   430.729844219016   420.559179344471   420.219180131692   422.359904765673   427.102870345806
 0.9695108754  0.9695613473   415.793874275594   405.547247733377   419.497839695393   432.265252358926   424.308248002566   414.517215798711
#[time: 0.97]
 0.9733469503  0.9735719942   415.793874275594   414.804470328877   416.824496332488    412.79070822003   406.460484939319   406.485408115811
 0.9763168565  0.9763684904   423.361842737549   414.804470328877   415.953618078771   415.890231397092   421.169915159232   419.316903333791
 0.9765709845  0.9765787462    418.14950396718   414.804470328877   423.579457496666   420.621160100263   408.900105369602    410.37910168341
 0.9779370393  0.9780638759   420.302326507691   414.804470328877   413.264628770479   418.886382931719   416.156482319469   416.524941041694
 0.9786495632  0.9790141208   420.302326507691   425.734502166562   422.214550697686   416.050212596958   419.508190639818   418.062137068239
 0.9795586113   0.979906051   430.983301997187   425.734502166562   424.675723277857   426.025794558047   422.787738493927   425.842644839782
#[time: 0.98]
 0.9854135739  0.9856443125   428.618002877345   425.734502166562   430.304862045101      429.641977321   427.754035455691   426.899894690983
 0.9864625462  0.9867873987   428.618002877345   429.847343105724   428.576145513563   427.973399374964    426.93855141006   424.967537372102
 0.9880542568  0.9881261455   428.618002877345   430.236560193934   431.453753287705   431.785175164205   437.355225367229   439.751808279338
#[time: 0.99]
 0.9955468575  0.9959029689   431.335248781745   430.236560193934   432.119459650991   433.202363114263   421.214548208014   421.547367747661
 0.9959803897  0.9960042367   426.653864078517   430.236560193934    431.37819446949   431.186278065256   426.676265867748    428.70220495997
 0.9998718568  0.9999680804   426.653864078517   396.478624395449   432.805965378147    434.88218272123   424.551599905883   406.818595273067
