# command line: ./generate_stepping_data --cb 0.1 --runtime 1.0 --eqt 0 --exp-unbinding-constant -0.2 --lt 23.8 --k_b 1000000000.0 --eqb 120 --eqmpost 224 --ls 10.49 --ct 0.2 --label paramSearch-goodkbsearch --nomovie --cm 0.4 --eqmpre 200 --framerate 1e-10 --k_ub 350.0 --dt 1e-10 --seed 1.0



#********paramSearch-goodkbsearch__k_b-1e+09,k_ub-350,c--0.2,cb-0.1,cm-0.4,ct-0.2,ls-10.49,lt-23.8,seed-1,dt-1e-10********
#time_unbind, time_bind, nbx_bind, fbx_bind, nmx_unbind, fmx_unbind, nmx_bind, fmx_bind
#[time: 0]
 0.0010268429  0.0010287252  -3.31683172130798  -1.35811665940235   1.59128928703181   1.24663042311673  -1.74442180124163  -1.68969076288233
  0.001822042  0.0018220422  -3.31683172130798  -1.35811665940336  -2.38856495545888   -2.5187822648978  -2.38594864212031  -2.82330945211089
   0.00402421  0.0040242102  -3.31683172130798  -1.35811665940332   -1.0381965615941 -0.662516502448168  -1.22341886250371 -0.859841436423151
 0.0044439467  0.0044523988   4.18302669109234  -1.35811665940332   1.45711706608998   2.32486924443161  -4.89264247266112  -4.98418471913298
 0.0061564966  0.0061574154   4.18302669109234   13.7541571697055   4.34917916297976   3.05077387385594   8.81966288936433   6.58274655619541
 0.0071172973  0.0071229771  -1.11331182660265   13.7541571697055    10.793689992752   14.9033785140716   5.85557123343271   6.59724766359565
 0.0087232178  0.0087257399  -1.11331182660265  -9.52131355266606   4.96427594403186   13.7470750306273   1.05589623871785  -5.12843511966349
#[time: 0.01]
 0.0101762376  0.0101762378  -1.11331182660265  -9.52131355266608   3.96014668341906  -3.47985650846628   3.59340511401857  -3.33083252838921
 0.0102787015  0.0102787017  -1.11331182660263  -9.52131355266608  -2.60858921483448  -4.89464964021543  -3.09034914237922  -5.02642393566643
  0.012186334  0.0121864629  -1.11331182660263    11.238083939302     1.658329990034  -3.39369524812703   5.02505878119252   10.5999012225393
  0.012835121  0.0128351212  -1.11331182660263    11.238083939302   4.97219610010422   10.1187917170802   4.81814519963441   9.99018920594679
  0.013897844  0.0139037844  -1.11331182660263  -24.0540900588723   6.12786800152344   9.40900848950829  -1.21869200321502  -15.8795727945285
  0.016969815  0.0169704363  -1.11331182660263   1.04817600505133  0.360697032146163  -17.8520919368145   1.02982285249966   1.26462700784067
 0.0181729215  0.0181730441   6.29042764119406   1.04817600505133   2.09355584001795 -0.433912557380136   1.67100706010107   2.94578097378442
#[time: 0.02]
 0.0246979558   0.024701069   6.29042764119406    10.546812847961   9.14408764530666   5.04953042272438   5.32566381791719   1.80769235844793
 0.0256296537   0.025633779   13.0157529718985    10.546812847961   9.65025284725681   11.6731836315954   3.39308757500826   7.49110438802667
  0.028753203  0.0287535512   13.0157529718985   26.0591076608781   17.3818244642341   14.7418881819845   19.5254362427733   21.9921384079203
#[time: 0.03]
 0.0312048225  0.0312050513    28.319491591587   26.0591076608781    19.823353813934   22.2316511301625   22.2113306310356   22.7229519390732
 0.0340295135  0.0340296494   26.5690595199033   26.0591076608781   33.2890844357099   32.1002639070067   26.2807251590867   25.7422626668918
 0.0349642171  0.0349684713   19.2061980227104   26.0591076608781   28.1131328261418   27.8757617782628    22.773561555115    26.437185883609
 0.0349824793  0.0349826616   29.1738210414371   26.0591076608781    23.952602164649   25.4305400993817   25.2411437823043   27.6632578725819
 0.0351056995  0.0351084228   36.5703917648239   26.0591076608781   35.9021786762854   33.3663229788445   33.9244247243021   31.0514035764879
#[time: 0.04]
 0.0427477789  0.0427477793   35.9398582584979   26.0591076608781   33.5118423172094   32.8055212833763   34.0167373725798   33.0802838046488
#[time: 0.05]
 0.0505894261  0.0505897869   27.6770212395608   26.0591076608781   35.4778900824028   32.8259609758661   20.0628097010532   20.1703056958936
 0.0519163597  0.0519187988   28.6871976236176   26.0591076608781   30.4095006937494   29.7136043532101   31.6472019902959   28.4513315109885
 0.0553249145  0.0553266798    12.825489370356   26.0591076608781   30.1787072517976   29.1043009921207    18.933779945977   28.3110473102522
#[time: 0.06]
  0.062562332  0.0625627859    12.825489370356   16.1651997372052   17.9402105851798   26.8462732159405   14.8107175854214   15.3594803120914
 0.0670149068  0.0670149399    12.825489370356   8.31955444724973   17.6003039405468   19.3479753305479   17.6178366268896   12.9911215493394
 0.0672532508  0.0672570573    12.825489370356   9.56437944962049   16.5770460884785   5.46124105741976    11.509447740579   11.8456614714237
  0.067505787  0.0675057872    12.825489370356   9.56437944962043   15.4322507841455    13.717952879393    15.706543625996    13.938825254668
#[time: 0.07]
#[time: 0.08]
 0.0852837756   0.085284269    12.825489370356   14.3991721784941   11.1107394956575   11.1467781739242   5.44978272645316   4.76155339280177
 0.0862091312  0.0862110582    12.825489370356      15.5225419587   14.0159963953589   14.5554941899509   8.84426439311562   9.10902135503991
 0.0876769778   0.087679521    12.825489370356   25.4677191462694   15.2028581156178   15.9186674901448   14.3021676589134   24.7923099414499
  0.088240681  0.0882431772    12.825489370356   15.5200660716725    18.977253821549   22.1701840698558   13.4597934556042   12.6352483618508
 0.0885534016  0.0885534196    12.825489370356   13.8851096668628   15.2157536606666   15.5318885742103   14.0334309580063   14.0931750254947
#[time: 0.09]
 0.0902105072  0.0902105074    12.825489370356   13.8851096668628   14.2361307453608   14.4049607015636   14.1188324698483   14.2681317378955
 0.0912098428  0.0912109556    12.825489370356   14.2463353283833   19.0973448190165    19.862130932556   14.5231832229287   14.7828591573305
  0.092720135  0.0927208989    12.825489370356   10.9969247228593   14.0679341508047   12.6767870918659   8.30133141915507   8.31347118269013
  0.092982134  0.0929832228    12.825489370356   11.9992246339089   12.8634625807328   12.6058204117902   2.33686942834836   2.15487252403435
 0.0939339254  0.0939346368    12.825489370356   19.1533315127992   13.3895259974649   13.3441520127204   15.1751714086984   19.7560663370954
 0.0950414287  0.0950424656   26.9197394676808   19.1533315127992   15.1398883068846   13.4470745256174   26.8972809325863   24.3141426174678
 0.0965857079  0.0965857481    19.887479406651   19.1533315127992   25.7734174335633   24.3520268336475   18.9100302786993   18.9935008840687
  0.098738556  0.0987386548    19.887479406651   14.4145578251275   22.1861095551987   21.8830603766483   22.1651747002519   17.5332166049379
 0.0996067808  0.0996073777    19.887479406651   29.7076556991289   21.5154485232379   19.9929021270465   24.6875292510686   23.6009611905977
#[time: 0.1]
 0.1009055619  0.1009072659   37.2129874432967   29.7076556991289   26.7425049721707   30.2328598322908   27.6162794021252   30.2155281191046
  0.106701361  0.1067020722   37.2129874432967   43.7862859512244   40.5875086745173   34.4627974466168    40.725323791121   42.9446546766943
#[time: 0.11]
  0.114245549  0.1142458236   37.2129874432967   40.4155523043342   43.0971588116406   47.5659220307569   42.0829318618477   45.0800270615734
 0.1165353097  0.1165356495   45.1561513585502   40.4155523043342   41.6447168840532   42.0970092638849   36.9274316955857   37.8594211428987
 0.1193830099  0.1193834312   44.5564753470048   40.4155523043342   42.6172348945891   42.7218615279214    47.749278975003   43.2831848131801
#[time: 0.12]
 0.1232243504   0.123229338   44.5564753470048   52.0150542547518   46.8639219311463   45.3755799436436   48.0611271007304   49.0269374251384
 0.1287078829  0.1287161847   55.2953107521551   52.0150542547518   48.6530129415573   50.9114049584886   45.3728586275262   47.6239235948376
#[time: 0.13]
 0.1309690442  0.1309692896   55.2953107521551   53.1983560936792     54.52041468384    54.175950543821   50.7716711354151   51.6646519409806
 0.1332036101  0.1332096009    61.288045847518   53.1983560936792   59.4264371319782   58.0687395161292   54.8725261063179   56.5163056723342
 0.1334844518   0.133484452    61.288045847518   53.1983560936791   62.5465456910946   58.3621611486569   62.5228676993133   58.4288508969414
 0.1357358968  0.1357463506    61.288045847518   60.5062067941599   63.8080700338588   59.3748132876462   56.1896182391264   56.9698904730649
 0.1369136598  0.1369169056    61.288045847518    60.207639402886   66.5276721207349   66.1208920778957   58.2014541037957   61.6412789451302
#[time: 0.14]
 0.1437897275  0.1437919908    62.310724924786    60.207639402886   60.7826811228192   60.7750359158113   72.3170871963247   69.7733751689897
 0.1448897112  0.1448897678    62.310724924786   67.4443260028515   66.5010680297634   65.9025874366744   62.3961154643891   60.9009510882022
 0.1468616804  0.1468643364    62.310724924786    63.428120022002   65.8563593436877   67.2146658038005   59.4976952412453   59.2711964473433
 0.1468921959  0.1468924913    67.455515657784    63.428120022002   66.2659811218065   66.5564097928952   65.2417810619068   65.3899309774271
 0.1476576471  0.1476598659    56.225693927221    63.428120022002   69.8261735836584   68.6842859981661   57.5767952203065   68.4139671440692
#[time: 0.15]
 0.1505107476  0.1505199369    56.225693927221     53.09555714201   61.7243809332088    65.670207030377   54.2033820648712   55.2915559428081
 0.1506883558   0.150688356    56.225693927221     53.09555714201   58.6994153745074   57.4806892368063   59.2703230663442   57.8759939394572
 0.1513478331  0.1513513959   55.1004899829008     53.09555714201   61.0043669345278   59.6021700745449   45.5242118436892   49.5646224602851
 0.1513865855  0.1513888129   54.4781210088166     53.09555714201   56.0250696195498   54.6463480986524   46.4153865080854   47.6947361069808
 0.1566996303  0.1567004703   54.3781355483242     53.09555714201   55.6820579698803   55.0985569806334   44.4825257913592    47.392218205086
 0.1567056915  0.1567068995   66.4172599090935     53.09555714201   52.5186533493049   55.6090709753741   65.0006766657024   56.0013328903394
 0.1577034939  0.1577034951   63.4328333135563     53.09555714201   70.1636319429827   60.7963966421995   68.3624309859599   59.9388133082592
 0.1591765122  0.1591821457   63.4328333135563   58.9283499809491   65.8656235949991   61.4934790594163   65.7934787359801   63.3735559676999
#[time: 0.16]
 0.1614200496  0.1614210504   63.4328333135563   58.1227894004739   66.7809215114137   65.4032228622989   63.1454338415008   59.7494902720701
 0.1619888598  0.1619890799   63.4328333135563   65.0433039323009    67.450580606555   64.3543001196684   65.6204548767013   66.1291353085761
 0.1627554941  0.1627610847    71.385152947127   65.0433039323009   65.3633356406552   65.9871886885874   66.3686216938165   67.3514412271158
 0.1628536747  0.1628576628   66.1955346886794   65.0433039323009   68.6574372411733   68.4627846321735   60.5484319914764   61.7961263406885
 0.1634047757  0.1634047759   66.1955346886793   65.0433039323009   70.1743285504412   69.5231334284023   70.0895978142835   69.4553912680894
 0.1636182625  0.1636183821   66.1410826929698   65.0433039323009   69.6769397237746   69.1001673850365   63.5184052899514   63.6576684641402
 0.1641567974  0.1641611017   66.1410826929698   64.2834395692106   65.5214932711864   66.1509281402974   67.2872227925032   65.1119250502489
 0.1652485616  0.1652492282   66.1410826929698   70.7634709120494   69.4338403637554    68.279495108617   60.0784563035152   61.1545785282724
 0.1655674824  0.1655674882   66.1410826929698   70.0185283705543   70.2684283373457    71.926286789988   71.9538756490434   73.6426385361572
  0.167328647  0.1673295417   66.1410826929698   65.0126799380669   70.4078150223381   71.3858242065041   71.9195073369901   71.0924707236987
 0.1675251684  0.1675344997   66.1410826929698   67.2462090171415   68.0979671344982    67.247957139904   62.1557784166289     61.82237509312
  0.168480681  0.1684812114   66.1410826929698   72.0317288632294   69.1957284425518    69.889210439869   64.1006236454406   61.5741530445197
#[time: 0.17]
 0.1754103097  0.1754107988   74.8839507874287   72.0317288632294   69.1008504281324   69.5107349120383   66.0616277420468   65.8851371122653
 0.1766593349  0.1766605467   62.0034779293221   72.0317288632294   75.3066550544896   74.7247933480796   62.9646846742878   61.8657516154603
 0.1772060894  0.1772060896   62.0034779293221   72.0317288632295   69.3426167718258   75.8269139421956   69.5233551961938   75.9502565535912
 0.1781287281  0.1781290302   69.7503293333269   72.0317288632295   68.1649997677966   72.3728992197958     63.10190041453   74.4665511726621
#[time: 0.18]
 0.1818568441  0.1818569834   68.0609276941944   72.0317288632295   73.9739908894559   74.7903122621895   70.3411340851562   70.9988316795388
  0.182480365  0.1824831203   68.0609276941944   66.2302453990977   73.9247856392711   75.5624637969288   62.3418727693365   63.8731803129271
 0.1855400652  0.1855401305   68.0609276941944   64.9724831606128   67.9163956236436   67.8203075203092   67.1454594226806   66.8869341782564
  0.189374986  0.1893749862   68.0609276941944   64.9724831606128   71.7427464974207   70.1519038869939   71.5575578546304   69.9362861218574
#[time: 0.19]
 0.1911096201  0.1911098339   67.9579853868717   64.9724831606128   64.8925509662181   65.9982362422523   57.5026928731697   69.9384036144774
 0.1916592119  0.1916592121   67.9579853868717   64.9724831606128   68.6903359726271   68.2800287659725   68.5747916947983   68.1521899297877
 0.1948401148  0.1948440246   67.9579853868717   66.1107338840075   68.6171171309434   67.9380590839641   63.2303933482406   63.1879265762717
 0.1960383725  0.1960384832   66.9397867202867   66.1107338840075   70.5214074891954   70.0782664049763   69.0212062297576   68.8973710776355
 0.1962109641  0.1962139676   82.5554174976933   66.1107338840075   68.1694430024725   67.8432628182053   83.0727840848051   72.9917583039577
 0.1984657619  0.1984675216    68.392737920401   66.1107338840075   88.7644940275219   74.1566691690828   65.1830080046781   67.9370314891277
#[time: 0.2]
 0.2019200025  0.2019222343   70.2954727297505   66.1107338840075   76.3226971843075   74.4977653578186     62.76466580009   65.8203597212054
 0.2029172527  0.2029172532   66.9842577608533   66.1107338840075   69.3313735619253   68.1256476769626   69.3176830160819    68.774432810691
#[time: 0.21]
 0.2118051943  0.2118052133   67.2799235281456   66.1107338840075   70.1027457865247   69.8181784027241   62.5775707202561   64.0361343976858
#[time: 0.22]
 0.2233617377  0.2233659799   51.5666574605907   66.1107338840075   68.4346376589612   68.2828555816275   54.5916416825513   67.0609424617173
 0.2264789837  0.2264791398   52.1605774130364   66.1107338840075   54.3386357742674   63.4230197631546    55.756200698324   66.1874338673674
#[time: 0.23]
 0.2311967312  0.2311989991   52.1605774130364   62.1659983310791   59.1122153370169   65.1935266190543   58.0428100844146   67.0541188235707
  0.232617354  0.2326242715   52.1605774130364   55.0882966175859     59.13425387393   64.9996685216875    48.182820545078   47.1564280578461
 0.2338463901  0.2338472966   58.3588602503508   55.0882966175859    55.596764685966   55.8207728809734   49.6260502560268   51.0609474039666
 0.2371289878  0.2371290001   58.3588602503508   56.0239294185913   58.4909532926724   57.5964363743041   61.0591778434425   59.6565811533221
#[time: 0.24]
 0.2427640502  0.2427693808   58.3588602503508   56.2832174695244   60.5158165426244   58.9901196355993    49.048018713537   49.0361621061362
 0.2469871766  0.2469885969   58.3588602503508   59.2700416200108   55.6784538082082   55.7442460168157   49.5563502859881   49.1557073742598
 0.2497918742  0.2497918776   58.3588602503508   63.9790805659764   61.5344335504694   61.9099017457034     61.19216183784   60.6900212317437
 0.2499041539  0.2499051819   61.0573734083357   63.9790805659764   59.2798101779485   57.2802330984737   62.2279919907152    61.874413098204
#[time: 0.25]
 0.2502253147  0.2502291023   61.6601478398439   63.9790805659764   65.2137645063662   66.7712405052381   63.4784069636649   65.1991826355639
 0.2514119538  0.2514143496   61.6601478398439   62.1817401557735   65.6677918012229   66.2120461751927   55.5699894430365    55.380540826771
  0.252860315  0.2528604415   61.6601478398439   60.3520967597075   59.9107224378033   59.7611105070775    64.177658988958   63.6869649939498
 0.2542858309  0.2542911594   65.3178941080486   60.3520967597075   63.3165460887902   62.9159145154483   54.9449291550066   54.7325530606105
 0.2555052832  0.2555144534   65.3178941080486   61.8049944161047   67.1757978930844   65.1528093345862   55.9242332999684   55.6433538649193
 0.2579625351  0.2579628775   65.9213400792136   61.8049944161047   69.8208457543398   67.6292661583515    66.176876282546   62.8590958054752
 0.2580903462  0.2580903464   65.9213400792136   61.8049944161048   67.8011317231254   64.2918135511461    67.906362309198   64.3130174345736
 0.2585479569  0.2585482105   66.5929077904989   61.8049944161048   65.6931989992695   64.8515326017521   65.3129202583002   64.2272218522101
 0.2596207052  0.2596323837   66.5929077904989    59.415631041371   65.0294951600933   64.4712883099109   71.5476065774108   64.9843952412317
#[time: 0.26]
 0.2616503285  0.2616503287   66.5929077904988    59.415631041371   65.6528025768272   64.2991309983973   65.7368674409358   64.3158820456519
  0.263326125  0.2633264517   66.5929077904988   67.3940840575519   67.1782771317768   63.8363891251168   66.9224177716604   66.7466545122149
 0.2666779388   0.266681089   66.5929077904988   64.8824454035495   69.8911429215281   69.9640995615619    67.235392075132   66.6609224132239
 0.2691069061  0.2691148762   66.9770681086257   64.8824454035495   72.3171563520932    71.429216800273   60.1500738005503    60.892610251374
 0.2694641974  0.2694677607   66.9770681086257   64.1073237258222   71.6644711395066   70.7067116386007   59.0498823646365   59.4507170421983
#[time: 0.27]
 0.2747974186  0.2748002608   66.9770681086257    63.114741121561   66.8181781363683   61.9384258171603   62.7926022633809   63.7416796317601
 0.2788679305  0.2788688137    59.541898847503    63.114741121561   71.6672139384581   69.5445555389381   61.4586834441017   61.7502462421278
#[time: 0.28]
 0.2847091423  0.2847111773   60.7427999470438    63.114741121561   62.6179818782286   64.6913243634734   70.0703910963551   73.1402953740076
 0.2855890305  0.2855901984   65.3485601066705    63.114741121561   64.9205241380794   65.5767630739276   63.1805325404465   63.3621050669208
 0.2883578083  0.2883589532   62.2226074624778    63.114741121561   63.5731511870027   64.7016220477532   69.9070419797146     71.76091367165
 0.2892061985  0.2892106628   64.4227412688609    63.114741121561   64.4759970610021   64.5825492138648   64.1405357763598   64.0855187782976
#[time: 0.29]
  0.296441163  0.2964411632   64.4227412688609    63.114741121561   69.0794625579597   68.3601276821648    69.117748352513   68.4126206432528
#[time: 0.3]
 0.3002216754  0.3002221303   64.4227412688609   70.1721999115309   63.5279873690585   64.2203926275011   66.9560027071977     66.77857381583
 0.3025487816  0.3025515441   64.4227412688609   63.7212234415647   69.2351507845237   70.4694060648782   56.2247155493184      56.2593827918
 0.3054144284  0.3054148291   64.4227412688609   65.2041284104186   61.9925584678478   62.2455148275975   55.2560863937002    55.182038663442
 0.3071540192  0.3071570821   64.4227412688609   71.0185168705524   71.9331145405589   72.4500175353732   60.0361384155701   60.5293454887965
#[time: 0.31]
 0.3101876484  0.3101876486   64.4227412688609   71.0185168705524   71.0073232823452   75.6553328516361   70.9175149169115   76.1031421683072
 0.3105828485  0.3105846326   76.7659669669367   71.0185168705524   68.6989389322323   70.7197832549126   76.5030211999916   74.8395387309816
 0.3109811765  0.3109829807   70.0413643538301   71.0185168705524   81.0869181984317   78.4110110396683   60.9690383013184   60.8329375998985
 0.3117227672  0.3117232151   70.0413643538301   72.3451000765338   70.8783480946485   70.5716820362458   62.6945828367426   62.7320945995997
#[time: 0.32]
 0.3260359504  0.3260359506   70.0413643538301   72.3451000765339   71.5280852592183   73.1018945259505    71.565624590184   72.8633154819188
#[time: 0.33]
 0.3306230235  0.3306245189   67.4637560040472   72.3451000765339   66.7876914283673   75.0006736729369   73.7326371947724   78.9559677546971
 0.3308096734  0.3308096736   67.4637560040472   72.3451000765339   72.2605901027037   74.0907687517449   72.1664921331086   73.9250954603248
 0.3367536678   0.336762195   67.4637560040472   68.8566360129757   70.9417723018316   72.0901064254926   61.5140422453037   61.4861894830697
  0.339593274  0.3395950871   67.4637560040472   68.7437544062112   67.0094877184382   70.0060884658488   62.0228967525141    60.451731498263
#[time: 0.34]
  0.345529931  0.3455299516   67.4637560040472   68.4366585498985   70.6318289328302   70.9657908652573   64.5717610745895   63.4689603091477
 0.3480203973  0.3480212926   70.2657441750095   68.4366585498985   69.8855034713712   70.2761720327378   59.8795783810322   60.1454034709493
 0.3487231959  0.3487231961   70.2657441750095   68.4366585498985   74.5772736454407   73.6857025537851   74.5643999097243   73.6930674129706
 0.3497291296  0.3497316216   70.2657441750095   74.6826949609372   72.4916322864016   71.0307606785817   71.9270715512582   71.5018643459942
#[time: 0.35]
 0.3545367336  0.3545412693   70.2657441750095   60.3269527685827   78.2483653608321    80.873790870241   67.4414321727066   63.0199693856615
 0.3559040353  0.3559053433   70.2657441750095    61.495988936436   70.6615200858608   66.0093009993093   72.9481836754436    65.191470016341
 0.3579746189  0.3579765029   56.9465768774241    61.495988936436   74.4648269915471   68.1464579238334   54.0470579758439   53.7370185139666
#[time: 0.36]
 0.3612729398  0.3612751193   56.9465768774241    61.508111863279   62.0618578462757   63.4893906625432   54.5046719787735   53.7932878123084
 0.3624447369  0.3624454653   60.8676937024592    61.508111863279   60.9122434365698   62.2950657923139   52.7521855391786   52.8878316119004
 0.3670237593  0.3670276457   64.4871707388872    61.508111863279   66.5649014383849   66.9323512201759   55.7178168810087   56.0788807156545
#[time: 0.37]
 0.3702850871  0.3702859887   68.6625837660961    61.508111863279   65.6337217006439    63.526832050929   72.5225195126572   66.8639528017116
 0.3741834238   0.374183424   68.6625837660961   61.5081118632791   72.8184607142759   68.4764671438166   72.6707270180207   68.4027178125825
 0.3744271948   0.374431584   68.6625837660961    67.025018169018   66.2679316102873   65.3459476985366   78.7582114176477   74.1253395234623
 0.3745764051  0.3745765273   83.9685341997161    67.025018169018   70.6055583036584   70.0273739972335    87.151433330058   68.2134849781464
 0.3799566374  0.3799611492   83.9685341997161   84.8275296477865   81.7990714249237   72.8222756598235   78.5883675437814   77.9825478427443
#[time: 0.38]
 0.3803960592  0.3803964706   83.9685341997161   86.1430883788707   88.9389836004939   89.3960022008999    75.708266445628    75.795546547661
  0.381431544  0.3814318772   83.9685341997161   93.3859209700024   89.1058986150493    89.992414283261   88.6474820530228    87.778265373728
 0.3874098514    0.38741996   83.9685341997161   86.1995076395128   90.1758166298921   93.2134290314415    86.931461861309   87.6516910163501
#[time: 0.39]
  0.391176836  0.3911793591   83.9685341997161   85.2049661086519   88.6292284940446   89.3049741230695   80.3761997435645   79.6602798471367
 0.3936037838  0.3936055408   83.9685341997161   85.5602064211706   86.1990637975031   86.5620679244474   75.6857696800756   76.0002306298968
 0.3983119798  0.3983139172   83.9685341997161   77.4493086921395   86.0232718900475   86.5143114801123   88.6601328289117   81.0750830696867
 0.3987539505  0.3987554745   78.1419467026027   77.4493086921395    81.618949058737   80.9414553605477   70.3747399728505   70.3229567709686
#[time: 0.4]
 0.4008878756  0.4008942793   78.1419467026027   77.2299994740417    79.650078040913   79.5297758829796   88.4196886800896   87.3457181812568
  0.404142153   0.404143167   78.1419467026027   77.4400117850353   82.9938021033708   82.6916113162265    69.956934196186   70.3246072581574
 0.4056014255  0.4056024793   74.5897921107306   77.4400117850353    81.365306239889   81.1159835765779   79.6522347707148    82.844337011321
 0.4063234741  0.4063242718   73.8956627827977   77.4400117850353   83.7113105609561    85.669031245798   74.1853903752059   75.7293156519568
#[time: 0.41]
 0.4105158797  0.4105173818   79.5599081356729   77.4400117850353   79.2733329188531   80.5172470916973   77.1409130478115   77.4325395762499
 0.4116342948  0.4116374068   79.5599081356729   78.3314687069993   76.8981893556061   77.2827693336108   80.5673091353362   79.9981127301863
 0.4124664066  0.4124698166   79.5599081356729   77.3718662036443   82.8403059012829   82.3353826093187   77.1414939744259   77.6485536061338
 0.4128397691  0.4128418193   64.9465240179646   77.3718662036443   80.4849230340342   79.7529392425435   68.7342268577946   81.1766993968395
 0.4143302369  0.4143319753   83.7758484066155   77.3718662036443   70.4406766863565   74.6113596773726   82.7787047119228   79.2262943909747
 0.4163277757  0.4163282499   81.0844295105843   77.3718662036443   87.0513488664871   84.0576143798091   90.2144774630429   86.4083386809689
 0.4169896661  0.4169944043    81.915586556596   77.3718662036443    80.738236310844   79.6682513776803   77.9112734984699   78.9759881601931
 0.4171787685  0.4171789988   61.6247111643864   77.3718662036443   81.0822473252266   79.9412259101691   69.8487037772445   78.9902748388698
 0.4176949789  0.4176949791   61.6247111643864   77.3718662036443   68.7384244810032     71.36292282275   68.9787179694511   70.7623437731276
  0.419988492  0.4199893633   80.2969453336044   77.3718662036443   69.3971403935193   77.5989571048895   76.0309760335892   76.8717762196262
#[time: 0.42]
 0.4200490367   0.420050316   76.7412032922309   77.3718662036443   81.4161998155814   76.1558249503958   71.6108925094848   75.4999284481299
 0.4215671476  0.4215809155   76.7412032922309   78.4414102334604    80.850617630621   81.0195958517536   70.8236818518942   70.6141209615546
   0.42341831  0.4234199956   76.7412032922309   79.5258598935568   79.1897166737044   79.5390646481914   82.0576469308066    83.844982956233
 0.4250729284  0.4250750287   76.7412032922309   74.3156064084617   79.1625095498999   79.9435426985472   69.2133613904783   70.0326490796939
#[time: 0.43]
 0.4301056741  0.4301077148   78.4330525286541   74.3156064084617   75.0136894127602   75.1897897491518   69.9067020876798   75.9744856750141
 0.4353807362  0.4353808135   78.4330525286541   76.4042358360088   80.4826729357392   79.3402198223828   75.9954649043619   76.1654233223957
 0.4355858464  0.4355863615   78.4330525286541   69.6879758423223    78.416869561298   78.1869249276787   79.1590502155311   76.0655448224196
 0.4394111822  0.4394113045   78.4330525286541   84.3883921744496   79.0469630938515   75.8767495773402   83.4928546559034   79.3832368707578
#[time: 0.44]
 0.4404317525  0.4404320475   86.0959843171186   84.3883921744496   82.8242139271726   85.1012502507514   79.2839878539708   82.6350299358512
 0.4450806569  0.4450806571   86.0959843171186   84.3883921744496   90.9447790999251   89.9451397911303   91.0266902277898   89.9927364571314
 0.4455138237  0.4455138239   86.0959843171185   84.3883921744496   88.4056365865426   86.2442837396678   88.2457054476123   86.6142250922581
 0.4473115986  0.4473116454   86.0959843171185   85.4208733755963   85.0758502960777   85.1296148920095   81.1001898481361   81.3912463741653
 0.4485838645  0.4485867375    89.194099870272   85.4208733755963   88.3864788044105      88.2841558536   83.9290039650512   86.6929015534198
#[time: 0.45]
  0.450219099  0.4502213536    89.194099870272   90.9959955043738   89.5672962994904   86.0492511646976   92.1778177780038   92.6251708749944
 0.4503703174  0.4503727339    89.194099870272      87.9028186317   91.9568241853225   92.5301265993342   91.3591132603613   90.7053431569549
  0.451179056  0.4511861161    89.194099870272   89.8908266099709   91.5222509833533   91.0833740827775   83.0064115869867   82.3026752324044
  0.451299823  0.4513003808    89.194099870272   82.9358527728471   89.6304557332633   89.7666675697429   98.1035347914297   88.7793862214635
#[time: 0.46]
 0.4604203305  0.4604288092   85.1101759537619   82.9358527728471   81.2866793215652   85.9624668959931   86.5133865608875   81.3899434244624
 0.4657060669  0.4657065769   88.4894821654455   82.9358527728471    85.619110591557   84.8228593925885   81.1224159623459   81.9862839569019
 0.4664551857  0.4664553397   87.5510765790045   82.9358527728471   86.2545099854626   85.9698158125629   82.5463071372666   83.7327304937494
 0.4694775362  0.4694780378   87.5510765790045   90.5294777550815   84.0174769291371    85.241330702737   84.4454718389332   83.7929268065812
#[time: 0.47]
 0.4709687039  0.4709687041   87.5510765790044   90.5294777550815   89.5982848845162    90.101521090454   90.1373315532976   91.0573070038538
 0.4727984293  0.4727989189   82.1051168658644   90.5294777550815   89.2943955096682    90.513645730015   90.6065097741384   100.147847108393
 0.4760407464  0.4760436835   82.1051168658644   84.8517631744855   87.5840588536987   90.7964097440554   91.6831815232984   94.6583175966151
 0.4794988859  0.4794993377   83.8267586327512   84.8517631744855    89.061850275206   91.8489789332623   87.1635074069724   85.5793916087791
#[time: 0.48]
 0.4846503234  0.4846530887   83.8267586327512   82.5154248693045   84.6516704734529   84.7009648288254   77.2340457853266   78.1261627322903
 0.4848002914  0.4848076725   83.8267586327512   85.7905410203466   84.4492516239419   84.3155036629931   80.2138074986467    78.843011922547
#[time: 0.49]
 0.4976823905  0.4976849358   89.9772947700691   85.7905410203466   86.4108344187201   83.6433831507298   79.7467110922299   80.4215811079501
 0.4993320459   0.499333926    69.927403666763   85.7905410203466   88.3623426750841   88.1825646580508   70.8211017275084   87.8931905569631
#[time: 0.5]
 0.5001938817  0.5001938819   69.9274036667629   85.7905410203466   76.8923727861265    90.222512699582    76.478308107446   89.8142582473865
  0.500436403  0.5004364175   69.9274036667629   79.2910965295173   74.7354800399649   87.3864597508095   75.7643815843137   85.8124219660337
  0.501898178  0.5018981786   69.9274036667629   78.9476866651099   75.7643136751946   78.0289781334409   74.6538246540398   76.4143711403267
 0.5048160486  0.5048177868   69.9274036667629   70.8935964520731    75.332692615001   79.5396277148004   61.2192118578372   61.3441788013901
 0.5071043098  0.5071044201   69.9274036667629   67.6101260090079   77.8239296720176    78.739178217561   73.5819179015985   72.5369415045384
  0.507173274  0.5071741052   69.9274036667629   72.9790270649322    71.199308511925   70.8917210975918   62.6504615571052   62.5878641938808
#[time: 0.51]
 0.5181573812  0.5181573814   69.9274036667629   72.9790270649321   74.9951264527601   76.9324946844384    74.710546472236   76.6432627514129
 0.5183191976  0.5183247156   69.9274036667629    47.329498986136   73.1684434110434   74.2947497033633   70.7600660629538   53.3753044856636
#[time: 0.52]
 0.5244899876   0.524490469   69.9274036667629   56.4751541076013     71.70488921396   55.5214039887785   74.9436060840992   64.1805483532666
 0.5256536148   0.525655825   69.9274036667629    71.252628402611    64.695637389545   63.8665745010707   62.3980800771626   62.4133722528592
 0.5296287562  0.5296290825   69.9274036667629   66.3016727091225   72.8970327781389   73.5236444546065   62.1939549885503   63.2074727077646
#[time: 0.53]
  0.532522455  0.5325225344   69.9274036667629   57.2185808580985   72.7469481885764   70.5142938511413   64.4852147776674   63.0499986944212
 0.5358118885  0.5358118888   69.5812829166375   57.2185808580985   69.8566128780762   64.4272145324485   70.8672111133714   64.4324919630592
 0.5381165376  0.5381179171   69.5812829166375   75.7669771546899   69.2751420199638   64.6929636169486    72.544384748134    76.343278717826
 0.5392980588  0.5393011313   69.5812829166375   66.3921097487097   73.9360182051609   76.3316072768493   63.2087702889071   63.4636985209592
#[time: 0.54]
 0.5410009175  0.5410014135   69.0384273159152   66.3921097487097   69.0878820141796   68.7319771573506   60.6428419047503   62.0256459304947
 0.5456334331  0.5456354223   71.2052991006982   66.3921097487097   70.8902774424247   68.5199583430072   61.3612504870848   60.9042303239452
 0.5468437718   0.546854421   71.2052991006982   72.1047390347422   76.0794659032743     73.23374689702   64.9586362484932   64.1136805069867
 0.5485826988  0.5485828786   71.2052991006982   62.4015240456995   73.3684636778852   73.6685074750006    65.398437457746   65.9330980232508
#[time: 0.55]
 0.5505453237  0.5505453665   62.9563456488621   62.4015240456995   70.7511391889751   68.9955936283781   56.2742267582834   57.0232495476363
 0.5517146651  0.5517163932   56.9425898291124   62.4015240456995   65.4917828837723   65.2831742528434   60.4185855280414   61.0435007353978
 0.5529482708   0.552948271   56.9425898291124   62.4015240456994   61.2363217408115   62.6018259553412    61.364512330505   62.7211177545942
 0.5534514917   0.553455243   64.1722650003837   62.4015240456994   64.2380322645773   66.4880164225532   63.2555063613415   63.2633934828447
 0.5537094722  0.5537108879   64.1722650003837   65.6079336910115   65.5314003038761   60.8208585453287   64.5658770805959   59.2800634134027
  0.557053852  0.5570538522   64.1722650003837   65.6079336910116   64.7065892173594   65.3043535475139   64.5252712474269   65.2067442735687
 0.5577302938  0.5577305464   64.1722650003837   65.2707967258509   67.0749924755984   67.6690616846897   59.8082918274415   55.4512660412211
#[time: 0.56]
  0.560063885  0.5600670927   64.1722650003837   67.8986057933568   67.5833014605737   67.9123712264031   66.9825004477185   67.8986912269692
 0.5634453007  0.5634488094   71.3614498711125   67.8986057933568   68.4588499463051   70.4520575642787   64.8187871405458   66.0289789730913
 0.5636088598  0.5636108723   71.3614498711125   76.4406977780751   73.6898618266507   71.8895834569457   69.0017199894063   68.0549645484227
 0.5669399125  0.5669425116   72.0952897707414   76.4406977780751    71.890085894183   77.1678085317748   74.8462567295784    75.170369128457
 0.5690220123  0.5690274357   70.8650789195229   76.4406977780751   76.2504133175134   78.6820606439943   70.6931715056441   77.4224164418177
#[time: 0.57]
 0.5702934994   0.570294483     73.67677778796   76.4406977780751   76.3894310985253    77.990522451918   76.0090818331035   77.8701465903301
 0.5749348287  0.5749406244   77.5605949264963   76.4406977780751   78.3273605051047   79.4393009897966    74.007413010892   69.4941875371095
 0.5752343228  0.5752354903   77.5605949264963   80.1477980847333   80.2425639370213   79.9911351963127    81.197328716086    81.887545119838
 0.5756731446  0.5756731448   77.5605949264963   80.1477980847333   80.6560882201433   81.1678480223665    80.654564445994   81.1586409381516
 0.5760657402  0.5760731053   77.5605949264963   81.7515510210557   80.2543465788386    81.330970975288    78.928080294979   78.5332935811061
 0.5777028518  0.5777052873   77.5605949264963   90.7760939945896    83.503314070859   85.3503751691202   83.2288634722753   88.0038984933568
 0.5783954297  0.5783954299   77.5605949264963   90.7760939945896   83.0492868635169    95.142643041998   83.1791129761744   95.0994550572787
#[time: 0.58]
 0.5801841761  0.5801893985   93.6866248793457   90.7760939945896   83.6370548768359   90.5481004029968   93.9752415187514   93.3402050131756
 0.5819991038  0.5820028511   93.6866248793457   93.0013347592713   93.8239971163397   93.4216064109008    100.98574338102   100.109973768373
 0.5840454123  0.5840475223   100.431912453108   93.0013347592713   98.5163687516661   98.2147658916054   100.259465438499   94.8603576083014
 0.5842786778  0.5842787007   100.431912453108   98.3042899079674   99.8574200757788   97.7395905574271   99.9795966969228   99.7755912917571
 0.5847540302  0.5847574196   100.431912453108   98.8394186920134   95.3468538111667   100.285677875085   91.8659989696114    92.502149806628
 0.5897049235   0.589705003   95.5544131730984   98.8394186920134   102.689312073166   101.707829373016   102.469774754542   104.662600165588
#[time: 0.59]
 0.5906635878  0.5906663016   95.5544131730984   93.6433022552582   99.4160005493546   100.495847479066   91.5175494435003   91.7853287455843
 0.5910451676  0.5910459084   95.5544131730984   93.3219713722543   98.4905614358133    97.833056295364   95.4400108577446   99.6912212149866
 0.5911430443  0.5911536855   99.6306501705763   93.3219713722543   98.2295805217422   97.4734021074952   93.1299448193258   94.8120780274428
 0.5963909583  0.5963957619   92.4596525166527   93.3219713722543   101.919938378112   98.7896808382482   89.2923690651246   87.2620209315018
#[time: 0.6]
 0.6017165949  0.6017183883   92.2606385768276   93.3219713722543   94.8588082312965   95.2054774294957   86.1710662241608   89.9032844974801
 0.6018267001  0.6018267021   95.2668299072256   93.3219713722543   95.7215306559694   96.1005081038416   94.2229556389736   94.2467904571377
 0.6021580511  0.6021635751    101.78216446089   93.3219713722543   100.529031182879   99.4845000504928   92.3515452316105   94.8020616019245
 0.6068767228  0.6068804475    101.78216446089   102.356742873423   99.7287577226637   97.9357296476004    97.137322879663   93.4229085030265
 0.6097843139  0.6097866808   98.6921470888629   102.356742873423   103.054251233284   103.186746029397   99.4673990580727   98.9622693019271
#[time: 0.61]
 0.6119544527  0.6119550741    98.610481222165   102.356742873423   103.689357783872   104.577941564499   107.253527224077   112.000195148746
 0.6135756362   0.613578882    98.610481222165   90.5856328450521   102.279903440871   103.553899535514   103.997751508515   93.9892846569943
 0.6139138924   0.613916974    98.610481222165    99.454961347242   100.668786414165   96.3366487848519   94.3151267122136   93.7023348505764
 0.6151508142  0.6151513462    98.610481222165   96.4944943598826   102.039758594314   102.311989749736    98.771375696745   98.2363024344983
 0.6153740099  0.6153745687   93.6040657779857   96.4944943598826   104.314792483292   103.141448305497   95.3086528138237   95.3811702845436
 0.6168109532  0.6168133573   93.6040657779857    97.285891130489   97.5299193408526   98.8450999050446   92.9733108678799   92.0763678990812
 0.6175811695  0.6175822819   98.6359471467883    97.285891130489   98.9615276209268   100.777265108538   92.9285885798072   98.5357255630625
#[time: 0.62]
 0.6233944906  0.6233953304   98.6359471467883   95.0005171965436   102.810820779985   102.220191510526   94.5416174510808   94.8573151985832
 0.6253171282  0.6253195686   98.6359471467883   99.2805181130847   99.3972865298545   97.7510134075402   91.3069236909467   91.2811097626294
 0.6277070408  0.6277132501   98.6359471467883   102.121652884582   101.397423878126   101.542042472809   98.8210089307959   96.6685109280692
#[time: 0.63]
 0.6344919421  0.6344988833   99.1578551341875   102.121652884582   99.8221188577382   100.260537474642   101.259930349528   110.413727761843
 0.6374404996   0.637441249   99.1578551341875   94.7006461262335   100.545819890973   100.049124065698   101.169888322636   89.5324442437775
 0.6385475979  0.6385475981   99.1578551341875   94.7006461262335   101.146673346597   94.9955071596302   101.276652591713   94.4895756591428
 0.6398043989  0.6398138846   93.9744068170156   94.7006461262335   96.6482411783783   96.8863093414703   84.8826989434575   85.0360688922184
#[time: 0.64]
  0.640946959  0.6409483592   93.9744068170156   95.9311658093314   94.6816316521107   91.6253221331085   88.6689746407368   88.1953390419058
 0.6414568691  0.6414579509   89.9920059780353   95.9311658093314   97.4044288960095   98.2520713426617   89.9549302846677   89.5104617667692
  0.645907328  0.6459073282   89.9920059780353   95.9311658093314   97.2587353081784   100.322213145538   97.2255531412334   100.321111636929
 0.6465244173  0.6465245532   108.247718631929   95.9311658093314   93.3008465483778    93.900750765428   100.973636462364   102.324616750938
#[time: 0.65]
 0.6503143797  0.6503157131   108.247718631929   121.169860303376   107.662743483879   100.897170246435   109.398436186938   119.400555129752
 0.6566655824  0.6566664549   108.247718631929   107.490986491135   112.603486947001   126.710794177879   98.1523846480022   98.6261013832919
 0.6589269716  0.6589270729   108.247718631929   110.062112988172   115.464655615461   114.767145844155   117.804604166257   119.902728007667
#[time: 0.66]
 0.6645252525  0.6645260444   106.096259795406   110.062112988172   112.229382228204   113.122049556705   104.665839887003   104.063867013498
#[time: 0.67]
 0.6797642659  0.6797644241   104.491682055913   110.062112988172   107.694711845347   106.887477550718   107.028513110834    111.83138045113
#[time: 0.68]
  0.681870496  0.6818717478   104.491682055913   106.322649708204   112.579984836361   116.583506992916    97.859761333101   98.0203222851351
 0.6824981056  0.6824988648   104.491682055913   105.268396220835   108.033707448075   108.666280368437   98.7426631400083    97.986947347865
 0.6876004842  0.6876030313   104.491682055913    98.800254113729   108.267848113582   108.754105773772   99.5638048629593   101.372861030528
#[time: 0.69]
 0.6904216017  0.6904216266    103.55931693666    98.800254113729   103.710037895538   101.413426544226   109.347089718527   103.816084892085
 0.6959397873  0.6959421951   96.6297734557174    98.800254113729   102.080916102233   101.817044060289   90.0148364974255   90.3878980510281
  0.698017609  0.6980208938   96.6297734557174   96.0588242351292   101.978776875703   102.594982586428   88.7616963207991   88.7557357038241
 0.6981593603  0.6981624514   97.3537787129447   96.0588242351292   96.4553859692586   96.9037313404813   95.2156340481918   95.5367088772357
 0.6997103718  0.6997104949   97.3537787129447   91.6128675316719   100.349648060657   99.6416598842642   98.4124888514052   94.6144520645594
#[time: 0.7]
 0.7030814401  0.7030857227   93.1451199816577   91.6128675316719     100.3166390076   97.0606081333472   84.4228452648682     85.02059218139
 0.7034573743  0.7034582714    88.102897336333   91.6128675316719   93.5656538688445   93.3946672288797   82.5212414425529   88.1152288886636
 0.7036154587  0.7036156732   89.1452122935733   91.6128675316719   94.1485474914045   96.2953460922527   97.6379348474507   100.559697634809
 0.7055685055  0.7055691489    94.259501756918   91.6128675316719   91.7523853919078   92.8953451424299    85.925006658071   85.4822331400576
 0.7088652481  0.7088665221   89.8830216909131   91.6128675316719   96.7533424701854   95.7958605920446   93.1777654299863   94.2417295223268
 0.7094000316  0.7094014289   89.8830216909131   85.6450071459836   92.4491589461733   92.8522612951521    86.004905088771   86.3608259209156
 0.7096518391  0.7096518393    89.883021690913   85.6450071459836   92.4247789826256   89.9060294127298   92.3296324261126   89.8680668937005
#[time: 0.71]
  0.712308168  0.7123096525    89.883021690913   99.6943684568292   93.0947872877585   91.7894024918065   92.7870885972623   98.3815659164589
#[time: 0.72]
 0.7230455607  0.7230467934   98.8602770355453   99.6943684568292   92.1195353632818   104.199714820798   91.7647356513259   90.8054384530044
 0.7293710082  0.7293722143   98.8602770355453   97.2169653568141   102.270960596929   102.692135537893   89.9276088091432   90.3727158751486
#[time: 0.73]
 0.7307407775   0.730742414   84.1075787505832   97.2169653568141   100.639069128038    100.33583489567   93.3574244332529   98.8669253652397
 0.7319236038  0.7319236961   84.1075787505832   85.1417789969857   90.0410260620436   95.0455477350189   88.5204748728134   89.6205596695058
 0.7335620154  0.7335649164   84.1075787505832    84.690695070433   88.1286864763719   88.7626808294784   81.0328711406438   80.6943866103162
 0.7346457106  0.7346457427   84.1075787505832   83.3143229019148   83.2240488221378   84.0735451938718   83.7880985913077   83.7790231344044
 0.7352017596  0.7352026378   84.1075787505832   92.4371744868921   86.0074244153045   85.5017993297416   87.1919936153363   84.3090332012763
 0.7356037412  0.7356037622   84.1075787505832   102.017796998178    90.922858387362   95.2737512658974   88.4688779615597   97.5070887656246
 0.7396712226  0.7396720106   84.1075787505832   81.6602622858899   92.6082443983727   97.6156331515712     83.35939321932    83.059076589197
#[time: 0.74]
 0.7414993181  0.7414993183   84.1075787505832   81.6602622858899    83.659788155406    83.436064151368   83.6465440095413   83.4351971420508
 0.7419162524  0.7419169892   84.1075787505832   91.0724297192733   88.1305080032156   87.2337821832058   80.1498913290632   81.0728162285792
 0.7434555268   0.743455565   84.1075787505832   80.9233027707755   88.0061700534957   88.9338587048036    85.801841107674   84.1977948903352
 0.7445175606  0.7445177709   84.1075787505832   80.6951057619559   86.8272172806471   83.3423928499716   85.1479263235929   83.7735328897042
 0.7483989208  0.7484019029   84.1075787505832   88.8891417635832   87.2077738999473    85.716525370797   86.2658270798973    85.954478208954
#[time: 0.75]
 0.7513231542  0.7513294832   89.4922604971811   88.8891417635832   88.5597669395841   90.9093670248864   81.0492121831669   86.4258912240607
 0.7544644174  0.7544675678   89.4922604971811   86.1026475524784    91.819799733734   91.5933401867298   97.0504779143369   93.1254943405641
 0.7557743784  0.7557762827   89.4922604971811   85.7224077872117   90.5582350213153   89.3427279911009   79.7958698556303   79.0122578991669
 0.7579579141  0.7579672184   95.7064504899553   85.7224077872117   86.5066892473233   87.2182461443601   94.9351183295792   90.9109018033018
 0.7590239212   0.759027472   95.7064504899553   85.2213285802688   92.2801159832316   90.8946071575701   101.884594856081    90.553048385289
 0.7598386182  0.7598390697   95.7064504899553   98.0018488741089    99.803029216863   92.7483006632586   96.1814371112291   95.9534030041849
#[time: 0.76]
#[time: 0.77]
 0.7722509489  0.7722509509   95.1229836512735   98.0018488741089   99.3689219787109   100.491634893143   100.219009291032    101.87897481275
 0.7741523536  0.7741543599   95.1229836512735   98.4937070752989   99.7551715208122   101.286634565328   91.4724410148284    90.668404067973
 0.7742840577  0.7742840579   95.1229836512737   98.4937070752989   97.3513398867072   101.010477049936   97.1065321647934   100.816151527143
 0.7743759541   0.774382147   92.7430555523067   98.4937070752989   98.2134423722698   98.8712044529643   94.7547756684654   94.2543777727098
 0.7759430276  0.7759435894   92.7430555523067    99.954237962249   99.5124003334787   102.058927761435   94.9166334576955   93.4303591944242
 0.7787151574  0.7787162997   92.7430555523067   102.171145447143   95.7483883734067   102.742338422139   93.6244151744091   93.7197502398154
#[time: 0.78]
  0.782826358  0.7828263749   92.7430555523067   104.301462215823   98.5740765523095   99.8001423710478    100.31913654251   105.011629522513
 0.7867181713  0.7867181715   92.7430555523067   104.301462215823   101.171791765235   106.896588632799    101.35134126517   106.825451261731
 0.7886578879  0.7886579604   85.3651813459487   104.301462215823   101.387953717934   109.235843405836   89.0950241756061   110.199503737124
 0.7895194666  0.7895214988   85.3651813459487    89.494796697628   90.9536043316564   104.997030043291   86.2439884789401   85.4514651851724
#[time: 0.79]
 0.7926762329  0.7926877951    105.59151676846    89.494796697628   88.2364697017047   89.1172909413794   109.140209891483   92.4729790891613
 0.7927138003  0.7927153742   93.0844936656749    89.494796697628   105.262495041033   98.2426199984749   90.8592109348648   91.0801346987937
 0.7935232239  0.7935236873   94.3200866939286    89.494796697628   95.3988758650623   94.1692707275429   85.2526519125192   85.5937863228544
 0.7962035877  0.7962036369   95.4987102922117    89.494796697628   94.9475026992157   93.4456615634787   99.7214654405343   81.8445710818623
 0.7969216146   0.796921967   95.4987102922117   104.745410586324   95.2896217721765   93.3533607520405   95.8336897253233     107.9033309906
#[time: 0.8]
  0.800222456   0.800222858   95.4987102922117   104.214033823626   101.381656312082   105.488785158631   104.633891527854   113.228508603127
 0.8043674321  0.8043708613   105.165598163364   104.214033823626   104.688152187281   112.188659760812   95.5498304586912   95.4588302980745
 0.8085037277  0.8085041658   105.908361636746   104.214033823626   107.268512710251   107.043554053865    105.42602602907   105.386990322694
 0.8093579804  0.8093621509   105.908361636746   115.198592395722   104.781126697976   105.070354101057   110.258851975759   108.422638654821
#[time: 0.81]
 0.8107957985  0.8107967631   112.039417841561   115.198592395722   111.017792739927   112.269877916553   104.604103873279   115.438860444169
 0.8125129305  0.8125204944   117.971221777641   115.198592395722   115.413676954137    116.39738489666   109.875907323446   114.585995913141
   0.81348916   0.813489998   117.971221777641   128.798925117907   121.127988440723    119.78177044614   121.473497380905   125.781612181365
 0.8148538862  0.8148556799   117.971221777641   120.788302067361   123.284014953537   124.092948989067   114.349002574295   113.840570070166
 0.8149742182  0.8149751676   117.971221777641   118.838685638791   122.841179296451   124.715787520623    112.97892304983   112.082052744917
 0.8162814303   0.816283898   124.848301595882   118.838685638791   121.404828410872   121.683890795957   114.790399551858   116.218485868499
 0.8175050256  0.8175061752   124.848301595882   127.472084896635   124.300833706193   123.330631709661   123.943847809115   119.257007660237
 0.8190338637  0.8190340014   125.962004627155   127.472084896635   127.021362519435    127.36346804719   126.317915020118   126.022015905514
#[time: 0.82]
  0.820997303  0.8210018203   125.962004627155   130.396360979914   126.718894460888   126.719685059946   127.385029242469   120.008124727498
 0.8211739053  0.8211739184   127.087792544357   130.396360979914   127.897675056353   127.507273621249   129.569485358901   129.965372589769
  0.822716438  0.8227175714   127.087792544357   126.195281961837   129.253549171917   131.977722291931   137.495532688793   136.474988082395
 0.8296037024  0.8296056388   127.087792544357   131.069390839825   128.428182768816   128.283456304422   125.497765183942   122.412207085887
#[time: 0.83]
 0.8354362917  0.8354401983   135.816998596336   131.069390839825   130.234203885237   131.695560362151   130.289956385495   131.270371577716
 0.8386910553  0.8386910555   135.816998596336   131.069390839825   135.027026453458   134.500999038207   135.092306116716   134.518180272999
#[time: 0.84]
 0.8412670903  0.8412700009   100.898921641085   131.069390839825   135.751023172461   134.400754120175   111.134656796169   129.550232138522
  0.842575003   0.842576377   100.898921641085   92.2450394865272   109.448836461197   128.312222615477   98.3636782875408   90.6447175685841
 0.8439731123   0.843973859   94.8494790936121   92.2450394865272   103.574860078903   94.0134844757135   88.0807938358628   89.2844048332482
 0.8487041905  0.8487049284   106.818577648472   92.2450394865272   95.6362522042219   95.1372521304055   101.085867373688   99.2301176248096
#[time: 0.85]
  0.850801529  0.8508040339   106.818577648472   110.734917531669   109.742133346837   101.935643386598   107.012729445116   104.670991026077
 0.8539346902  0.8539346918   106.818577648472   111.130690537241   108.446315995044   107.389180166079   108.321560421659   106.363493381008
 0.8557299018  0.8557315919   103.088604745965   111.130690537241   108.996541386726   108.261497358734   112.355759621106   120.904196437664
 0.8577120777  0.8577129279   112.952503696402   111.130690537241   108.017645460215   109.888456214631   110.236359729873   112.917138690499
#[time: 0.86]
 0.8610678389  0.8610683315   115.285053250748   111.130690537241   112.615730569756    112.50102708546   105.605004462554   104.764783500479
 0.8618898547  0.8618900038   111.779999234176   111.130690537241   118.421710579462   115.889651482236   110.587132219017   111.207193154291
 0.8639048576  0.8639051105   111.779999234176   110.093262961336   115.164653293809   108.398075236883   110.866112202091   110.873943326119
#[time: 0.87]
  0.872444408  0.8724444082   111.779999234176   110.093262961336   114.321926264922    107.90374390134   114.398586797256   107.658516224038
  0.872891477  0.8728921315   111.779999234176   114.484159617047   109.274132072056   109.428308255942   106.584442761683   104.713473653005
 0.8736756784  0.8736783469   111.779999234176   110.892000850065   116.512227398805   117.598902028763   121.538045512695   119.791322616626
 0.8754888082  0.8755005859   111.779999234176   112.359540640692    117.75766797383   117.351359054616   113.193355141544   104.385953644788
 0.8776811905  0.8776821525   113.283814366871   112.359540640692   113.657192640565   113.776639596876   104.485432181742   104.588894477166
 0.8777679143  0.8777701569   115.388977036912   112.359540640692   115.279388857831   114.833667364427   105.017245425987   109.148821710602
#[time: 0.88]
 0.8854581374  0.8854585498   115.388977036912   117.803107483673   112.655772657502   113.062267414667   109.381375022058   108.387998111036
 0.8857289986  0.8857294186   123.905971675082   117.803107483673   118.137708570063   119.042854453997   123.733475209685   120.709991592624
 0.8891497494  0.8891565425   123.905971675082   123.097694846411   120.519688240536    121.05570753554   117.168908270763   118.021982722879
#[time: 0.89]
 0.8933497227  0.8933501023   125.983690372381   123.097694846411   124.322080729746   124.208890259922   123.769045781497   126.845733209662
 0.8967955231  0.8967955319   121.285577570252   123.097694846411   124.450823963318   124.363726744258    123.99456644997   129.175336106613
 0.8977048728  0.8977066228   121.285577570252   128.662158660614   125.633253282688   126.345916996416   119.998659175229   119.895504976712
#[time: 0.9]
  0.900261334  0.9002613342   121.285577570252   128.662158660614   125.351655000905   126.811368868239   125.367409522045   126.729962961192
 0.9040229049  0.9040235007   135.985614141431   128.662158660614   122.522082428789   122.176522646211   126.717121135857   127.277039080067
 0.9070428208  0.9070500934   135.985614141431   128.438504021642   134.802463071395   133.326863045042      129.951487135   131.939132842518
 0.9071032244  0.9071034198   135.985614141431   140.108682020401   136.712649725876   134.529593181777   141.042818457106   141.500251089548
 0.9074369666  0.9074372451   135.985614141431   150.211968772628   143.100897681295   146.532445702037   139.756229459695   147.348502213932
  0.907897033  0.9078985639   156.029944126947   150.211968772628   142.619998294249   149.454925987105   162.145559006496   156.341169761314
 0.9084164689  0.9084164976    144.20739929894   150.211968772628   151.222350655901   155.261356903418   148.630664510297   151.520829736495
 0.9084796643  0.9084834094   149.413798436283   150.211968772628   150.100113746406   153.904198406312   142.741983106995   142.730398318537
 0.9085638848  0.9085846384   149.413798436283   152.852945760518   149.431207797626   149.407469296751   145.563321545693   143.777570682779
 0.9096348747  0.9096352483   151.557645003379   152.852945760518   151.501166271818   152.153767663203   152.276140722539   152.291037967694
#[time: 0.91]
 0.9135279344  0.9135292572   151.557645003379   152.509852415736   154.690781143659   154.960945698518   148.860492023067    148.56214641824
 0.9140458145  0.9140468776   135.458306989077   152.509852415736   154.491834264263   154.740792410685   139.909874426493   150.402623676953
 0.9151747575  0.9151809782   155.308500387682   152.509852415736   138.666350511982   148.399882878915   150.273982847948   151.628563215347
 0.9165174752  0.9165174754   155.308500387682   152.509852415736   157.545893748535   156.696161302155   157.791496927577   156.977520313548
 0.9185571298  0.9185573794   155.308500387682   167.866875908225   157.398099580194   155.635599839832   159.796005162479   168.209910837101
 0.9199565021  0.9199571484   170.524388840053   167.866875908225   159.752017703692    169.56350181983   164.332232537658   164.143796909518
#[time: 0.92]
 0.9231512071  0.9231512073   170.524388840053   167.866875908225   177.533930171848   175.744962122972   176.930222109157   175.243227967107
 0.9298556168   0.929855617   170.524388840053   167.866875908225   169.190600062671   169.194918400639   169.566352405732   169.230379238826
#[time: 0.93]
 0.9344711839  0.9344711841   170.524388840053   167.866875908225   170.572813567218   170.115067422733    170.86941062748   170.341764078916
#[time: 0.94]
 0.9405283892  0.9405305686   170.524388840053   173.279746880878   172.540663596344   171.387656108984   163.676066642795   163.476446243602
 0.9414732884  0.9414738431   170.524388840053    176.17296946861   173.869451380534   175.267399581642   177.397157058467   178.837980691773
 0.9416611619   0.941669803   179.994036493235    176.17296946861   173.046699295366   172.197700102275   183.141816994318   181.679505350445
 0.9451417761  0.9451475737   181.654164878099    176.17296946861   185.732987266981   181.965816854372   185.788590401529   183.206837698405
#[time: 0.95]
 0.9513074475  0.9513104984   176.702861381438    176.17296946861    180.79708561188   179.184678914755   168.211344812721   168.788507748752
 0.9521226241  0.9521251199   175.386423534685    176.17296946861    181.23642115503   180.822584560639   185.327667220883   186.414295526176
 0.9584683671  0.9584684294   179.614195882254    176.17296946861    180.16177711985   180.538733755636   186.242554797201   183.834885105677
#[time: 0.96]
 0.9603732358  0.9603734056   179.614195882254   164.398176965585    181.06036458951   179.140731466102    181.61689017901   169.817441010464
 0.9658191298  0.9658201888   179.614195882254   189.576693155894     179.3290056436   172.229305940745   186.334638339125   195.528523488578
#[time: 0.97]
 0.9705304521  0.9705309567   187.671276924572   189.576693155894   185.244098550262   194.004665033856   190.391358310187   191.150824981931
 0.9710095316  0.9710095318   187.671276924572   189.576693155894    188.22758869257    187.78440776946   188.334515900088   188.062747487009
 0.9716419949  0.9716448784   188.884575996643   189.576693155894    189.41701698113   189.615521339537   192.182044034777   192.996955526059
  0.973029208  0.9730294309   188.884575996643   177.487826073006   190.688371160795   188.595258090462   191.439496058384    184.57499162145
 0.9747198922  0.9747199229   188.884575996643   170.046523733229   187.460302451112   182.735364631171   190.618230551511   176.174714448819
 0.9748571049  0.9748602129   164.353297126694   170.046523733229   185.331713204063   176.071120882988   165.870216322066   165.626719984036
 0.9775313898  0.9775314109   164.353297126694   173.341591061137   170.360314091045   172.945180010291   170.480222788482   165.675853816957
 0.9779646816  0.9779657605   164.353297126694    150.63228017349   170.394632448533   174.479556785043   160.136742461573   156.977882389673
#[time: 0.98]
 0.9811398161  0.9811506275   154.580839659731    150.63228017349   169.128008205353    157.31382105286   144.562283043182   146.485190891493
 0.9826224859   0.982623283   167.469769536791    150.63228017349    154.64746510262   153.391900724887   165.559496760617   155.818167865405
 0.9894640526  0.9894641469   167.469769536791    169.49239287443   164.709275354814   158.793902942833   167.728920182556   164.396187661025
 0.9897250096   0.989726712   167.469769536791    169.49591023128   171.119639501123   171.873825260197   171.681235204593   172.772277109278
#[time: 0.99]
 0.9910919211   0.991092439   167.689090247534    169.49591023128   164.618385323412   170.819376550261   168.364946868361   168.285429048878
 0.9918211909  0.9918211911   167.689090247535    169.49591023128   168.368868966968   168.727538467086    167.81030843799   169.057629552214
  0.992778609  0.9927798234   167.689090247535   161.479239619231   170.888173169534   171.359936138807   161.905417722001   162.717022378366
 0.9986788321  0.9986788323   167.689090247535   161.479239619231   166.969147264529   165.997780216429   167.004113478061   166.039924719142
 0.9997585368   0.999759677   167.689090247535   166.989927625612   164.978526753293   164.642072578566   167.914906564037   167.881092104693
