# command line: ./generate_stepping_data --cm 0.4 --eqmpost 224 --k_b 100000000.0 --eqb 120 --lt 23.8 --eqmpre 200 --exp-unbinding-constant -0.2 --nomovie --seed 1.0 --framerate 1e-10 --ct 0.2 --eqt 0 --ls 10.49 --k_ub 350.0 --cb 0.1 --dt 1e-10 --label paramSearch-goodkbsearch --runtime 1.0



#********paramSearch-goodkbsearch__k_b-1e+08,k_ub-350,c--0.2,cb-0.1,cm-0.4,ct-0.2,ls-10.49,lt-23.8,seed-1,dt-1e-10********
#time_unbind, time_bind, nbx_bind, fbx_bind, nmx_unbind, fmx_unbind, nmx_bind, fmx_bind
#[time: 0]
 0.0010242011  0.0010639019  -1.58894316608944  -3.50527106182634 -0.293658949620166 -0.847641821623875  -6.08295768813244   -5.7842310780029
 0.0018146363  0.0018194535  -28.6135898944391  -3.50527106182634  -1.74516764634431  -2.08070000392059  -20.9228703462599    2.2215510605905
 0.0040147541  0.0040762194   4.73975569827175  -3.50527106182634  -28.0635814991713  -2.34878099693327   2.10049424286281   1.57993114478636
 0.0044261153  0.0044395761   4.13583287949698  -3.50527106182634   7.22644002963484   2.94523069388707   4.06131060418667  0.638897606662938
 0.0061379999  0.0061415673  -2.10508344714164  -3.50527106182634   3.31888314974135    1.6261230709208 -0.590551796973148  -1.74397288792064
 0.0070984424  0.0071331925  -2.10508344714164  -1.06654414757441  0.821689104639423  0.134023680416889  -10.1404253925987  -11.1451598582973
 0.0087005722  0.0087073693  -2.10508344714164   1.29559613279171   1.44049917245115   1.97168222466937 -0.425322009065408 -0.428445346752103
#[time: 0.01]
 0.0101529834  0.0101813069  -2.10508344714164  -3.36351984434396   3.08240323172292   5.20400289576824    3.6563888492296 -0.302968657318737
 0.0102517084  0.0102857992  -2.10508344714164   -8.3127377717099  -2.63506899334803  -2.66055083227624  -4.39287378835121  -7.24977764669762
 0.0121548333  0.0121577496  -9.65119404655623   -8.3127377717099  0.536109689430773  -2.85055216350438  -13.1296966715637  -14.4183866293151
 0.0128032477  0.0128038081  -12.0071230723563   -8.3127377717099   -8.3772480539908  -8.20318525726225  -12.9261440237075  -13.1738423188077
 0.0138659013  0.0138682558   -11.936417168646   -8.3127377717099  -9.30269076843327  -8.97402167671006   -8.9282489217773  -8.53214225635268
 0.0169395448  0.0169556998   -11.936417168646  -10.8684338890562  -8.94481339833537  -8.31520681995091  -17.9204438482125  -21.0249542581423
 0.0181404338  0.0181486466   -11.936417168646   -12.884404747888  -9.05534618682828  -11.6804682398933  -16.4107077523996  -14.5107415426828
#[time: 0.02]
 0.0246643209  0.0246800355  -8.83319977105643   -12.884404747888  -9.05628675279189  -9.62022655444759  -19.2605844737453  -18.9984502096345
 0.0255943126  0.0256491429  -8.83319977105643  -5.52500431728109  -7.68968664490836  -9.30186730675672  -11.1229272939548  -13.5937042283684
 0.0287113745  0.0287250458  -8.06625853940662  -5.52500431728109  -5.08763460141048  -1.31286661160685  -15.8504925038293  -15.4626314357288
#[time: 0.03]
 0.0311612295  0.0311717991  -10.6903618297502  -5.52500431728109  -5.75860613318691  -5.41647410909352  -7.58899970918623  -7.44834867065892
 0.0339846787  0.0339910513  -3.26962432819782  -5.52500431728109  -4.96710661990147  -2.83602307924258  -8.92620173994354  -8.56149595455355
 0.0349186502  0.0349355209  -3.26962432819782  -4.66848441670622  -2.26777204876026  -3.27389143608735   2.45946935911306   1.09316070791901
 0.0350584679  0.0350632934  0.933049676571245  -4.66848441670622   3.38997703845407   2.32761217824267 -0.992336691625971  -1.29546868003556
#[time: 0.04]
 0.0427003229  0.0427554343 0.0961003000176968  -4.66848441670622  -2.24255265695005  -2.18289868138529  -5.75851409525604  -4.48315111688912
#[time: 0.05]
 0.0505348333  0.0505386729  -3.28922044064504  -4.66848441670622   1.17258107230885 0.0791495090265597   -4.9746557869395  -4.88558947241021
 0.0518613131  0.0519026157  -8.02350381674143  -4.66848441670622 -0.521473378604608  -1.11184346892847   -6.0997006571307    -5.136706855179
 0.0552646364  0.0552869292  -8.02350381674143  -4.81352523788895  -4.76201246267656  -3.46359492063582   -5.8871785047749  -5.76458136891757
#[time: 0.06]
 0.0624995942  0.0625220011  -8.02350381674143  -6.95824559658859  -5.09605156176234  -3.08049144503388   -14.158794403747  -14.4635882526253
  0.066949375   0.066950662  -8.02350381674143  -4.46651501731217  -3.75283976523152   -3.2034930505385  -4.04854401041189  -3.60892314185244
 0.0671875639  0.0671951495 -0.574698971437091  -4.46651501731217  -5.63466258429302  -4.49577969964057  -2.49269325053839  -2.57143095377604
 0.0674395324  0.0674680494 -0.574698971437091   4.10207304462731   1.90975135013073 -0.155892375610993   1.03836117003983  0.627173306959029
#[time: 0.07]
 0.0752166571  0.0752550945   8.69168310069359   4.10207304462731   2.69231994885449   2.73992756344331    9.9162490883115   7.70121716770729
#[time: 0.08]
 0.0852089119  0.0852528191   4.69017230578227   4.10207304462731   6.14260606187674    6.2864729411138   -5.2579372029984  -5.34938170955525
 0.0861284187  0.0861607707   9.57453161279453   4.10207304462731   6.81115868664424   6.63358439865834  0.093384100699943  0.716861994295409
 0.0875924241  0.0876436892   5.86882855157903   4.10207304462731   9.86262573867884   8.53644618057995  -2.81765398415065  -2.68107989461481
 0.0881498166  0.0881613739   5.86882855157903    15.171643993898    4.1716874569557    4.3521562332247    10.831409974449   10.0513753689997
 0.0884614973  0.0884820062   13.7078010388086    15.171643993898   10.7229334375413   11.1589855820507   15.8969107792628   16.3359011911284
#[time: 0.09]
 0.0901159894  0.0901216052   13.7078010388086   15.2322083193676   15.1874958821255   15.3956339060165   16.0148105005958   16.5748054234084
  0.091114621  0.0911148382   13.7078010388086   20.7892974777752   20.0963898817767   21.0229160343453   16.2645809044724   20.7335232335241
 0.0926249846  0.0926651173   13.7078010388086   16.5674870467688   17.5517727442984   20.9853183977507    14.406463995397   13.3809958783894
 0.0928817644  0.0928848799   13.7078010388086   17.9563595074808   16.0165861674892   16.5273196059013   13.0236853492454   12.3311121837012
 0.0938332979  0.0939427188   21.3343273040509   17.9563595074808   15.6563701793933   15.6020218625628   11.0063009091189   10.9385226211403
 0.0949264301  0.0949298855   16.8828607021369   17.9563595074808   17.3380041122086   18.1124652656427   12.2061604797496   12.1364383650774
 0.0964703916  0.0964812278   16.8828607021369   17.6004048381807    19.822527543981   20.0393416349979   7.39702552547925   7.13741598035852
 0.0986217511   0.098632639   18.6804048201397   17.6004048381807   19.4730890784536   19.7632200424891   10.9715463038866   11.5352552771321
 0.0994886642  0.0995179365   18.6804048201397   20.5988212458914   21.4947498162694   21.2159743401542   15.6013282899981   13.0942513795956
#[time: 0.1]
 0.1007835141   0.100809144   27.3103276784059   20.5988212458914   22.0207194758822   22.4092644664763   32.5725993471081   26.3971360827367
 0.1065762393  0.1065885076   21.2079276807268   20.5988212458914   30.5774956973401   25.1631012098076   16.7363992484619   20.1551811437368
#[time: 0.11]
 0.1141189818  0.1141454115   21.2079276807268   22.8938750743517   25.8331477353535   25.4863537575144   14.5738604300036   14.9150185089543
 0.1164052718  0.1164188315   21.2079276807268   24.0005274958061   24.8128369679306   25.0246228573432   24.0528901554582   24.3972990530867
 0.1192513597  0.1192785066   16.3022420214482   24.0005274958061   21.8532034485024   20.8788844114423    18.476349061364   23.8326638975872
#[time: 0.12]
 0.1230892302   0.123114364   16.3022420214482   17.7110649954028   22.1420689187043   24.5849559890488   25.5462219433092   27.5600870321901
 0.1285700867  0.1286106287   17.0076530515176   17.7110649954028   18.0214030727349    18.353424546061     24.62314738634   25.7510276343199
#[time: 0.13]
 0.1308268752  0.1308401424   17.0076530515176   17.9960679160233   18.0237301483045   18.1348380348335   13.0423854610823   13.0065556160864
 0.1330598179  0.1331481838   22.4922797903396   17.9960679160233    21.347100436848   21.9442525370607   12.5132346123705   13.7858609094377
 0.1333293901  0.1333390015   20.2397672418922   17.9960679160233   24.2219538571985   22.0852156787573   11.0284731107198   11.3297728118231
 0.1355794913  0.1356099065   20.2397672418922   26.7109522393282   24.7632123254071   23.1895244944146   25.8162114954612   30.0721742751488
 0.1367546071  0.1367868008    37.687648664674   26.7109522393282   26.4005002631587   29.9262187732364   28.5335171076404   31.6590312657168
#[time: 0.14]
 0.1436268267  0.1436490332   29.2616097137779   26.7109522393282    35.523402646321   31.7195070788154   20.7281477963551   21.4806599799943
  0.144724252  0.1447435937   29.2616097137779   17.0454592715797    32.027995063043   30.4075400764584   23.7158717220522   21.6755268401553
 0.1466939077  0.1467140608   29.2616097137779   32.6191484805532   22.8204586467783   23.2660032091129   31.7890574957786   31.9434010842687
 0.1467221875   0.146725479   29.9455726959304   32.6191484805532   34.1221707461357   35.1217768388317   37.9475362818264   41.3215386328825
 0.1474871386  0.1474894869   29.9455726959304   26.5025148138154    33.086278798739   33.8559523620918   31.6888685497628   28.7118723805964
#[time: 0.15]
 0.1503402246  0.1503583131   29.9455726959304   31.3635606270219   31.0815807983949    29.732252375108   21.2612695800524   21.3250574733374
 0.1505167352  0.1505321218   29.9455726959304   21.5035376083402   33.9773925020063   34.5039897624216     28.14621907467    25.781663485124
 0.1511742045  0.1512392399   29.4605456042538   21.5035376083402   33.0390125294833   29.4787351834293   25.0133535160865   25.8475772827972
 0.1565180674  0.1565353586   29.4605456042538   27.2555969955452   31.3209636104814   26.0024876468528   23.1693114328585   23.6592217070351
 0.1575198701   0.157541869   23.3860532745863   27.2555969955452   33.7154263300185   32.7918787720596   24.8064412975448   22.1957482591516
 0.1589899603  0.1590043366   28.0499010455342   27.2555969955452   29.6117878051919   31.2561216205681   18.3185706350297   18.2462215089322
#[time: 0.16]
 0.1612323993  0.1613130127   28.1620799485022   27.2555969955452   32.2350990097077   32.0676247308581   27.0118102844239   27.0622505932176
 0.1617906563  0.1618740424   28.8781481472229   27.2555969955452   33.3805087011234   32.8300196000002   20.3278257391736   21.0768303683426
 0.1626451687  0.1626547807   25.2330422947136   27.2555969955452   27.5125800172443   27.5985310684852   23.3158832280929   22.2819731027548
 0.1631954586  0.1632490706   25.2330422947136   17.3987478191013   30.2761044518583   31.5420918854275   22.3271131822988    17.992368818061
 0.1634017176  0.1634179161   25.2330422947136   31.9190657780014   27.9032862969609   23.7605325749825   30.9826678297746   33.8955748513914
 0.1639380352  0.1639510259   25.2330422947136   28.5069925231432   26.8830865804214   30.9147927721258   21.9698570503158   21.4458296895887
 0.1650286456   0.165045755   25.2330422947136   31.7194001791736   29.2051494192066   30.9051897612161   24.7301414849879   24.6397864772287
 0.1653454902   0.165365181   25.2330422947136   27.3813981640865   29.9696813877665   32.3124441054944   26.4138311536883   26.6365748533923
 0.1671041292  0.1671390831   25.2330422947136   21.4439536694476   28.8148451602978   29.3553644341619   28.1526664610499   25.0419727786639
 0.1672961918  0.1673255684   25.2330422947136    26.453376267239   25.5857919771434   23.4833029752688   17.6316836909448   16.3978025808337
 0.1682489063  0.1682497744   19.8082152707434    26.453376267239   28.2911419833199   29.0577089625026   18.2475642270401   18.2986591630316
#[time: 0.17]
 0.1751784885  0.1751842638   19.2993591138567    26.453376267239   23.1298839079431   23.6157961899734   23.7006118593662   25.9666083417594
 0.1764268091  0.1764422611   31.0765416202868    26.453376267239   23.6553873698995   24.6684554052092   20.8135688705654   21.0672355799366
 0.1769717256  0.1770049236   31.0765416202868   36.5174131147848   33.8643141986487   31.7289246118475   29.3374668294327   26.2541031239188
 0.1778900383  0.1779588148   38.9333344806285   36.5174131147848   35.6598777277548   37.8904995195413   29.1800530173388   30.0278603211422
#[time: 0.18]
 0.1816090517  0.1816402442   37.4706509673453   36.5174131147848   40.5863100398566    39.964591371496   29.3421657330832    30.617972061181
 0.1822284754  0.1822780407   37.4706509673453   40.8966746077689   41.5872197088876   41.2076153385939   38.8479752141346   38.6301536852694
 0.1852821094  0.1852830621   37.4706509673453   45.8789077044889   40.8451465710433   41.2956922614465   42.1097509063388   40.8351910350876
 0.1891169128  0.1891286705   37.4706509673453    38.010510658237   43.8159809810923   48.2081778475489    43.469673856692   43.9236678065374
#[time: 0.19]
 0.1908499054  0.1909278503   37.4706509673453   42.3407122896314   29.3336606367703   42.5559008970584   39.4047301806263   38.5034384242159
 0.1913892177   0.191392098   44.5993649294959   42.3407122896314   41.4013220322207    42.036728204087   38.5830924476495   39.6510745697012
 0.1945697607  0.1945738015   43.8876156402516   42.3407122896314   45.4919940415966   45.0053100029711   40.7050968428703   41.0162065134168
 0.1957680154  0.1957895516   43.8876156402516   31.2073733159322   46.6174454754787   46.2391194003594   45.9758449703287   39.8396196634017
 0.1959376815  0.1959407779    32.668361483384   31.2073733159322   49.9499333186632   33.8947943872411   34.0856642591099   33.2380422480175
 0.1981925274  0.1981945296    32.668361483384   36.7949776890317   39.3862342397138   38.2021945703684   33.2139837000529   34.6700130921753
#[time: 0.2]
 0.2016467383  0.2016757203   40.5080244926318   36.7949776890317   41.0744767168404   44.2523802480684   38.7187065510724    38.688974352299
 0.2026403089   0.202654367    35.632107251822   36.7949776890317   39.7459823600124   38.6086804633234   29.4592604240069   28.8441766087277
#[time: 0.21]
 0.2115264123  0.2115368913   35.9484343022801   36.7949776890317   39.3718832275316   39.7488424091386   30.6114447970783   30.3822869938991
#[time: 0.22]
 0.2230816815  0.2230822871   35.9484343022801   42.4352282301319   27.7519814634883   39.3390277320245   38.8237679049502   37.7617027900951
 0.2261995141  0.2262234762   46.4214190513225   42.4352282301319   37.1668493783281   40.3740818186406   43.8579888197445    43.986550094665
#[time: 0.23]
 0.2309140888  0.2309312207   46.4214190513225   42.4582430372278   48.0703345034004    46.288582537026   39.6707687462114   42.5974895356029
 0.2323328728  0.2323933193   46.4214190513225   44.0047958941745   50.5931731555756   48.1881756640274   51.8376875932987   48.1798241243855
 0.2335549159  0.2335708716   45.6071966143177   44.0047958941745   47.6111860556083   47.3983064522189   43.6973576593659   43.9169787452117
 0.2368355946  0.2368543178   45.6071966143177   42.9053747828764   46.5241769189691   46.0398009562799   55.8660056182274   52.0524046065582
#[time: 0.24]
 0.2424681653  0.2424952267   47.9081396526022   42.9053747828764   47.7238594114209   45.9491902138846   37.6365403045106   40.8083123259635
 0.2466885369  0.2466885432   50.7803051176691   42.9053747828764   49.4503921470269   47.0577316907091   51.7253121375568   48.7014599122356
 0.2494934545  0.2495320282   46.8888245113964   42.9053747828764   50.2446914553663   48.1632202285289   37.0542600742775   36.6201610643423
 0.2496008599  0.2496289744   48.1653717031827   42.9053747828764   42.0767586904306   43.1343534195777   43.8048288656787    44.213012975624
 0.2499183784  0.2499418975   48.1653717031827   51.2743528354478   50.5784986071971   47.4568961648229   45.0866335003233   44.9315568909181
#[time: 0.25]
  0.251102535  0.2511910705   48.1653717031827   49.0137394099205   52.4940436073151   53.2411495549848   42.3748449144019   41.6794696163402
 0.2525393525  0.2525870122   52.9194128842418   49.0137394099205   46.6072240697894   46.3620223112734   47.5031500675588   48.4621252923864
 0.2539586996  0.2539790804   52.9194128842418   56.2774150350447   53.3713947489544   52.2770430801556   51.4138939648486   48.3216593082031
 0.2551760494  0.2551772581   52.9194128842418   54.7936433004563   56.2914121857917   57.5431660744437   50.6936526818053   49.9653921055704
 0.2576343066  0.2576791295   52.9194128842418    52.330663078875   58.4240991285807   59.6120472353005   59.5121304269441   55.7497582733998
 0.2577563414   0.257760331   52.9194128842418   34.6804790712715   54.8154197491355   54.2186855764352   53.4269050159289    38.822309394744
 0.2582133837  0.2582195196   25.9628147073079   34.6804790712715   50.8299578528433   41.9696602326139   30.9983698372963   36.0519320515369
 0.2592853543  0.2592895814   38.0613618791953   34.6804790712715   30.9303761529347   27.8164676729279   28.6073206795713   31.6514415512635
#[time: 0.26]
  0.261316053  0.2613160532   38.0613618791953   34.6804790712715   38.8533992406868   38.0808968265536   38.9088809890624   38.1075137729142
 0.2629918525  0.2630190791   40.2750449629554   34.6804790712715   39.2624462380022   37.8651205547027   42.2747622236756   39.0103753770802
 0.2663400554   0.266365791   40.2750449629554   36.6102365965116   42.6500909520259   41.2036336266857   41.2917945372259   40.4387941543251
 0.2687658011  0.2687829829   37.1357103898739   36.6102365965116   45.7201000346872   43.6587295942381   33.9142817410719   34.0890900630351
 0.2691218095  0.2691522381   36.0757175127528   36.6102365965116   42.2541513451695   42.0168276473797   26.0536309910582   26.1437364239943
#[time: 0.27]
 0.2744515122  0.2744594855   36.0757175127528   39.9082898801983   38.2777927205348   39.0009090297164   33.8125800880028   33.2874619642424
 0.2785213834   0.278545592   36.0757175127528   41.6228031650984   39.5238163829358   42.4209571274425    35.414021601642   35.3891575912624
#[time: 0.28]
 0.2843594886  0.2844042113   36.0757175127528   38.6731618037542   39.5918235115338   42.5064064066847   36.0670052820648   35.5675234728508
 0.2852336589  0.2852336989   37.8724090566513   38.6731618037542   40.3361441418213   41.0507999124013   41.6163554816173   42.3291925986672
 0.2880025852  0.2880199366   37.8724090566513   28.3930545353945   37.3345306551002   39.3947026558684   42.8319972967338   26.8592294608125
 0.2888487165  0.2888497895   29.8698316996168   28.3930545353945   38.2037689420656   35.4585149166269    23.746440925552   23.7921510171716
 0.2888535869   0.288920847   23.8527016541025   28.3930545353945   31.6769305597196   30.7646964803313   30.3987376638096   36.0032738744161
#[time: 0.29]
 0.2960749079  0.2960806295   22.3068220420408   28.3930545353945   30.2205712013375   33.0783995748147   26.1705776918003   32.2681752047208
 0.2998546417  0.2998625741   34.4437508361319   28.3930545353945   27.1340878012504   30.7291403571514    26.015052868953    26.689476532703
#[time: 0.3]
 0.3021807352  0.3023060591   34.4437508361319  0.245891633815759   34.6577797975626   33.3324578165904   32.3978722590102   7.49030681704372
 0.3047437123  0.3047512172   34.4437508361319   37.7785151641374   32.1763373119606    10.428065787041   32.3381934744564   32.2632426329735
 0.3050207696  0.3050642844   34.4437508361319   42.2392450611445   35.1974100393827   33.5642244562887   37.9997081552717   40.4467226778004
 0.3067546955  0.3067632396   45.3790230717695   42.2392450611445   42.8738786929219   48.9262985678556   35.0960921220407   36.3606398480039
 0.3097876413  0.3097925915   44.2595795819773   42.2392450611445    50.571510265137   48.4769685751834   38.7866508872298   38.8667348159823
#[time: 0.31]
 0.3101821052  0.3102451698   44.2595795819773   45.8987958013254   45.4993201309301   44.9472967944785   35.6560230428841   35.8513761128038
 0.3105723729  0.3105831634   53.0250317173152   45.8987958013254   49.7735407636005   50.3446107391204   42.6536289168977    41.362532559231
 0.3113126991  0.3113314678   48.6380166238309   45.8987958013254   56.4182641509554   50.8643876423612   39.6513145700467   40.5422359869483
#[time: 0.32]
 0.3256235329  0.3256292494   45.3197496729453   45.8987958013254   49.2849923879035   47.3644578625145   35.1935362115548   40.2123142461369
#[time: 0.33]
 0.3302097923  0.3302253881   47.4819367764592   45.8987958013254   41.9396858282587   48.8457492183736   39.8250220663321   39.7283955083181
 0.3303946088  0.3303969946   47.4819367764592   49.5092263550581   51.3248659196354   50.5558079204286   42.0784717854258   41.7845101790553
  0.336338328   0.336353335   47.4819367764592   49.0290801434442   49.4499952932708   49.7903232667028   43.5740431851939   39.6844160293613
  0.339177078  0.3391959086   47.4819367764592   49.2727970502503   47.0861241587077   50.1592096000683   49.0403865809727   52.4595928894545
#[time: 0.34]
 0.3451115363  0.3451566034    46.652324062592   49.2727970502503   50.8205109315401   51.2878443493834   45.1111677376843   44.8895850745548
 0.3475959749  0.3476910928   51.4961616411946   49.2727970502503   49.4246330108311   50.4064792024126   41.2792907874781   42.2119868539977
 0.3482866213  0.3483198144   56.1693420534218   49.2727970502503   55.7369137236598   54.6461817299873   54.9501375192984   53.3202979875494
 0.3492880357  0.3493090213   50.2459671863877   49.2727970502503   61.9538687215712   53.7466039820385   43.1563427965031   47.7062055162939
#[time: 0.35]
 0.3540931465  0.3541027809   45.1972498540166   49.2727970502503    57.015133738145   56.4524693368539   42.5976692024959   41.5192626778733
 0.3575304784  0.3575556628   45.1972498540166   43.6526647717412   50.2262431089402   52.8541739620083    36.461779708416   38.5073521041652
#[time: 0.36]
 0.3608257083  0.3608750758    46.688667090472   43.6526647717412   47.4775981991537   47.1122924083342   36.3331512981907   35.6749360663539
 0.3619915108  0.3620037092    46.688667090472    47.341539643487   48.2020762715142   47.1836773011515   37.2087922168759   37.2205570530123
  0.366568995  0.3666175952    46.688667090472   41.1692094408998    52.390017982158   52.7647634796356   44.8011436047687   44.2196208333079
 0.3698243954  0.3698256349    46.688667090472   42.0074592304951   48.3605931921377   45.4624904857883   48.2740695528306   46.2693576015205
#[time: 0.37]
 0.3737226672  0.3737246396    46.688667090472   45.3561349857765   51.3304521704196    48.454024978345   42.7942938147337   44.1384848570386
 0.3739661754  0.3739831208    46.688667090472   45.6922538735065   46.6923520536749   46.5386748676582   40.5893262640257   40.8426637438684
 0.3741137779  0.3741350049   47.0564332065826   45.6922538735065    48.796990875625   48.4618503473952   44.7029664085379   45.1652348369587
 0.3794915938   0.379496355   47.0564332065826   37.2623535721873   47.6444015297069   47.3453447594169   53.1383892623576    45.459507638836
 0.3799310032  0.3799439247   47.0564332065826   43.0564081178393   48.9965911341949   44.5210072730745    48.612419463245   46.3394724375734
#[time: 0.38]
 0.3809648085  0.3809768868   38.9857566764466   43.0564081178393   51.1658714175685   49.2233824012367   37.9786149269871   40.8363513340057
 0.3869416802  0.3869804734   38.9857566764466   45.4515984753495   42.6875487425179   43.6576937272862   35.7193173526503   35.7609155398727
#[time: 0.39]
 0.3907051062  0.3907073476   38.9857566764466   43.5481244869071    45.371275460904   47.7088001533792   41.1607606775445    42.481979756257
 0.3931320717  0.3931780174   38.8513289658857   43.5481244869071   42.5824196581193   43.8003948235738   39.9182120752158   38.0008723249026
  0.397834499  0.3978449537   38.8513289658857   38.1473745807104   42.1976993915478   43.5193714183253   30.3008337090303   30.3340479176163
 0.3982754346  0.3983043174   38.8513289658857   52.6307111294032   38.6933551097364   38.6714421623074   45.3812549934179   48.3767378487968
#[time: 0.4]
 0.4004059205  0.4004129707   47.6590337294543   52.6307111294032    46.273415410759   51.1192261696021   49.9997992832666   50.4261535779358
 0.4036599802  0.4036602646   47.6590337294543   42.3260473337774   53.7434771056914   55.1594220009622   45.8307356914774   45.4376911835664
 0.4051193873  0.4051905103   45.9109337024531   42.3260473337774   50.8807151024269   48.2011202192191   56.3474604240008   52.4290288695742
 0.4058322475   0.405864836   43.6805647422389   42.3260473337774   53.8463495661784    51.210217896172   34.0499815564289   37.5964640122979
#[time: 0.41]
 0.4100204223  0.4100212476    47.057439617554   42.3260473337774   47.5795318532063   47.0559997622957   39.7864570178971   41.2238297955536
 0.4111389204   0.411201741    47.057439617554   51.5758030396279   42.9309479631258   43.6238115276201   49.5220606681732   49.9238595355292
 0.4119633534  0.4119862574    47.057439617554    47.611194258568   52.2354208335413   54.4154264802463   37.4430585222416    37.412554641901
 0.4123340035  0.4123557387   43.3270946958446    47.611194258568   48.9381157254152   49.1234650820406   45.4335844361655   45.8096046334472
 0.4138217745  0.4138733086   50.1799039003511    47.611194258568    46.025885053558   47.5755522434209   47.4409102798537   47.8634141737439
 0.4158129554  0.4158379874   50.1799039003511   44.8426806705435   52.8302011341832   52.0791739716162   59.4300157161782   50.5121729819306
  0.416471557   0.416500197   50.1799039003511   53.1808273260829   49.5938050855185   47.7609496284537   50.5507415987122   49.8761517974629
 0.4166574822   0.416676788   50.1799039003511   39.1229289910621   51.9487602563207   52.6077479473144   50.1365128613113    44.963788426924
 0.4171713413  0.4171730949   50.1799039003511   37.1433845782133   46.6220699053658    44.032035772561   52.3722183855608   42.7687822700551
 0.4194646872  0.4195085303   50.1799039003511   53.8200362051578   47.5100865585195   44.1601646366245   51.7650959283373   51.5883498453257
 0.4195195543  0.4195325859   54.9768793622854   53.8200362051578   53.4770338960662   54.3746619504004   45.2017112196876   45.0363558873383
#[time: 0.42]
 0.4210361323  0.4210546567   55.3032255587556   53.8200362051578   58.2635525129797   57.9704662737498   51.9109275531955   52.2674720784882
  0.422886693  0.4229167982   55.3032255587556   48.5924143002958   56.4814709728317   56.1813235756671   55.6158202151145   52.1630163857845
 0.4245374322  0.4245399012   55.3032255587556   64.9967486485752   57.8514793916309   48.5578557530042   60.2402579057901   59.1991802816648
 0.4295700708  0.4296165058   55.3032255587556    62.138876983453    60.133249002378   59.8048427458162   55.9931269461411   54.7338191155594
#[time: 0.43]
 0.4348391506  0.4348981433   55.3032255587556   63.3629657869727   60.8110219155237   63.6269763353923   59.7719248627298   60.4188774583732
  0.435036404  0.4350508479   55.3032255587556   57.6544672817633   59.4266484224029   59.6804841217079   54.2883427671532   52.8310105595394
 0.4398805619   0.439900006   68.4197268285976   57.6544672817633   58.7495089980162   59.7364242940397   66.2398175666199   63.0489172339277
#[time: 0.44]
  0.440759914  0.4407602091   68.4197268285976   70.3466874400402   70.6117693930809   65.5083874038336   60.6013764873425   60.1238055514608
 0.4445269904  0.4445409064   68.4197268285976   69.3466082042286   71.7271158127906   73.1402801102556    60.583849726855   60.4869936812411
 0.4449583142  0.4449646498   68.4197268285976    69.311869820057   70.1856995326472   71.0543064248017   65.6172733729797   62.7452488687252
 0.4467551285  0.4467872987   67.9535125634323    69.311869820057   68.8787353538907   68.8811870855455   63.6549185234729   62.6231793037415
 0.4480231334  0.4480303382   67.9535125634323   66.3496341086011   68.6652616262126   68.6792189978865   67.7220200640777   63.3126382818775
 0.4496577577  0.4496601674   64.0930941885401   66.3496341086011   67.2860756072304    66.152157198594   58.8781701691918   58.4023479098807
 0.4498089398  0.4499219344   64.0930941885401   67.4933178594018   67.0160952731832   67.7358638608184   61.8468875168192   61.0989098602894
#[time: 0.45]
 0.4506031613  0.4506374444   69.6190189285256   67.4933178594018   67.6699449750699   68.6926582662935   68.4840528328318   68.5046625211572
 0.4507203239  0.4507248133   65.5676811441995   67.4933178594018   71.6085722983101   68.6456141537832   59.0624607510157   58.7523507312911
 0.4598402948  0.4598508434   65.5676811441995   67.0558998425959   67.3279493772663   67.5153881583765   57.7579319675807   57.4783489894434
#[time: 0.46]
 0.4651257871  0.4651315279   39.6784338981675   67.0558998425959   67.7436615757642   68.3961415711051   48.0630012954597   69.9378290119837
 0.4658733311  0.4659148923   55.8324788642669   67.0558998425959   44.7116068410134   68.7617070449659   61.6244982389137   70.3450608392503
  0.468889967  0.4689043972   55.8324788642669   57.9828065339493   61.0058042235719   64.2303307790723   56.0023173647989   50.8664611817446
#[time: 0.47]
 0.4703794171  0.4703794264   55.8324788642669    60.759695380303   50.5463020555511   62.1535670259788   56.6800396718675   55.0105743883856
  0.472209139  0.4722328313   55.8324788642669   52.2002885192363   58.2664615318421   60.1687644443396   53.1716781265826   53.6475828366419
 0.4754483206  0.4754540244   55.8324788642669   54.5836164958584   55.7227749515162   54.2013531724973   61.6638917470618   58.0376789051877
 0.4789061462  0.4789076939   55.8324788642669   58.9975293348234   62.5501503052576   61.3357097590445   53.6127043159429   51.2822509954544
#[time: 0.48]
  0.484057446   0.484068397   55.8324788642669   74.7893928202883    58.024759053896   58.3659485809454   64.3861696082867   68.0316240687311
 0.4842063539   0.484225246   68.3275774677161   74.7893928202883   64.8689208754903   72.3862467168744   64.7966750170587   64.3949940230362
#[time: 0.49]
 0.4970870022  0.4971001292   68.3275774677161   70.1496141276974   73.2801755971947   68.3798094593052   63.5476801166888   62.8402709918795
 0.4987351789  0.4987432757   74.2042558076686   70.1496141276974   69.9552768045222   70.0886977108723   66.0648811263024   70.3496214523354
 0.4998386598   0.499857516   74.2042558076686   76.1369588061684   70.3811490462755   72.7161594194241   72.4677378458363   72.0011489207291
#[time: 0.5]
 0.5012981283   0.501304459   73.3423093913923   76.1369588061684   76.7683760143235   77.0890237298293   72.9562951035671   72.7004292517904
 0.5042151502  0.5042304404   73.3423093913923   74.7581661320179   76.5682934150757   77.4849693109117    64.211926258865   64.3458863071141
 0.5065015924  0.5065023537   73.3423093913923   87.0380603998442   81.2515892066163   82.5925694436774   81.0808527279818   92.9778346692534
  0.506570462  0.5065907553   73.3423093913923   77.4107221259661   81.2508117076178   84.8379223157446   71.7480979087902   71.3123388428001
#[time: 0.51]
 0.5175520945  0.5175615722   74.4992381681359   77.4107221259661   78.5841153498939   81.1492979944078   73.8634704386109   80.9433530198139
 0.5177127006   0.517774872   74.4992381681359    67.205019042093   77.6950604433802   78.7638047214861   78.5527709830014   73.9266352839879
#[time: 0.52]
 0.5238775346  0.5238924863   74.4992381681359   73.9650309212812   75.9799865566439   73.3145180823424   69.5140411905657   69.9108123629512
 0.5250392341  0.5250504455   70.8462540253341   73.9650309212812   72.6160583106055   72.6482409397272   73.6733930266251   74.7270072898222
 0.5290131263  0.5290280632   76.9502653022426   73.9650309212812   72.5733861206126   73.4487321886193   66.6747802236306   71.2300450379322
#[time: 0.53]
 0.5319049655  0.5319189296   72.5805606504499   73.9650309212812    79.899813325864   78.0499492158602     73.31256034453   73.9066619753731
 0.5351926495   0.535194973   78.3514135417913   73.9650309212812    75.792351697231   76.1284131460919   70.5423284585244    70.298652369409
  0.537497069  0.5374970917   78.3514135417913   87.3537595962362   79.6464790588634    78.555663825767    80.754682100772    79.342255053314
 0.5386787858  0.5386798494   78.3514135417913   81.7423267165373   83.5681272452335   87.3334571712343    80.334824287955   80.4024413314586
#[time: 0.54]
 0.5403818408  0.5403924347   78.3514135417913   85.5141638549645   80.5473113993695   80.7979853993345   83.0815733959661   87.0732338109587
 0.5450130639  0.5450374304   91.0464891558124   85.5141638549645   80.6497379489292   86.6511571029058   82.8712408214496   85.8852798088682
 0.5462203827  0.5462413081   65.9622988632426   85.5141638549645   95.7173561378715   92.4855333860645   75.4486293733313   91.8047809148655
 0.5479576419  0.5479713464   82.4784673010472   85.5141638549645   74.1369830762561   85.9945577818541   83.5406515172248   83.1732024610908
 0.5499185449  0.5499211274   87.5120303936327   85.5141638549645   85.1690989681556   85.3694575523056   77.0289606102242   78.3283645578528
#[time: 0.55]
 0.5510875318  0.5511221915   87.5120303936327   85.6450842200625   89.5785470379206   88.8830556950454   86.7489364563514    86.680781779404
 0.5523168497  0.5523331757   89.2588927358046   85.6450842200625   88.3772726832848   87.9685599552049   80.0558037926509   80.9243333735029
 0.5528179332  0.5528506487   89.2588927358046   94.5890292522469   93.3361854035513   91.8931580645297   84.6716887210919   84.2217856567086
 0.5530721037  0.5531121374   99.3045893825358   94.5890292522469    92.696302605404   94.5302934379723   89.3564895600971   91.0606293969068
 0.5564113121  0.5564113123   99.3045893825359   94.5890292522469   95.8427620881129   97.2996424793748   95.5569932280919   97.4455497046361
 0.5570877529  0.5571327214   97.3014701535465   94.5890292522469   100.206929392692   98.4641527092735   89.8191289559367   90.7982674018628
 0.5594153788  0.5594266576   97.3014701535465   89.3071260367241   99.4550213268992   98.6198051505069   100.425825098343   92.8942730146111
#[time: 0.56]
 0.5627958672  0.5628236804   97.3014701535465   99.7185529120159   99.2489331000396   94.6994849680314   100.336628336406   96.3206163748734
 0.5629561372  0.5630100396   97.3014701535465   99.0570657962622   101.535209657875   102.630213926106   88.5483271420397   88.6158759532702
  0.566280481  0.5663548192   97.3014701535465   98.5761607519373    94.627208350791    99.457488292319   93.9083601783774    93.198918798343
 0.5683531723  0.5684937885   97.4288200793073   98.5761607519373   101.457806878198    102.19026330184   105.150883608642   106.739646655366
#[time: 0.57]
  0.574248141  0.5742736493   97.4288200793073   95.6983633610641     101.7786053253    102.25875500615   96.5446060337315   96.5537930612944
 0.5745452179  0.5745483753   97.1040109879792   95.6983633610641   99.9047187537112   99.5119195558475   93.5242668340804   93.6750628894485
 0.5749837778  0.5749917721   97.1040109879792   96.2477988726051   98.3397551161081   98.0850607568148   88.7911647180873    89.797958197668
 0.5753752729  0.5753754054   98.3712517369645   96.2477988726051   99.0695535068128   98.6633794099926   88.4086790015019    94.365334023522
 0.5770132665   0.577027742   106.686801493949   96.2477988726051   101.260165983006   100.653764015867   102.425107971969   100.494166106834
 0.5777041948  0.5777332197   106.686801493949   104.366952739825   106.596676476682   101.036506217495   105.779220810172   105.742799286378
 0.5794892555  0.5795029919   107.517725679983   104.366952739825   108.048952655031   107.643040459804   105.376903602171   105.554174493125
#[time: 0.58]
 0.5813030776  0.5813069756   107.517725679983   97.7812203236408   107.607606097005   107.159602547192   104.750751801245   102.312874511613
 0.5833493626  0.5833683289   107.517725679983   106.010268462157   109.444824471664   105.037631819539   106.559159518929   105.453234400746
 0.5835805382  0.5835916892   107.517725679983   105.984497579026   108.747727538111   108.293267354896   102.014283501702   102.156610327709
 0.5840544061  0.5840576069   107.323920892883   105.984497579026   111.342815786585   110.980217574754   98.3379928071468   99.3893514641718
 0.5890053104  0.5890277764   107.323920892883   108.861430037748   109.662744388703   108.831863166641   104.250282325054   102.878671574794
 0.5899611398  0.5899772289   107.323920892883   108.256504191551   110.426839553057   110.897926121013   105.176499131069   102.989544606898
#[time: 0.59]
 0.5903409483  0.5904547112   110.895241786206   108.256504191551   111.777088045292   112.139052830453   104.614734409751   105.057668019205
 0.5956731746     0.5956767   110.895241786206   113.869066656857   114.894911537343   113.353003100946   105.402062218444   105.174144023975
#[time: 0.6]
 0.6009989414  0.6010010846   110.895241786206    106.86138582698   113.939201028812   115.144340859752   107.226140147869   107.876604872609
 0.6011090146  0.6011370415   110.895241786206   98.2007882980704    113.61962396233   111.685788535066    120.68167331191   105.248223705673
 0.6014364407   0.601527829   101.928159537344   98.2007882980704   116.495585899222    106.75075433817   91.5609154132904   92.0699201180505
 0.6061437765  0.6061482044   97.6240621626527   98.2007882980704   100.632509509751   100.380529071491   89.6903696228447   89.0337116726051
  0.609051239  0.6090538192   97.6240621626527   95.3576844821745   99.1272862341042   99.2939549645337   100.102986936859   98.9177401863518
#[time: 0.61]
 0.6112213505  0.6112359427   100.627051065694   95.3576844821745   101.261312814848   100.508162280676   98.7476913180981   97.8021397354245
 0.6128406074  0.6128795363   100.627051065694   96.0340319561344   103.620118813287   100.642215259742   96.8011001702524   97.4736775470168
 0.6131743803  0.6132132749   86.4084696786661   96.0340319561344   103.366852636042    101.03639913622   93.1737014912372   96.1252984807666
 0.6144065379  0.6144106431   99.7104846901199   96.0340319561344   93.4542123695908   97.6025445357331   94.2076556853886   94.9176971073555
 0.6146292852  0.6146433764   99.7104846901199   88.1752469047004   105.056221661735   102.975587913253    101.47581164312   93.3277739624817
 0.6160643733  0.6161252196   89.6795006864062   88.1752469047004   97.8185713825528   92.9955717751333   85.8737186640725   86.5176498080524
 0.6168268664  0.6168943066   89.6795006864062   91.4407252495773   93.7823226876755   92.9187781624477   92.8383150466119   97.3371676079947
#[time: 0.62]
 0.6226315985  0.6226682688   106.714272071914   91.4407252495773   94.5769827444957   95.3533264572733   102.114991483954   98.4297871145509
 0.6245496872  0.6245734007   106.714272071914    119.07564890683   106.465933149779   97.4662268244247   112.302299044673   116.516959707451
 0.6269366911  0.6269628436   113.643758878795    119.07564890683   113.678969131786   117.916063884141   117.927293179512   118.792540867654
#[time: 0.63]
 0.6337188886  0.6337449315   113.643758878795   116.379409200265   115.554181048115   116.365585598278   107.649804187928   114.705738377562
 0.6366650588  0.6366728568   113.643758878795   126.900088910999   114.906242914309   114.243010214323   118.816524909542   117.041501020365
 0.6377711869  0.6377739702   130.497267644532   126.900088910999   118.428754712994   128.051139172758   128.652665801946    129.07309470283
 0.6390276264  0.6390332796   130.497267644532   128.957984694524    128.59570841906   128.685081377827   128.217443169512   128.780972027323
#[time: 0.64]
 0.6401706598    0.64024547   130.497267644532   119.699217441719    128.22775790252   128.839603889747   125.271571176778   124.935405886015
 0.6406709311  0.6407547863   113.654708326728   119.699217441719   129.243511400762   124.927558877174   116.699380110681    116.73553377405
  0.645110525  0.6451903432   113.654708326728   120.908810451986   120.940077297506   124.054197419683    113.55129962542    112.35088617421
 0.6457169453  0.6457566162   135.686240793032   120.908810451986   117.529839544528   118.241678311714   134.869792929581     128.8294784012
 0.6495014165  0.6496363612   135.686240793032   137.553032780191   134.848503757612   126.287426082309   136.567904287043   136.180800453703
#[time: 0.65]
 0.6558350857  0.6558368026   132.094064877782   137.553032780191   136.958450177589   138.905774772972   132.278823775512   141.635611444109
 0.6580963051  0.6581316073   140.955269354115   137.553032780191    139.69311568343   144.246632257682   134.247857090851   136.618185214623
#[time: 0.66]
 0.6636899939  0.6637012855   135.085861957761   137.553032780191   144.494001102107   142.464786902651   126.164561601346   133.597010351502
#[time: 0.67]
  0.678927816  0.6789416971   135.085861957761   139.936608647583   135.831493406918   135.132242798003   136.411879842318   134.373401068791
#[time: 0.68]
 0.6810322732  0.6810531002   135.085861957761   137.573649377344   143.047402278933   146.474751051343   132.729962455561   131.408947013074
 0.6816572334  0.6816683682   135.085861957761   137.086622715458   138.945134943694   139.840961301201   131.815483040244   130.311767562201
 0.6867581744   0.686763375   135.085861957761   137.611122317039   139.257668485401    140.51524982334   130.626418516409   129.855082480214
 0.6895790128  0.6896056066   135.085861957761   132.026573392103   135.727421014756   137.584898324146   133.662153760636   127.686019879723
#[time: 0.69]
 0.6950934905  0.6950959097   129.807425425002   132.026573392103   134.138557907517   134.023472187981   122.806659147928   122.525361042662
 0.6971712856  0.6971893596   129.807425425002   131.405620925042   135.181098707419   135.812268583436   126.374868928277   126.494241068523
 0.6973109643  0.6973603788   137.695238680035   131.405620925042   130.629157298964   130.916129477449   127.651496561248   130.297877583175
 0.6988557538  0.6988589582   137.695238680035   136.252645118541   139.583367269076    135.74477561596   128.901370687918    129.07926248855
#[time: 0.7]
 0.7022263804  0.7022711665   137.695238680035   140.194973031899   141.545521136961   140.669432311131   139.178862336643   134.094014128343
 0.7025969863  0.7025996084   140.760815866321   140.194973031899    140.14375005499   140.569987170652   131.979934386249   133.172805365337
 0.7027548751  0.7027600239   142.488461845409   140.194973031899   145.724768188495   145.424435196569   134.219045476488   134.995322653028
  0.704707221  0.7047142455   142.488461845409   144.494123201117   143.881457158852   142.787253724307   143.742175980051   144.197169774585
 0.7080031745   0.708020123   150.341278176045   144.494123201117   146.681881071733   147.457165844741   146.783424682554   147.206326876006
 0.7085357421  0.7085475723   146.919737669574   144.494123201117   151.109757073041   149.158015405906   137.127492679845   139.689078965345
 0.7087861049  0.7087903119   152.307657060747   144.494123201117   149.688129504075    148.29938290183   146.224081682323   146.317177681864
#[time: 0.71]
 0.7114419438  0.7114450732   152.307657060747   153.443337651693   154.844668839853   152.061699692818   146.721874888392   144.318610268529
#[time: 0.72]
 0.7221791844  0.7222225058   152.307657060747   153.563910094791   150.375041686005   155.936863975943   149.048409788123   143.676535317293
 0.7284989988  0.7285010605   152.307657060747   149.240121602533   155.845434378386   156.479706183899   147.742884537605   148.983006430552
 0.7298686353        0.7299   145.837010177941   149.240121602533   153.599091699602   153.020883980494   148.256887650822   148.550156161622
#[time: 0.73]
 0.7310476046  0.7310581418   145.837010177941   147.652909239507   148.478608408082   149.284918962602   142.493062711999    141.01604208533
 0.7326846939  0.7327251001   146.780190979707   147.652909239507   150.087818965304      151.225787735   139.738619612645   138.989123149765
 0.7337634341  0.7337712422   144.179118535229   147.652909239507    149.23495513664   149.455879813201   145.464368363879   153.951403555307
 0.7343184647  0.7343380927   153.777579126963   147.652909239507    147.34659086785   148.935180025843   147.224417535575   148.174554986861
 0.7347179529    0.73474359   148.421433652971   147.652909239507   153.742004509343   152.326274264219   138.765435140084   140.988429710191
 0.7387824418  0.7388548798   148.421433652971    152.19210726818   149.400657933933   149.312700796789   152.232328612093   154.563997133531
#[time: 0.74]
 0.7406012097  0.7406012099   148.421433652971    152.19210726818   151.403513919193    151.85752894217   151.395772306022    151.82053508212
 0.7410181438  0.7410194642   148.421433652971   150.066471125776   153.786388279238   155.325149036419    143.33425174606   143.132596151171
  0.742557334   0.742578828   148.421433652971   156.990468242807   150.508311218588    151.09319668474   155.845795236856    166.90935474076
  0.743616543  0.7436203697   148.421433652971   141.945867976417   151.409325259299   159.311050399785   145.949132307417   145.327297474102
 0.7474973452  0.7475018641   148.421433652971   153.579137951663   151.511759496379   148.347561653989   148.859338571237   147.677085826203
#[time: 0.75]
 0.7504213418  0.7504403375   154.782998351839   153.579137951663   152.963695783591   155.508712202065   148.442769939456   150.566890890481
 0.7535609983  0.7535692381   151.302035965917   153.579137951663   156.892531658684   156.453544352665    145.45524119762   145.876008415958
 0.7548701775  0.7548797871    166.66144377282   153.579137951663   154.240682100846   154.971580849748   162.344969282205   159.487637189048
 0.7565282306  0.7565531009    166.66144377282   169.696763480889   166.114938387085   159.454382242642   161.145479344609   159.420163119104
 0.7570493541  0.7570794673   169.095404263883   169.696763480889   167.510675462161   167.063122178279   160.158133117018    160.00972003969
 0.7581126159   0.758120892   172.872077943064   169.696763480889   170.134703142659   170.270519786713   163.751610090322   164.874363901026
 0.7589266572  0.7589517768   172.872077943064   176.123023339614    176.95715682145   175.501044025406   168.153264492458   167.108229633458
#[time: 0.76]
#[time: 0.77]
 0.7713356132  0.7713369508   172.872077943064     163.1840272022   176.800653295466   178.384846054593   178.477902872913   168.153427385037
 0.7732368485   0.773239726   168.562530796407     163.1840272022   175.076158766465   169.144985446899   158.078354133074   156.971930318996
 0.7733684684  0.7733684686   168.562530796407     163.1840272022   167.485219855732   165.545558688522   167.189135097458   165.364150940606
 0.7734603648  0.7734850467   168.562530796407    169.57212549309   170.162222794644   168.123256606332   161.575976324787   161.006530450692
 0.7750248921  0.7750357745   178.624571502784    169.57212549309   174.540783468354   175.074122759936   175.471524004321    173.56248370342
 0.7777955799   0.777822669   173.965322753898    169.57212549309   179.559592699546   173.895691516545   174.629817959103   173.836567280326
#[time: 0.78]
 0.7819033649  0.7819129016   167.919406366801    169.57212549309   175.590139542824   174.255623356169   162.439358045847   161.644189415165
 0.7857939772  0.7858400668   167.919406366801   166.610511396179   173.320764472216   173.833995407259   159.873460989307    159.81870290692
 0.7885894619  0.7885997871   152.381532020016   166.610511396179   170.452956698464     169.8458262567   160.534801954841   169.109192068472
#[time: 0.79]
 0.7917450548  0.7918082108   152.381532020016   153.112003878328   158.870857465465   163.244289335876   145.173416575146    145.27146418848
 0.7925856878   0.792594543   152.381532020016   153.799422817815   155.654553106469   155.859113474765   146.001118749757   143.699782425279
   0.79526501  0.7952757139   152.381532020016   154.201638667944   154.034688397083   154.283230675309    151.00467822998   150.018902144613
 0.7959815744  0.7959986225   152.381532020016   156.427469210374   154.825917964326    155.36914473827   150.777814180266   150.450271449778
 0.7992803849  0.7992976757   154.216416427973   156.427469210374   156.781516742568   158.743320890978   152.073206533587   151.748365862016
#[time: 0.8]
 0.8034232598  0.8034238464   154.216416427973   158.293498502648   162.702350572578   164.270401142955   152.661939365173   152.167566376233
 0.8075600398  0.8075988696   154.216416427973   153.132322434311   158.738429522381   160.039451707989   145.719569925348   145.545633918259
 0.8084093456  0.8084305323   154.216416427973   157.679472052306   151.181678263695    155.03010506308   160.209729034709   162.199420602269
 0.8098447911  0.8098892513   149.589114333614   157.679472052306   155.379164077664   155.155817698223   146.620527669892   163.297023217158
#[time: 0.81]
 0.8115565051   0.811585429   160.808930794207   157.679472052306   154.791837488177   157.708338615579   153.745871152356   155.424636776216
 0.8125297294   0.812531427   160.808930794207   130.155895747698   163.878578660347   162.345562608534   159.925333604474   138.501654403655
 0.8138915336  0.8138947925   160.808930794207   166.199918284614   155.800129110945   139.137796005439    159.21002568591   156.462219851214
  0.814011587  0.8140141737   160.808930794207   154.593267199934    166.28685291852   170.068333890479   162.194874759296   159.335512723117
  0.815318578  0.8154117086   160.808930794207   163.689841972319   161.604838405127   159.649697091158   154.455398654804   154.309083510012
 0.8165303098  0.8165450989   160.808930794207   162.373690038109   165.541555496988   166.690136082735   152.240274083954   152.133756419693
 0.8180572356  0.8180734459   160.808930794207   165.065728862926   162.817376447713   163.185834051578   162.156995735706   162.045426225052
#[time: 0.82]
 0.8200185131  0.8200269656   162.818697055777   165.065728862926   162.509268814702   162.161529010081   160.119368564122   159.806655770496
 0.8201945952  0.8201972693   162.818697055777   178.556459062025   163.442633790314   163.164911735989   168.140995127776   178.037810820779
 0.8217367183  0.8217611191   177.385347302826   178.556459062025   168.041713260479   181.870506906313   173.703185323833   176.100027315095
 0.8286208513  0.8286255368   171.062937428443   178.556459062025   179.677422763055    179.86428412475   173.538178119793   180.010230441314
#[time: 0.83]
 0.8344530877  0.8344558698   179.478162404555   178.556459062025   175.355464777202   178.599954600076   182.993789800442   181.445608629488
 0.8377080062   0.837775065   179.478162404555   182.662073626856   180.067939197922   179.990731770185   182.723965626007   184.477346643345
#[time: 0.84]
 0.8402751046  0.8402971136   179.478162404555   188.067731582646   181.911674007998   182.704342217634   181.878690317342   180.927238134729
 0.8415828871  0.8416204956   188.883311098432   188.067731582646   184.506318341346   186.420865886582    178.60152517177   178.739471148261
 0.8429763761  0.8431132175    195.15353116663   188.067731582646   188.359818598743   187.827158345696   200.805069015003   195.878212898384
 0.8476892906   0.847827146    195.15353116663   197.592250762874   194.432573987302   192.931103949063   191.572206006649   190.360719925926
 0.8497687312  0.8497867561    195.15353116663   198.254747146242   201.428246983353   202.650726186066   189.163877597628    189.01061422234
#[time: 0.85]
 0.8528998816  0.8529098678    195.15353116663   196.435672153572   196.374309740985   195.477265164294   189.899417514233   189.815274370736
 0.8546937912   0.854796161    195.15353116663   197.847591594759   196.513979034452   197.182723188614   188.551214667338   187.881655564894
 0.8566624892  0.8566819299    195.15353116663   188.562646640451   198.609915997204   199.461040507528   190.009141729951   190.562824749122
#[time: 0.86]
 0.8600158169  0.8600280797   189.285633161284   188.562646640451   193.594619101812   190.776511357781   180.979434470005    183.42076537185
 0.8608361871  0.8608369144   183.565845821976   188.562646640451    192.77553497754   192.347240331402   184.652946566127   184.423436311672
 0.8628511182  0.8628758026   183.565845821976   181.418746726129   188.286542625948    183.37755846229   187.854835816868   185.597978724447
#[time: 0.87]
 0.8713874393  0.8714309729   184.725890222277   181.418746726129   185.932107911745   185.084719507284     177.6099106063   181.519482479897
 0.8718289341  0.8718596459    176.66330717357   181.418746726129   181.525704273275   181.785048064813   171.174746845731   178.813613596772
 0.8726092364  0.8726162595    176.66330717357   173.217971539998   182.015894008116   184.056429411119   180.297526902416   175.833492940149
 0.8744218846  0.8744872199    176.66330717357   180.229125781686   181.787644098635   180.267924702035   173.110566214732   170.644210539614
 0.8766070141  0.8766766389   178.208399923233   180.229125781686   179.763835684581   180.531474588066   181.181710152212   182.352177952593
 0.8766848451  0.8766871242   181.724759099992   180.229125781686   181.029865233205   182.127332850396   171.753949167677     171.5044665637
#[time: 0.88]
 0.8843750595  0.8843886251   185.577806981723   180.229125781686   179.595984701546   179.810160906301   184.383402987404   183.974507703299
 0.8846442353  0.8846516589   185.577806981723   190.271507577512   183.979777419844   183.194495857398   184.209746365292   183.353293908405
 0.8880640927  0.8881100302   191.612350895454   190.271507577512   188.901523837385   185.993598604455   198.775765206817   198.149813101029
#[time: 0.89]
 0.8922592376  0.8922880583   191.612350895454   193.106403591269   191.653551106967   191.498770520989   197.594254948331    199.68175476027
 0.8957009731  0.8957750087   195.933248603597   193.106403591269   191.152275528038   193.921264442357   186.145359130097   187.124656512149
 0.8966007556  0.8966325187   195.933248603597   198.549861579719   198.796540773221   197.691470016233   190.970634624019   191.198843295196
 0.8991532849  0.8992016077    202.30931981084   198.549861579719   197.716813706199   197.991834787943   203.610295310085   200.708007931602
#[time: 0.9]
 0.9029082052  0.9029142278    202.30931981084   198.594793893231   198.083711458438   198.196095531785   202.433335463369   200.922422917128
 0.9059273733  0.9059360183   203.355142198191   198.594793893231   202.720371733393   201.898863414182   196.446997258045   197.814620080465
 0.9059876227  0.9059902619   201.119692028593   198.594793893231   204.601690946856   203.411967131553   193.295099356217   192.959059883153
 0.9063210725  0.9063477427   205.921799866726   198.594793893231   208.422825245523     206.2306971596   198.098447006447   200.364537654745
 0.9067777316   0.906786104   205.921799866726    190.89862745498   207.799468730331   203.652912733465   201.197757830986   192.022474023322
  0.907296324  0.9072981573   205.921799866726   210.535143182576   199.628911437225   196.969807839415   201.332043556926   201.272936322312
 0.9073592424  0.9073666004   205.921799866726   194.082970032451    211.60305171655   214.468929878585   211.069756873611   196.549756113247
  0.907443016  0.9074636736   205.921799866726   209.360947190956   202.012916932721   200.589977052501   202.071322976138   200.285572113224
 0.9085139099   0.908541252   206.790222207906   209.360947190956    208.00916770226   208.661769093644    201.61339748444   202.057756487455
#[time: 0.91]
 0.9124033833  0.9124075908   213.333953974566   209.360947190956   210.548863763123   211.121973694722    207.92054069731   208.757822564046
 0.9129209235  0.9129244561   210.431155408744   209.360947190956   214.782923303695   213.565807097333    207.86693546307   208.395639293391
 0.9140496456   0.914058019   210.431155408744   218.878489435312   209.617501171701   209.708202015294   214.014282936026   212.682874534244
 0.9153921396  0.9153921398   210.431155408744   218.878489435312   217.046894569155   222.229624968359   217.343480473055   222.163274331439
 0.9174317914  0.9174630569   210.431155408744   208.173875136626   214.840224498406   219.803149975067   219.514235262153   216.401988248091
 0.9188269966  0.9188301232   210.431155408744   209.328609292893   211.906281785711   210.685806215815   212.602342524533    212.15081186866
#[time: 0.92]
 0.9220213889   0.922030694   198.261320158687   209.328609292893   217.444484863736   216.756898135844   205.236082556701   210.311229317697
 0.9287244159  0.9287474489   206.554882214956   209.328609292893   203.741779464363   203.917746581244   211.949690913137   216.010306702722
#[time: 0.93]
 0.9333369542  0.9333662075   206.554882214956    198.28076346015   208.713519481485   209.139398072941   216.635299087346   204.771683821477
 0.9393903692  0.9393960337   206.554882214956   210.379211323051   208.761693768034   201.918088938743   214.172979354503   218.686967825916
#[time: 0.94]
 0.9403347571  0.9404129711   212.613691235028   210.379211323051   210.118441862637   212.026110580001   206.028349004468   205.649848909813
 0.9405122451  0.9405151085   216.466053831577   210.379211323051   211.238915055199   211.327130185336   219.427199868281    213.10404595427
 0.9439935718  0.9440190785   216.466053831577   218.176685722145   222.998888043304   216.482630442842   214.185082150023   212.167703259089
#[time: 0.95]
 0.9501568151  0.9502077475   224.907343677881   218.176685722145   218.459875360365   218.923227824186   216.835780522485   216.396820398609
 0.9509658348  0.9509660748   224.907343677881   228.060068005353   229.654959605298   224.120915162962   225.753531583051   225.103033827634
  0.957311865  0.9573470683   224.907343677881   229.548674466602   230.293483543718   231.822080171533   222.395987392306    222.00936562812
 0.9592121649  0.9592677257   228.449707807104   229.548674466602   227.346773980731   226.772279703496   226.598574230933   226.222277807537
#[time: 0.96]
 0.9646509215  0.9647433134    230.27498448084   229.548674466602   230.483265680381   230.741375415898   221.492228434046   221.477499989421
 0.9693504315  0.9693513964   227.295108580524   229.548674466602   233.099221228499   232.632764746419   223.573364987678   222.481389084674
 0.9698294425  0.9699749499   234.674407816559   229.548674466602   229.059697913488   229.417277601852   227.001035811209   230.874802664989
#[time: 0.97]
  0.970442529  0.9705333657   234.674407816559   235.361993740077   232.104046482827   232.108565237533   235.348554827009   231.621508229625
 0.9718181513  0.9718197217   245.405359411229   235.361993740077   236.783815471872   237.264071404139   241.623047504853   239.932098811168
 0.9735086526  0.9735286292   245.405359411229   251.024446515441   244.097902394399   240.332739352269   243.631809164825   242.001337494487
  0.973643382  0.9736464544   245.405359411229   246.082483762141   241.493031936599   252.074593329001   236.543832666168   235.968992384664
 0.9763176583  0.9763313905   247.532837505025   246.082483762141   249.774339461887   250.082047125201   243.700589946797   244.049390213874
 0.9767490794  0.9767684028   247.532837505025    249.54799890761    250.18183075523   249.489375599841   243.160622121495   242.781277934182
 0.9799218272  0.9799383769   247.532837505025   250.213978306345   253.079388762768   254.099403798074   243.892555933585   242.982575485003
#[time: 0.98]
 0.9814037271  0.9814446632    254.22054169983   250.213978306345   246.162703115313   251.309345995115   243.744619667362   244.577462966179
 0.9885013734  0.9885060257    254.22054169983    254.80628368514   255.583401631692   254.357941654957   247.294710214776   247.331714952743
 0.9898678216  0.9898717555    254.22054169983   253.603506109861   253.544878158464   254.264712775685   253.953083664393   253.950597508637
#[time: 0.99]
  0.990596645  0.9906191013    254.22054169983   256.479405245036    255.80874463488   255.414224092087   248.208305860049   246.155262350279
  0.991551241  0.9915760621    254.22054169983    244.04375591915    257.56595554659   258.151978948601   261.066696777722   251.429018152587
 0.9974482736  0.9975272842    254.22054169983   252.571233826745   252.052451462693   250.305933536462    244.50743670719    244.06806364107
 0.9985171075  0.9985259128   257.670051719763   252.571233826745   254.974215639503   254.559899652723   248.239999368244   249.985900703235
