# command line: ./generate_stepping_data --k_ub 350.0 --label paramSearch-goodkbsearch --k_b 10000000000.0 --framerate 1e-10 --lt 23.8 --ls 10.49 --exp-unbinding-constant -0.2 --eqt 0 --eqb 120 --cm 0.4 --ct 0.2 --eqmpre 200 --nomovie --dt 1e-10 --eqmpost 224 --runtime 1.0 --seed 1.0 --cb 0.1



#********paramSearch-goodkbsearch__k_b-1e+10,k_ub-350,c--0.2,cb-0.1,cm-0.4,ct-0.2,ls-10.49,lt-23.8,seed-1,dt-1e-10********
#time_unbind, time_bind, nbx_bind, fbx_bind, nmx_unbind, fmx_unbind, nmx_bind, fmx_bind
#[time: 0]
  0.001027053  0.0010270532                  0  -1.05459231235054   1.91337788474119   1.62147776188381   2.16413970045158    1.8370839968543
 0.0018224906  0.0018224908                  0  -1.05459231235056  0.109721446661832 -0.0614423970949176 -0.00648507242096703 -0.161906219016766
  0.004024659  0.0040246592                  0  -1.05459231235057  0.654132550334751  0.502455995050594  0.532900800680096  0.383733078229311
 0.0044443957  0.0044443959 -4.75175454539567e-14  -1.05459231235057   3.34778288688719   2.93837873825373    3.6530022341827   3.20793608822276
 0.0061581019  0.0061581021 -7.90478793533111e-14  -1.05459231235057   2.51703679717973    2.2044678897365   2.77502362932477   2.45538396968769
 0.0071190106  0.0071190108 -7.90478793533111e-14  -1.05459231235048   3.02591695619374   2.51656679076492   3.12619350237633   2.62345173169959
 0.0087257953  0.0087257955 1.4210854715202e-14  -1.05459231235048   3.17590550540243   2.63300531413853   3.64864473857107   3.06302636314954
#[time: 0.01]
 0.0101791156  0.0101791158 1.4210854715202e-14  -1.05459231235039   3.73951978614864   3.18036223857722     3.609570763183   3.10706961531225
 0.0102815793  0.0102815795 9.2370555648813e-14  -1.05459231235039 -0.452593321857204 -0.469314134711298 -0.986581817776325 -0.871084807238816
 0.0121892176  0.0121892178 9.2370555648813e-14  -1.05459231235029   2.76151297327279   2.32698202065946   3.23272659419687   2.75931311043515
 0.0128380337  0.0128380339 -2.50632847809129e-14  -1.05459231235029 -0.129493318451544  -0.20996195970648 -0.130808883331982 -0.210694852846491
 0.0139007719  0.0139007721 -6.79456491070596e-14  -1.05459231235029  -2.82237343468632  0.139085145754152  -3.09545515546651  0.430080900634005
 0.0169747395  0.0169747397 -5.37347943918576e-14  -1.05459231235029   1.68306641380935   1.42543206001156   1.99397191310951   1.73060481839957
 0.0181779377  0.0181779379 -6.70574706873595e-14  -1.05459231235029   3.67157279441071   2.86798705031657   3.76173919522859   2.98574620953553
#[time: 0.02]
 0.0247030122  0.0247030124 -6.70574706873595e-14   -1.0545923123503   2.87291262215047   2.24024509939691   3.35769507216809   2.72517574940786
 0.0256351029  0.0256351031 -6.03961325396085e-14   -1.0545923123503   1.83788360314056   1.43934963172382   1.33170458298848  0.940206636106673
 0.0287592081  0.0287592083 -5.86197757002083e-14   -1.0545923123503   4.18935943744995   3.02154889184471   3.36590094322389   2.01950019004423
#[time: 0.03]
 0.0312109154  0.0312109156 -5.86197757002083e-14  -1.05459231235031  0.908198950402134  0.762018845847716   1.27079695828303   1.09877433906088
  0.034035636  0.0340356362 -5.86197757002083e-14  -1.05459231235026   5.06373781506537   4.52651608235829   5.21510179201884   4.65859111869066
 0.0349703569  0.0349703571 -2.48689957516035e-14  -1.05459231235026   1.39826800163016    0.9089546220116   1.33416041363459  0.916861043215281
 0.0349891845  0.0349891847 -3.13082892944294e-14  -1.05459231235026   1.46541375881365   1.23637022500812   1.62680339708316   1.37552115621832
 0.0351124398    0.03511244 -3.13082892944294e-14  -1.05459231235031   6.65995916715961   5.86851119383372   6.78402746517218   5.98952336493128
#[time: 0.04]
 0.0427548893  0.0427548895 -1.64313007644523e-14  -1.05459231235031  -2.14190413644467  -2.08018921928399   -2.0172715370956  -1.96507412535864
#[time: 0.05]
 0.0505965685  0.0505965687 -2.70894418008538e-14  -1.05459231235031   2.81805049611173   2.55255839680702   2.85398651670451    2.5839851221557
 0.0519235599  0.0519235601 -1.18571819029967e-13  -1.05459231235031   2.81241796433705   2.36448135443162   2.89724548311193   2.48395592240654
 0.0553324582  0.0553324584 -1.18571819029967e-13  -1.05459231235042   1.95380147236612   1.53375038326575   1.88754854889772   1.46356511806847
#[time: 0.06]
 0.0625702568   0.062570257 -1.18571819029967e-13  -1.05459231235048   2.26734183577476   1.55772467791261    1.9625471041169    1.3479864360598
 0.0670229251  0.0670229253 -1.58983937126322e-13  -1.05459231235048   4.42363112680794   3.81760401731808   4.67504458580339   4.02618596175941
 0.0672612746  0.0672612748 -1.58983937126322e-13  -1.05459231235051  -1.77176335953047   1.26507975172351  -1.81845120068754   1.37486289284852
 0.0675143111  0.0675143113 -1.93178806284777e-13  -1.05459231235051   3.05613572955662   2.49261940745597   3.30817969144608   2.72698726939189
#[time: 0.07]
#[time: 0.08]
 0.0852922997  0.0852922999 -1.56430424169685e-13  -1.05459231235051   0.45354574301484  0.363564790680575  0.220932532784328  0.152203287986429
 0.0862177425  0.0862177427 -2.4580337765201e-13  -1.05459231235051   1.77206154261602   1.24495935377246   1.13501265061586  0.608306451147021
 0.0876858241  0.0876858243 -3.1952218648712e-13  -1.05459231235051   1.67687977284845   1.39855240105918   1.55448295602467   1.28356940395434
 0.0882498049  0.0882498051 -1.97619698383278e-13  -1.05459231235051  -1.30440366185932  -1.19591668122178  -1.39735308271553  -1.27714800051808
 0.0885628385  0.0885628387 -1.58539847916472e-13  -1.05459231235051   2.90229185590247   -6.5646088446611    2.7638723585356   -6.4140456931186
#[time: 0.09]
 0.0902199505  0.0902199507 -1.52211576676109e-13  -1.05459231235051  0.978612707945505  0.747539437303311  0.859958049699435  0.644761600924612
 0.0912192861  0.0912192863 -1.80300219199125e-13  -1.05459231235051   5.71605459237907   4.91062472124098   5.34977885355119   4.54803967982309
 0.0927296985  0.0927296987 8.77076189453874e-15  -1.05459231235051  0.597990706414723  -2.05310420304356  0.756222625144688  -1.93133943485667
 0.0929918084  0.0929918086 8.77076189453874e-15  -1.05459231235059  0.333290609432026  0.192338295051891 0.0926916133472647 -0.00719901594016759
 0.0939437394  0.0939437396 8.77076189453874e-15  -1.05459231235062  0.472042879357258  0.413834460617201   0.91619042432343  0.827427471119788
 0.0950513573  0.0950513575 1.29674049276218e-13  -1.05459231235062   -3.1895398978519  -2.84260936452227  -3.46154753553558  -3.01695416964528
 0.0965957508   0.096595751 1.29674049276218e-13  -1.05459231235066   1.57795601988495   1.40718696781918   1.56777049753717   1.40496958531519
 0.0987486065  0.0987486067 1.09245945623115e-13  -1.05459231235066   2.27966047532938   1.83261913445716   2.03405401454955   1.65521942272588
 0.0996168491  0.0996168493 9.59232693276135e-14  -1.05459231235066   2.82209408195571   2.54986357681231   3.17727350049442   2.88784285618116
#[time: 0.1]
 0.1009157203  0.1009157205 1.06581410364015e-13  -1.05459231235066   2.08681399286813    1.8820831610968   2.03036821883807   1.83870898789413
 0.1067117408   0.106711741 1.06581410364015e-13  -1.05459231235065   3.22151111493097   2.42801339130955   2.97902054249606   2.08095423789656
#[time: 0.11]
 0.1142560152  0.1142560154 1.06581410364015e-13  -1.05459231235069    4.5107339880824   3.91361607540887   4.57893944924709   3.97659505795373
 0.1165458199  0.1165458201 5.95079541199084e-14  -1.05459231235069   2.16954242619012   2.05120739638866   2.01112288037051    1.9138252086602
 0.1193935577  0.1193935579 1.06581410364015e-13  -1.05459231235069  -1.63481639815602  -1.41587443524184  -1.83004611937683  -1.54282149582472
#[time: 0.12]
 0.1232349485  0.1232349487 3.64153152077051e-14  -1.05459231235069   2.86488808311977   2.54274263230044   3.23733198174702   2.88955064541596
  0.128719055  0.1287190552 3.64153152077051e-14  -1.05459231235077  0.879712577129769  0.610604961123885  0.825869274685199  0.534433604691101
#[time: 0.13]
 0.1309812891  0.1309812893 -2.8199664825479e-14  -1.05459231235077  0.531057765702188  0.369970559752275   0.63839832488807   0.45417687100341
 0.1332158908   0.133215891 -2.8199664825479e-14  -1.05459231235082   4.17355274946988   3.51065148341697   3.56163912371269    2.9512601941609
 0.1334974467  0.1334974469 -8.43769498715119e-14  -1.05459231235082   2.42004009241161   1.96926423889463   2.43702703114769   1.99598333009301
 0.1357488967  0.1357488969                  0  -1.05459231235082   4.80311193232498    4.0103000442579   5.36996200220839   4.54474731822243
 0.1369279449  0.1369279451 3.5527136788005e-15  -1.05459231235082   5.12274699572919   4.57807826736209   4.87214710208096   4.35262762620812
#[time: 0.14]
 0.1438043312  0.1438043314 3.5527136788005e-15  -1.05459231235065 -0.496772276004815 -0.503331494506602 -0.595087094145729 -0.580401731504881
 0.1449046492  0.1449046494 3.5527136788005e-15  -1.05459231235067   4.67878503622727   4.36320066456132   4.56831098725648   4.26749213263936
 0.1468766334  0.1468766336 3.5527136788005e-15  -1.05459231235064  -1.10293497284298 -0.991124832405089 -0.549141604608828 -0.545224863633398
 0.1469075307  0.1469075309 1.95399252334028e-14  -1.05459231235064   3.62574251102604   3.31534940194082   4.04723635366874   3.70495027590149
 0.1476730189  0.1476730191 3.10862446895044e-14  -1.05459231235064   3.64124576475966   3.31598682610341   3.34738760200367   3.01562215988389
#[time: 0.15]
 0.1505264202  0.1505264204 3.10862446895044e-14  -1.05459231235063   1.96420328400169   1.57112409730796   2.10147271752293    1.6673364412055
 0.1507052745  0.1507052747 3.41948691584548e-14  -1.05459231235063   3.26598628456182   2.84283336967891   3.76676627733722    3.2855798352367
 0.1513647512  0.1513647514 3.41948691584548e-14  -1.05459231235062   5.74418021058226     5.179601846081   5.95280533253173   5.37539666917954
 0.1514039988   0.151403999 3.41948691584548e-14  -1.05459231235065 -0.645996519468593 -0.436565096909635 -0.488276986312888 -0.585173513917856
 0.1567173122  0.1567173124 3.41948691584548e-14  -1.05459231235058   1.11721522448743  0.705057709182076   1.00865128160447  0.567248424722377
  0.156723482  0.1567234822 3.41948691584548e-14  -1.05459231235069  -1.88232045150671   2.45145809905754  -1.11994089421869   2.42794324370069
 0.1577214534  0.1577214536 3.41948691584548e-14  -1.05459231235067   4.84687152872449   4.39270269420601    4.9421937806904   4.50311397154183
 0.1591944763  0.1591944765 5.32907051820075e-14  -1.05459231235067   4.61249672557517   4.08836636674162   4.26896526876403   3.77306781659973
#[time: 0.16]
 0.1614388338   0.161438834 5.32907051820075e-14  -1.05459231235066   4.13058783548654   3.90051275074953   3.80292270623755    3.5806109352805
 0.1620077788   0.162007779 5.32907051820075e-14  -1.05459231235065   5.18058776303378   4.54157619671467   5.55992808323576   4.89915536867022
 0.1628733319  0.1628733321 1.86517468137026e-14  -1.05459231235065  -1.11285224957717  -1.05085374838947 -0.983276461514708 -0.942462038203763
 0.1634249938   0.163424994 1.86517468137026e-14  -1.05459231235065   3.98495992949988   3.39154733501834   3.90126089993704   3.32321280419996
 0.1636384806  0.1636384808 1.86517468137026e-14  -1.05459231235065   3.48117811972461   2.95647683599018   4.12469831341333   3.52445207552516
 0.1641770343  0.1641770345 -5.45230527393414e-13  -1.05459231235065 -0.555388498602345 -0.0307038074217756 -0.520199481095071 -0.453953091559513
  0.165269441  0.1652694412 -5.45230527393414e-13  -1.05459231235073   3.41739552629363   2.78449386922578   3.74525349541411   3.13549527602452
 0.1655884514  0.1655884516 -5.45230527393414e-13  -1.05459231235081    2.7556001233955   2.33010277952743    2.9697520404856   2.53575697187194
 0.1673496186  0.1673496188 -5.45230527393414e-13  -1.05459231235086   3.48566426047664   3.06298270813843   3.59338943980214   3.13626849303621
 0.1675462269  0.1675462271 -4.98046048846845e-13  -1.05459231235086   1.98430342833423   1.19264761617499   1.98616178254784   1.23224747078414
 0.1685029806  0.1685029808 -4.98046048846845e-13  -1.05459231235074   2.93843211608984    2.2772593408225    2.7930659043871   2.08644596685417
#[time: 0.17]
 0.1754327041  0.1754327043 -5.41233724504764e-13  -1.05459231235074  0.951924513927734   0.67072860760199  0.825139554542489  0.518268372382671
 0.1766817856  0.1766817858 -5.41233724504764e-13   -1.0545923123508   1.42482159296935   1.18796215559871   1.28725815150834   1.05795032990459
 0.1772286989  0.1772286991 -4.82280881897168e-13   -1.0545923123508   4.50259706362788   3.95128886355007   4.60729821650733   4.06179293010791
 0.1781513444  0.1781513446 -4.82280881897168e-13  -1.05459231235089    2.2077340531554   1.78395151554349    2.3803235454137   1.94210737133123
#[time: 0.18]
 0.1818795393  0.1818795395 -5.15365528030998e-13  -1.05459231235089   2.24167346020616   1.96428465334058   1.65712498337682   1.43615982716871
 0.1825030897  0.1825030899 -4.81392703477468e-13  -1.05459231235089   4.08504037999776   3.66406798547009   4.40355105991156   3.96633467658842
 0.1855631264  0.1855631266 -4.81392703477468e-13  -1.05459231235086  0.362840758522195  0.298426324029126  0.131551911198549 0.0803305972674941
 0.1893980563  0.1893980565 -5.58664225991379e-13  -1.05459231235086   4.09994686541355   3.56324323483472   3.91038724415762   3.36239580866148
#[time: 0.19]
 0.1911326904  0.1911326906 -5.58664225991379e-13  -1.05459231235092  -1.16542462364426  -1.04293755989698  -1.19444608378815  -1.06774410797785
 0.1916823352  0.1916823354 -5.58664225991379e-13  -1.05459231235087   1.39555379437397   1.25237591779312   1.29293682500694   1.14459753048341
 0.1948632381  0.1948632383 -5.00710584105946e-13  -1.05459231235087   1.32809989961669   1.11649248058886   1.31144911836479   1.09706359339062
 0.1960619662  0.1960619664 -5.00710584105946e-13  -1.05459231235093   3.00323052492461   2.73653641368921   2.96112201955513   2.70198787062758
 0.1962345699  0.1962345701 -4.81614748082393e-13  -1.05459231235093   1.41975596275857  0.912239425665831   1.78017840596724   1.25922827410733
 0.1984897744  0.1984897746 -4.81614748082393e-13  -1.05459231235091   6.75308714870083    5.9023472117998   6.62214340519793   5.73231393937141
#[time: 0.2]
 0.2019442363  0.2019442365 -4.47641923528863e-13  -1.05459231235091   7.99497644726376   7.16121174213328    8.1143973342837   7.29449220981832
 0.2029417839  0.2029417841 -4.1133763062362e-13  -1.05459231235091  0.749284214919112   0.24461659834066  0.946032282341078  0.475490388585818
#[time: 0.21]
 0.2118297268   0.211829727 -4.1133763062362e-13  -1.05459231235091   3.06247326313296   2.71882187633857   2.82200257274719   2.49808490962571
#[time: 0.22]
  0.223386272  0.2233862722 -4.1133763062362e-13  -1.05459231235091  0.827943096279426  0.718779163944857   0.45849172175881  0.378970214210972
 0.2265041658   0.226504166 -4.1133763062362e-13  -1.05459231235079 -0.110472742714937 -0.183353119446251 -0.162171163536401 -0.224667049859209
#[time: 0.23]
 0.2312220262  0.2312220264 -4.1133763062362e-13  -1.05459231235073   2.67325629846559   2.17578836640891   2.59057431992957   2.05592663133589
 0.2326429275  0.2326429277 -3.58824081558851e-13  -1.05459231235073   5.15837454580897   4.44422958934519   4.78416061906358    4.0986414082509
 0.2338728507  0.2338728509 -3.07531777821168e-13  -1.05459231235073   1.75771616217797   1.66822238652268   1.90092247199889   1.81545861871991
 0.2371555777  0.2371555779 -2.94431146130592e-13  -1.05459231235073   1.17443530359247  0.843310765626066   1.26352907481893  0.922407170240326
#[time: 0.24]
 0.2427906434  0.2427906436 -2.94431146130592e-13  -1.05459231235073   2.31135144807567   1.63539014810419   2.38873407620328   1.59762737530072
 0.2470145214  0.2470145216 -2.94431146130592e-13  -1.05459231235076  -2.73956216824908  -2.71957529701191  -3.03711559592667  -3.02426965996168
 0.2498194505  0.2498194507 -3.31290550548147e-13  -1.05459231235076   3.13997915856999   2.62322744702767   3.17921713819281   2.63670351340937
 0.2499317324  0.2499317326 -3.31290550548147e-13  -1.05459231235079  -3.56947473743921  -3.16794102323733  -3.41106630668264  -3.07761113577347
#[time: 0.25]
  0.250253043  0.2502530432 -3.31290550548147e-13  -1.05459231235074   3.16347428769276   2.57958781704286   2.92311766268803   2.32449543667077
 0.2514401741  0.2514401743 -3.64153152077051e-13  -1.05459231235074   2.84001776426062   2.58486674122055   2.63946205309593   2.40533233755894
 0.2528888581  0.2528888583 -4.44311254454988e-13  -1.05459231235074  -2.56211398888031  -2.28855171185399  -1.64793500972142  -1.51169403668284
 0.2543144009  0.2543144011 -3.5171865420125e-13  -1.05459231235074   1.77241586048467   1.44584712929273   1.71051360681624   1.37265282769408
 0.2555345385  0.2555345387 -2.1138646388863e-13  -1.05459231235074  -1.05681919991498 -0.392377869766907 -0.733378416676398 -0.468292682622951
 0.2579929404  0.2579929406 -2.1138646388863e-13   -1.0545923123507   4.93594503734568   4.27983847291114   4.47317157689879   3.85068693267135
 0.2581208013  0.2581208015 -2.35367281220533e-13   -1.0545923123507    1.9248449906609  0.895494299862839    1.9698585314709  0.986795067417126
 0.2585784124  0.2585784126 -2.35367281220533e-13  -1.05459231235063  0.776465522804785   0.59593045532966   1.34755289400588   1.10148827414073
 0.2596511875  0.2596511877 -1.30229160788531e-13  -1.05459231235063 -0.682306854333011 -0.642762893959188  0.306134600085084  0.140603797246274
#[time: 0.26]
 0.2616823723  0.2616823725 -1.05249142734465e-13  -1.05459231235063   1.98818094766904   1.70395861246939    2.0193119551132   1.72724302462325
 0.2633581728   0.263358173 -1.05249142734465e-13  -1.05459231235071   1.83682184728287   1.40138818364501    1.8586806847239   1.38475418615406
 0.2667100365  0.2667100367 -9.81437153768638e-14  -1.05459231235071   2.82038066433571   2.69584626224617   2.50870764979721   2.39453642323325
  0.269139391  0.2691393912 -9.81437153768638e-14  -1.05459231235072   5.84890549254706   5.31225105934769   5.87058608639926   5.33341319355294
 0.2694977658   0.269497766 -9.81437153768638e-14  -1.05459231235068   4.98073874381408   4.50156533751357   4.73427211863136   4.26119115646129
#[time: 0.27]
 0.2748314193  0.2748314195 -6.88338275267597e-14  -1.05459231235068  -1.08333227098061 -0.617469990106068  -1.11726935553167 -0.371197063372789
 0.2789023328   0.278902333 -6.88338275267597e-14  -1.05459231235068   5.51700759655051   4.87143473679876   5.61613321164864   4.98433235830276
#[time: 0.28]
   0.28474367  0.2847436702 -6.88338275267597e-14   -1.0545923123508   2.83012415700324   2.08755283242553   2.71983617425497   1.91987229653897
 0.2856238786  0.2856238788 -6.88338275267597e-14  -1.05459231235079   3.26419104236265   2.90309284745134   3.49126580945788   3.10244474914451
 0.2883928171  0.2883928173 9.32587340685131e-15  -1.05459231235079   1.12007750230476  0.715760213091129   1.38335867444168  0.888221496203971
 0.2892413838   0.289241384 9.32587340685131e-15  -1.05459231235083    1.5754474611132   1.43783545229049   1.57488968316067   1.43357110065212
 0.2892463708   0.289246371 9.32587340685131e-15  -1.05459231235104   1.80768872773838   1.17633381251998   2.10459289582519   1.36978719401359
#[time: 0.29]
 0.2964769131  0.2964769133 -2.30926389122033e-14  -1.05459231235104     4.733479417744   4.15337415279163   4.77230339723581   4.20385175754491
#[time: 0.3]
 0.3002574257  0.3002574259 -6.46149800331841e-14  -1.05459231235104 -0.797582510511151  0.198743305278055 -0.598920301755192 -0.179584342069084
 0.3025845832  0.3025845834 -6.46149800331841e-14  -1.05459231235106   1.91224983573555   1.71156945854145   1.67670405046403    1.4837997718147
 0.3054505829  0.3054505831 -8.88178419700125e-14  -1.05459231235106  -2.59802536023083  -2.24462051401887  -2.40658585988373  -2.11584828500051
 0.3071902464  0.3071902466 -8.88178419700125e-14  -1.05459231235109   7.12319911663606   6.44929673393004   7.00265606581954   6.32051609462875
#[time: 0.31]
 0.3102243093  0.3102243095 -1.27009514017118e-13  -1.05459231235109   5.59459367088726   4.86707617465747   5.76319167548084   4.96598785315476
   0.31061951  0.3106195102 -1.27009514017118e-13  -1.05459231235115   1.48041000962981   1.20586038824988    1.4498520207008   1.17869734543263
 0.3110180525  0.3110180527 -1.03028696685215e-13  -1.05459231235115   4.84294977319856   4.46430188119164   4.90524604670688   4.52127539768301
  0.311759903  0.3117599032 -3.73034936274053e-14  -1.05459231235115   3.23763309606593  -1.98195362365713   3.20323412687633  -2.16885269951173
#[time: 0.32]
 0.3260731657  0.3260731659 -6.4170890823334e-14  -1.05459231235115  0.779851417642427  0.134356399508512  0.716764158885279  0.120522011099379
#[time: 0.33]
 0.3306602398    0.33066024 -6.4170890823334e-14   -1.0545923123512  -3.61296932123552   2.18666879430472  -3.19066810538252   2.22641871259121
 0.3308470809  0.3308470811 -4.84057238736568e-14   -1.0545923123512    3.9407065044204    3.4370691432428   3.82723785258276   3.34203340210861
 0.3367910805  0.3367910807 1.03549113728008e-13   -1.0545923123512 0.0990268767684104 -0.00847394292553494  0.034618840015688 -0.0568519712730906
 0.3396318451  0.3396318453 1.0769163338864e-13   -1.0545923123512   1.31883085324884  0.975133379139422   1.35607846836049   1.00570007684943
#[time: 0.34]
  0.345568709  0.3455687092 1.0769163338864e-13   -1.0545923123512   2.26155456978299   1.99934500216897   2.18199060695337   1.92575644219637
 0.3480591773  0.3480591775 1.24344978758018e-13   -1.0545923123512   2.03362978000329   1.56704491676946    2.0191571534295    1.6171700629461
  0.348762089  0.3487620892 1.24344978758018e-13  -1.05459231235118    3.8337402822623   3.37799863810258   3.81033665234379   3.36538211454716
 0.3497680227  0.3497680229 1.75415237890775e-13  -1.05459231235118   1.43210808245913  0.709293929376894   1.89151295528261   1.13760467312181
#[time: 0.35]
 0.3545759099  0.3545759101 1.88293824976427e-13  -1.05459231235118   6.75138783880385   6.14138343159649   6.76630824435297   6.14997064445913
 0.3580145496  0.3580145498 1.88293824976427e-13  -1.05459231235124   4.21190143292254   3.57204263581565   4.19467627615039   3.59953634740867
#[time: 0.36]
 0.3613131771  0.3613131773 1.66533453693773e-13  -1.05459231235124   2.50604564819756   2.25323952428113   2.36569765479512   2.13356058343131
 0.3624852989  0.3624852991 1.87405646556726e-13  -1.05459231235124   2.18373216889475   1.83310420926334   2.13997724697965    1.7813093527853
 0.3670644321  0.3670644323 1.48325796089921e-13  -1.05459231235124   5.15208688621562   4.57047564429428   5.52161676810373   4.93655492743071
#[time: 0.37]
 0.3703262511  0.3703262513 1.40221168010157e-13  -1.05459231235124  0.861341472541489  0.379381587066821  0.758990319550005  0.339457503930068
 0.3742246744  0.3742246746 1.40221168010157e-13   -1.0545923123512   5.32835186753778   4.64851416790311   5.23090344420873   4.56551029947366
  0.374468446  0.3744684462 1.40221168010157e-13  -1.05459231235111   0.13392671126787  0.010850639651848 -0.227662418262825 -0.289193136019452
 0.3746182729  0.3746182731 6.75015598972095e-14  -1.05459231235111   2.09617741657396   1.74043724745459   2.16841899215676   1.80091869008232
 0.3799988146  0.3799988148 6.75015598972095e-14  -1.05459231235116  0.701419757907248  0.471327749786341  0.868654495169052  0.613166689544219
#[time: 0.38]
 0.3804388856  0.3804388858 6.75015598972095e-14  -1.05459231235121   4.42004165890967   3.88884506424998   4.19579062787014    3.7006429318688
 0.3814744148   0.381474415 6.75015598972095e-14  -1.05459231235115   4.56680875487832   4.09768486365163   4.49069363702374   4.02809171581063
 0.3874528042  0.3874528044 6.75015598972095e-14  -1.05459231235112   1.11756413842732  0.908998493468358   1.22481486126209  0.998198171331565
#[time: 0.39]
 0.3912212572  0.3912212574 6.75015598972095e-14  -1.05459231235115   3.08828160616577   2.81107421251988   3.60301198360945   3.30211289228113
 0.3936485437  0.3936485439 2.33146835171283e-14  -1.05459231235115   1.53048389913216   1.17636196227343   1.45067341610205   1.10667431364668
 0.3983569625  0.3983569627 7.7937656328686e-14  -1.05459231235115   1.02597878168048  0.689969554708315  0.588335936402788  0.301070927658824
 0.3987991728   0.398799173 7.7937656328686e-14  -1.05459231235109 -0.329089930044144 -0.361812083987886 -0.00814017545799523 -0.0863732626240927
#[time: 0.4]
 0.4009333251  0.4009333253 4.2632564145606e-14  -1.05459231235109   1.34851150842021   1.16633738994565   1.44452827425959   1.24693223965773
 0.4041883264  0.4041883266 4.2632564145606e-14   -1.0545923123511   4.74829791467422    4.4058509377349     4.822042738994   4.49771693631423
 0.4056477611  0.4056477613 2.75335310107039e-14   -1.0545923123511   3.13963831899209   2.76638907590999   2.91672709048801   2.55434629583835
 0.4063699305  0.4063699307 8.17124146124115e-14   -1.0545923123511   8.30898063230369   7.57698707368546   8.42562052105986    7.6781699625614
#[time: 0.41]
 0.4105624278   0.410562428 8.17124146124115e-14  -1.05459231235115   3.98899869680791    3.5837112213607   3.86224736307385    3.5153690006014
 0.4116810334  0.4116810336 8.17124146124115e-14  -1.05459231235112  -1.84426605188636  -1.66250438491542  -1.98906650464005  -1.76122431154455
 0.4125135684  0.4125135686 8.17124146124115e-14   -1.0545923123511   3.34605519157794   2.91121614684124   3.05668048342888   2.66328694637613
 0.4128873563  0.4128873565 7.74935671188359e-14   -1.0545923123511   1.28741879252012    0.9391889112748   1.09864274745738   0.81405522260131
 0.4163759488   0.416375949 7.74935671188359e-14  -1.05459231235115   2.57128183542847    2.3208974823203   2.52047951476114   2.27182439525081
 0.4170379114  0.4170379116 7.74935671188359e-14  -1.05459231235123  0.258363947700439 0.0396335988854326 -0.00753758454846945 -0.172485347139114
 0.4172276276  0.4172276278 7.74935671188359e-14  -1.05459231235126 -0.0633022704955976 -0.194786795863092 -0.0127345548580988 -0.144745824600251
#[time: 0.42]
 0.4200981484  0.4200981486 7.74935671188359e-14  -1.05459231235121   1.25503118007857  0.978888576065893   1.28526137149319   1.00428211944558
 0.4216163998     0.4216164 7.74935671188359e-14  -1.05459231235124   3.34273661914848   3.07364097790849   3.59872681409866   3.30674725511114
 0.4234693927  0.4234693929 3.17523785042795e-14  -1.05459231235124   1.35261270926242   1.13837206369832   1.18097989604923  0.975693793253272
 0.4251241805  0.4251241807 1.34559030584569e-13  -1.05459231235124   1.58931827133727    1.1550026914702   1.40412672405157   1.00248064819334
#[time: 0.43]
 0.4301571261  0.4301571263 2.17159623616681e-13  -1.05459231235124   -1.2074550547775  -1.08580410569776   -1.2064556577775  -1.07053365627026
 0.4354324801  0.4354324803 2.33590924381133e-13  -1.05459231235124   2.98517832464602   2.70200017783974   3.04665349300834   2.78117646299718
 0.4356376032  0.4356376034 2.33590924381133e-13  -1.05459231235134  0.226893437120738  0.131527659043034 -0.209030258470746 -0.251669634775547
#[time: 0.44]
 0.4404836276  0.4404836278 2.33590924381133e-13  -1.05459231235125   2.99682744717809    2.4582039222638   3.07558903329593   2.51341002187003
 0.4451325764  0.4451325766 2.33590924381133e-13  -1.05459231235122   5.14796082352559   4.49833395022102   5.22941644508828   4.55731732350926
 0.4455657432  0.4455657434 2.33590924381133e-13  -1.05459231235115   2.16437058374132  0.887847156589022    2.1556915235908   1.16259255625673
 0.4473635175  0.4473635177 2.80719891776471e-13  -1.05459231235115 -0.633915871127043 -0.612002057224855  -0.40337998887425 -0.430081257672514
 0.4486357904  0.4486357906 2.80719891776471e-13  -1.05459231235112   2.01965863933395   1.87287275137442   1.65543990314775   1.53211035978903
#[time: 0.45]
 0.4502713555  0.4502713557 1.16795462190566e-13  -1.05459231235112 -0.660320048811896  -1.27697692419606 -0.333625120112529  -1.18110403235497
 0.4504228455  0.4504228457 -1.68753899743024e-14  -1.05459231235112   1.85340121120278   1.50805252163568   1.54119549970073   1.19555819128342
 0.4512319898    0.45123199 -1.68753899743024e-14   -1.0545923123511   2.37881415992425   2.02367642228603   2.53304345281942   2.14669595459968
 0.4513536937  0.4513536939 -9.08162434143378e-14   -1.0545923123511   1.50650109061374 -0.197252309784723   1.29410300808219 -0.110517530064894
#[time: 0.46]
 0.4604742694  0.4604742696 -9.08162434143378e-14  -1.05459231235111   -3.3566908098307    1.1912275469619  -3.43465676175246    1.5441243619739
 0.4657610241  0.4657610243 -1.76636483217862e-13  -1.05459231235111   1.10895129590408  0.703180283001113  0.766957396893166  0.371799019314012
 0.4665102313  0.4665102315 -1.44551037806195e-13  -1.05459231235111  0.384912630502531  0.279270258382919  0.447332149137322  0.343256586506619
 0.4695325986  0.4695325988 -1.44551037806195e-13  -1.05459231235118  -4.15568938028582 -0.124452435480509  -3.85329798837539 -0.00252335157707684
#[time: 0.47]
 0.4710238151  0.4710238153 2.83106871279415e-15  -1.05459231235118 -0.162759984594886 -0.257657395276346  0.429229625390741  0.184554486802859
 0.4728535405  0.4728535407 -9.99200722162641e-15  -1.05459231235118   2.10269074971644   1.56185602918762   1.60034055728455   1.07805732005357
 0.4760959112  0.4760959114 -9.99200722162641e-15  -1.05459231235123   1.25424610116824  0.885156094633932   1.25558209278226  0.872835745713924
 0.4795545338   0.479554534 -9.99200722162641e-15   -1.0545923123512    6.5840842661134   5.58734585792443   6.26312400053137   5.36426403890011
#[time: 0.48]
 0.4847060241  0.4847060243 -1.5709655798446e-14   -1.0545923123512 -0.336560835281813 -0.364612142318406  0.146250859555415 0.0531364734324027
 0.4848563274  0.4848563276 -1.5709655798446e-14  -1.05459231235124  0.723093235763092  0.616467451855652  0.570086605774269  0.472313358067587
#[time: 0.49]
 0.4977394186  0.4977394188 -1.5709655798446e-14  -1.05459231235117   3.10041300522459  -6.10908266949775   3.45353343814571  -6.10602228202678
 0.4993894069  0.4993894071 -1.00891517362811e-14  -1.05459231235117 -0.119594213622386 -0.159983894986265 -0.0915197884633084  -0.13321072172241
#[time: 0.5]
 0.5004940534  0.5004940536 -1.00891517362811e-14  -1.05459231235124  -2.18829025958942   1.79062143459828  -2.68098323664343   1.84270389301502
 0.5019558377  0.5019558379 5.92859095149834e-14  -1.05459231235124   1.85986344611033   1.62700247195062   1.99427779641565    1.7345800074899
 0.5048737203  0.5048737205 1.28341781646668e-13  -1.05459231235124    1.8876280581884   1.53832071427991   2.04689509950695   1.68638747865299
 0.5071622427  0.5071622429 1.81188397618826e-13  -1.05459231235124   7.90125524455359   6.89645665857942   7.50876721955393    6.4565566884132
 0.5072312402  0.5072312404 1.81188397618826e-13  -1.05459231235122  0.632270191540709  0.557632653535515  0.804110769599536  0.728659025664234
#[time: 0.51]
  0.518215448  0.5182154482 1.81188397618826e-13  -1.05459231235124   4.30727838446751   3.65806811499934   4.01838581829726   3.38217017157761
 0.5183772648   0.518377265 1.81188397618826e-13  -1.05459231235125   2.00617568069571   1.62739945915084   1.54734121768077   1.22730918943163
#[time: 0.52]
 0.5245508966  0.5245508968 1.81188397618826e-13  -1.05459231235121   3.15615443938204   2.81712177918558   3.33037908445606   3.00832639943921
  0.525714621  0.5257146212 1.81188397618826e-13  -1.05459231235125  -1.54818997501192  -1.50369191981811  -1.72928198692902  -1.68132452947093
  0.529690095  0.5296900952 1.81188397618826e-13  -1.05459231235216 0.0175693903804833 -0.374326131735407 -0.324889333798189 -0.690251256623386
#[time: 0.53]
 0.5325838395  0.5325838397 2.1316282072803e-13  -1.05459231235216   3.34387286949562   2.67472279226513   3.12980593370588   2.47538544815141
 0.5358733242  0.5358733244 2.1316282072803e-13  -1.05459231235218   2.32085625820215   2.06219154084418   2.63046274030719   2.32685749890266
 0.5381780014  0.5381780016 2.1316282072803e-13  -1.05459231235215   2.83374966107222   2.55833709502116   2.63266117474008   2.38328378305396
 0.5393597231  0.5393597233 2.18047802036381e-13  -1.05459231235215   2.52840422084425   2.04710192805522   2.04581054490628   1.61812969514779
#[time: 0.54]
 0.5410628987  0.5410628989 2.47413201037716e-13  -1.05459231235215  0.380382849838102  0.269872965607826   0.27691693920217   0.18546664764032
 0.5456954715  0.5456954717 2.89768209427166e-13  -1.05459231235215   1.81716284324101  0.809213838295232   1.91529979408333  0.733103487839484
 0.5469060344  0.5469060346 2.89768209427166e-13  -1.05459231235215   6.14802028809394     5.435973785327    6.0388601884752   5.34256985163206
 0.5486463218   0.548646322 2.89768209427166e-13  -1.05459231235203   1.60109178450015   1.20263528060355    1.3930090136772   1.03491823043711
#[time: 0.55]
 0.5506089859  0.5506089861 3.30513394430909e-13  -1.05459231235203   1.18720505814975    1.0961645967787  0.674386986997026  0.605882228283906
 0.5517783359  0.5517783361 4.01900734914307e-13  -1.05459231235203   2.31390493685613   1.94281938409457   2.03625048724266   1.69663587174775
 0.5530121675  0.5530121677 3.30624416733372e-13  -1.05459231235203   1.37533308101373   1.12829157489359   1.62190324430985   1.36281097484937
 0.5535153898    0.55351539 3.30624416733372e-13  -1.05459231235197   4.93909729675601   4.53607380021135    4.9060022816395    4.4924071979671
 0.5537738712  0.5537738714 3.30624416733372e-13  -1.05459231235198   1.19331500621176  -2.67233085936819   1.37309941576165  -2.32151317632296
 0.5571184951  0.5571184953 3.78364006792253e-13  -1.05459231235198  -2.02566010066126  0.228293085515507  -2.24697081210549  0.340958610673604
 0.5577949365  0.5577949367 4.16777723444284e-13  -1.05459231235198   1.70544482203773   1.35733906601802   1.86858098345751   1.50526131567377
#[time: 0.56]
 0.5601285809  0.5601285811 3.81028542051354e-13  -1.05459231235198   2.63997287273556   2.32557831133743   3.09876006746674   2.76834881480716
 0.5635104969  0.5635104971 4.49418280368263e-13  -1.05459231235198   2.84454695901429   2.34491810416025    2.9461400660842      2.47271715733
 0.5636745053  0.5636745055 3.61044527608101e-13  -1.05459231235198   2.99290811727084    2.5199867878078   3.12578878941393   2.60810546392636
 0.5670057687  0.5670057689 3.66706665033689e-13  -1.05459231235198  -0.12361812675282  -2.24754754299073 -0.549247406711219  -2.69383088047325
 0.5690882518   0.569088252 3.66706665033689e-13  -1.05459231235204   3.83285324494677   3.23442096874158   3.37055252121319   2.78214110988934
#[time: 0.57]
 0.5750019715  0.5750019717 3.33066907387547e-13  -1.05459231235204   3.94791754260948   3.48470460406836   4.00563928259583   3.53911993077363
 0.5753022811  0.5753022813 3.73923114693753e-13  -1.05459231235204   2.70468664621978   2.46811901950331   2.78813628172417   2.54526081326723
 0.5757412198    0.57574122 3.73923114693753e-13    -1.054592312352   1.40256525326743   1.20983863738089   1.40203036243977    1.2118459179993
 0.5761338154  0.5761338156 3.73923114693753e-13  -1.05459231235206   1.92808014318344   1.42313688252736   2.02297637089999   1.51930864250427
 0.5777718313  0.5777718315 3.83248988100604e-13  -1.05459231235206   3.42678940783736   3.11265419062589   3.47051539242489   3.15689141749416
 0.5784647771  0.5784647773 3.93907129137006e-13  -1.05459231235206   3.37001289513619   2.63259198736957   3.42222388355829   2.72146673196793
#[time: 0.58]
 0.5802535525  0.5802535527 3.69260177990327e-13  -1.05459231235206   1.81894637747366   1.63821348313836   1.68402349472895    1.5297409851923
    0.5820691  0.5820691002 3.69260177990327e-13    -1.054592312352   0.37986831940347  0.285180179684403  0.197680804959083  0.123102751750431
 0.5841158922  0.5841158924 3.69260177990327e-13  -1.05459231235206   4.68340248177544   4.22251824239655   4.39777556404052   3.93037023483353
 0.5843494323  0.5843494325 2.38031816479634e-13  -1.05459231235206   1.44900888130603   1.11292882417667   1.40528781192705   1.03835709549042
 0.5848247932  0.5848247934 2.38031816479634e-13  -1.05459231235202   4.28692759106593   4.01500347941951   4.10019962969598   3.83956202623931
 0.5897761219  0.5897761221 3.36175531856497e-13  -1.05459231235202     2.422417066677   1.76468651470417   2.27856266350348   1.64825514275684
#[time: 0.59]
 0.5907348007  0.5907348009 3.93463039927155e-13  -1.05459231235202   2.03104752314499   1.72166410907863   2.13770993267287   1.80541868867553
 0.5911167609  0.5911167611 3.44169137633799e-13  -1.05459231235202   3.15469240814219   2.79384466839593   2.82588866434064   2.48805144681486
 0.5912147102  0.5912147104 3.44169137633799e-13  -1.05459231235207  -3.85604735593565   2.75525263226864  -3.62154701999312   2.98443285845145
 0.5964640934  0.5964640936 3.44169137633799e-13  -1.05459231235198   4.59376729204859   3.97568367204248   4.21204540222899   3.60488247014199
#[time: 0.6]
 0.6017902974  0.6017902976 3.44169137633799e-13  -1.05459231235185   1.56126994007525   1.18890557111163   1.26869991681527   0.96637988861377
 0.6019006026  0.6019006028 3.44169137633799e-13  -1.05459231235181   1.46812692172238  0.752309826869215  0.713040416577935 0.0321225002557379
  0.602231955  0.6022319552 3.44169137633799e-13  -1.05459231235186   5.43195912253906    4.8750654428181   5.18812894342354   4.62215547221609
 0.6069513883  0.6069513885 2.61402011147993e-13  -1.05459231235186 -0.356302957688896 -0.381258789168266 -0.283885365124944 -0.314866445334369
 0.6098594097  0.6098594099 3.47666340161368e-13  -1.05459231235186  0.563211382194362  0.361556155721741  0.459535704192143  0.299067711749506
#[time: 0.61]
 0.6120298816  0.6120298818 3.47666340161368e-13  -1.05459231235189   3.78248945838548   3.46423993081399    4.0316906869687    3.6976699369864
 0.6136511333  0.6136511335 4.30766533554561e-13  -1.05459231235189   3.23587882257846   2.75013479571998    3.2436451783982   2.74904362263785
 0.6139898055  0.6139898057 4.62740956663765e-13  -1.05459231235189    3.9067724507732   3.36118303481174   4.09809165722065   3.59349829038163
 0.6152271189  0.6152271191 4.18332035678759e-13  -1.05459231235189   2.65124452346779   2.31991507420325   2.44957155654897   2.13642603336373
 0.6154503948   0.615450395 4.18332035678759e-13  -1.05459231235194   6.08819613755936   5.49816062514429   6.25994872514175   5.63771327168683
 0.6168873939  0.6168873941 4.62740956663765e-13  -1.05459231235194   2.40555251564216   1.90347365689835    2.5913454163233   2.09976327246432
 0.6176579169  0.6176579171 4.17443857259059e-13  -1.05459231235194   4.19905245784956   3.60633260405382   4.15769458175381   3.58237379152906
#[time: 0.62]
 0.6234713628   0.623471363 4.17443857259059e-13  -1.05459231235189   4.24213557749346   3.78190493289561   4.45886476928182   4.02325693115659
 0.6253941008   0.625394101 4.17443857259059e-13  -1.05459231235177   1.19220900928464  0.747964414089861   1.70839177194001   1.20370356145649
  0.627784324  0.6277843242 4.17443857259059e-13  -1.05459231235173   2.46118771932386   2.19244345538505    2.4404390780093   2.17466036917458
#[time: 0.63]
 0.6345701078   0.634570108 4.17443857259059e-13  -1.05459231235189 -0.790767636020125 -0.878623977271454 -0.414117833688116 -0.361991312367557
 0.6375196479  0.6375196481 2.89768209427166e-14  -1.05459231235189  -0.66582328280289 -0.542244490719652 -0.480453370810747 -0.519899664364829
 0.6386268452  0.6386268454 2.89768209427166e-14  -1.05459231235202  0.969888138963487  0.307579266926294  0.924535594106676  0.384579221655017
 0.6398836464  0.6398836466 2.89768209427166e-14  -1.05459231235198 -0.300559295922336  -2.11369732299063 -0.261563990839476  -1.96951367633007
#[time: 0.64]
 0.6410274172  0.6410274174 2.89768209427166e-14  -1.05459231235195  -1.51703013670999  -1.18640054098333   -1.4849789600754  -1.16349901922657
 0.6415374717  0.6415374719 2.22044604925031e-14  -1.05459231235195   1.77958987284823   1.36156343614444   1.77651554740376   1.33184991415346
  0.645988115  0.6459881152 2.22044604925031e-14  -1.05459231235192   5.39859094616466   4.87720438767951   5.44490143522183   4.90886770727083
 0.6466052043  0.6466052045 5.59552404411079e-14  -1.05459231235192   1.27467998264923   1.06280175054586    1.3702478522286   1.16541183313387
#[time: 0.65]
 0.6503952316  0.6503952318 5.59552404411079e-14   -1.0545923123519   2.26468985913018     1.802387876686   2.47110351391463   1.96081414927533
 0.6567466539  0.6567466541 9.65894031423886e-14   -1.0545923123519 -0.923804105095146  0.630461786842226  -1.14332418882379  0.503321548617812
 0.6590081552  0.6590081554 9.65894031423886e-14  -1.05459231235195   7.21736612508387   6.24027834533309   7.27820808145168   6.34766659717177
#[time: 0.66]
  0.664606453  0.6646064532 9.65894031423886e-14  -1.05459231235193    3.7049692963099   3.12176976144251   2.84237661546917   2.30629567392191
#[time: 0.67]
 0.6798456201  0.6798456203 1.17673232269411e-13  -1.05459231235193 -0.601642213740093 -0.554305069463409 -0.0195023609404783 -0.254256674645358
#[time: 0.68]
 0.6819518768   0.681951877 1.17673232269411e-13  -1.05459231235195   6.91991527902989   6.22813935943897   6.83608047620918   6.10567277292981
  0.682579684  0.6825796842 1.17673232269411e-13  -1.05459231235194   2.08138548272127   1.77374490317583   2.07990823999561   1.74880830337658
 0.6876821362  0.6876821364 1.17673232269411e-13  -1.05459231235191   2.35000433264744   1.72593364677018    2.8279445901814   2.21102652888658
#[time: 0.69]
 0.6905035982  0.6905035984 1.17673232269411e-13   -1.0545923123521  -1.44650904415146 -0.442206514798422  -1.47754837070295 -0.642070215799765
 0.6960217905  0.6960217907 1.1626810625387e-13   -1.0545923123521 -0.155192879145361 -0.182493427007723  0.134423946353077 0.0872610133706107
 0.6980999456  0.6980999458 1.1626810625387e-13  -1.05459231235211   3.88415524115347   3.56166125214961   4.04032887700248   3.71078536908866
 0.6982420413  0.6982420415 2.1183055309848e-13  -1.05459231235211   2.31138387181244   1.64795422269154   2.24347562245528    1.6360233283266
 0.6997934613  0.6997934615 1.58095758706622e-13  -1.05459231235211   3.07251054625249   2.49625347581603   2.75791604060905   2.20505143011854
#[time: 0.7]
 0.7031645499  0.7031645501 1.87849735766576e-13  -1.05459231235211   3.89440526663225    3.2517686723271   3.99997346674295   3.38281909097857
 0.7035410515  0.7035410517 1.36557432028894e-13  -1.05459231235211  0.676410736402043  0.552164274617055   1.01086897045659  0.858192266295788
 0.7036992494  0.7036992496 1.36557432028894e-13  -1.05459231235208   5.53970533660319   4.86985618519653   5.60257735343997   4.91159948448465
 0.7056523251  0.7056523253 1.28341781646668e-13  -1.05459231235208   1.62843248219828   1.14510548256394   1.59884162790184   1.13135312966983
 0.7089491649  0.7089491651 1.68309810533174e-13  -1.05459231235208   3.07818590701517   2.69003610299408   3.34407314460961   2.96438486363579
 0.7094840996  0.7094840998 1.68309810533174e-13  -1.05459231235212   1.58664451054014   1.33768969655919   1.45168914710305   1.22030055874565
 0.7097360618   0.709736062 1.68309810533174e-13  -1.05459231235209   3.00167473818367   2.40900908384562   2.88918737215099   2.32074759047027
#[time: 0.71]
 0.7123923919  0.7123923921 2.05169214950729e-13  -1.05459231235209   4.03673186024391   3.73670411661753    4.0137426044489   3.71717394603178
#[time: 0.72]
 0.7231300041  0.7231300043 1.36779476633819e-13  -1.05459231235209  -3.91166935138788   4.03480870157705  -4.32250897953591   4.19530278733777
 0.7294556037  0.7294556039 1.66533453693773e-13  -1.05459231235209   2.85634672119851   2.31900625600205   3.22300480303471   2.65073745813677
#[time: 0.73]
 0.7308255317  0.7308255319 2.01616501271928e-13  -1.05459231235209   2.05756721244596   1.85793814384001   2.30939396102219   2.08563475671183
 0.7320086515  0.7320086517 1.67754699020861e-13  -1.05459231235209  0.945543785700058  0.696974604931491  0.675792431561635  0.460668118391815
 0.7336470738   0.733647074 1.67754699020861e-13  -1.05459231235211   3.20397079231285   2.62554147147165   3.02954783862958   2.43878055749162
 0.7347311508   0.734731151 1.67754699020861e-13  -1.05459231235209  -2.63418452594709  0.221292900198599   -2.7995929714738  0.354492854024747
 0.7352872029  0.7352872031 2.41584530158434e-13  -1.05459231235209   1.92098831882526   1.22975299961862   1.90812485335952   1.16825066512148
 0.7356893351  0.7356893353 2.55795384873636e-13  -1.05459231235209   3.99691759216237   3.51609048919494   3.86929258702139   3.38713643011126
 0.7397571407  0.7397571409 2.37809771874709e-13  -1.05459231235209   0.89273939705435  0.768908359420578  0.621501005888163  0.521848151929316
#[time: 0.74]
 0.7415853248   0.741585325 2.37809771874709e-13  -1.05459231235197  0.246479126609186  0.155806245377953  0.233280595332106  0.148170791329048
 0.7420022591  0.7420022593 2.8688162956314e-13  -1.05459231235197   4.37106567809865   3.99144713503372   4.48743566265185   4.09043761572143
 0.7435416361  0.7435416363 3.15525383598469e-13  -1.05459231235197   1.62883684731952   1.32398039753622    1.5641743688477   1.23432576577795
 0.7446036783  0.7446036785 2.59348098552437e-13  -1.05459231235197    2.2246893797743  0.912725623248998   2.26296347757642  0.986986276633558
 0.7484850756  0.7484850758 2.59348098552437e-13  -1.05459231235195   4.84273198794546   4.29399171123463   4.70285247913286    4.1527854864812
#[time: 0.75]
 0.7514096791  0.7514096793 2.01172412062078e-13  -1.05459231235195   3.34062835648116   2.79372729749386    2.8639934611675   2.33332021286768
 0.7545516777  0.7545516779 2.45581333047085e-13  -1.05459231235195   2.16388276238637    1.7766804029872   2.23584581679519   1.82600936024368
 0.7558620489  0.7558620491 2.4935609133081e-13  -1.05459231235195   1.63820636366315   1.21040228125449    1.7512482623153   1.27543792418407
 0.7580458079  0.7580458081 1.98063787593128e-13  -1.05459231235195  -1.79686558655474  -1.52296836827341  -1.85880748603392   -1.5164652792549
 0.7591130009  0.7591130011 2.57460719410574e-13  -1.05459231235195  0.705625345973355   0.41745243953649  0.694994681763871  0.395329540459608
 0.7599281773  0.7599281775 2.76223488526739e-13  -1.05459231235195   4.37298841711092   3.91449805622974   4.43436632803911   3.96968380900792
#[time: 0.76]
#[time: 0.77]
 0.7723405477  0.7723405479 4.23883150801885e-13  -1.05459231235195   2.26157368463843   1.82563256955926   1.98692216353694   1.56454294445325
 0.7742419536  0.7742419538 4.23883150801885e-13  -1.05459231235197   3.64979719883025   3.08011683419879   3.73413854134626   3.15687673354063
  0.774373925  0.7743739252 4.23883150801885e-13  -1.05459231235199   1.83144406815417   1.09148763417032   1.51458471322399  0.737052657408749
 0.7744658214  0.7744658216 4.23883150801885e-13  -1.05459231235195   1.98225374649623   1.70902672590359   1.88863911958609   1.63789356097323
 0.7760337322  0.7760337324 4.23883150801885e-13  -1.05459231235198   5.60462283937536   5.00787827200612   5.15559212344341   4.54064868646652
 0.7788059562  0.7788059564 4.23883150801885e-13  -1.05459231235197   1.29745233039021  0.754350017824181    1.3686491856509  0.831552393209427
#[time: 0.78]
 0.7829173291  0.7829173293 4.20302681547469e-13  -1.05459231235197  0.662612699032729  0.567010289392447 -0.222320419174547  -0.24852957414677
 0.7868091817  0.7868091819 4.08562073062058e-13  -1.05459231235197   4.20291880884337   3.90381285301198   4.01513865373376   3.74337462498175
  0.789610594  0.7896105942 4.08562073062058e-13    -1.054592312352   2.60764865051845   2.11799879953784   2.47666245900972   2.01769299681269
#[time: 0.79]
 0.7927676127  0.7927676129 3.5615954629975e-13    -1.054592312352   1.99480097726269   1.64009842410805   2.09804772061674    1.7203070524374
 0.7928066747  0.7928066749 2.97539770599542e-13    -1.054592312352   3.15908969934383   2.88333087278865   3.04711720292699   2.77686285498495
 0.7936162876  0.7936162878 2.97539770599542e-13  -1.05459231235196   2.82669917138046   2.51112078111357     2.606239102178   2.32763420913252
 0.7962967136  0.7962967138 2.97539770599542e-13  -1.05459231235201    1.1383827607376  0.898354858274132   0.68442108435559  0.472884028848679
 0.7970147551  0.7970147553 2.17603712826531e-13  -1.05459231235201   1.38673096639414   1.07444707385336   1.30348814571128  0.998432736103817
#[time: 0.8]
 0.8003156783  0.8003156785 3.36619621066347e-13  -1.05459231235201   2.78654201675178   2.22547901796542    2.6896381673403   2.09651936973317
 0.8044607326  0.8044607328 3.36619621066347e-13    -1.054592312352   7.67607746822394   6.99583763911177   7.74148747439982   7.03973413915384
 0.8085975874  0.8085975876 3.36619621066347e-13  -1.05459231235198   2.04905906935746   1.80110361014089   1.99172212999509   1.74610578325703
 0.8094518964  0.8094518966 3.36619621066347e-13  -1.05459231235201  -2.56062948152974  0.842836670750264  -2.54584512730253    1.0001608038969
#[time: 0.81]
  0.810890285  0.8108902852 3.36619621066347e-13  -1.05459231235204 -0.0363013209304828 -0.0822917628697931 -0.0221341288834051 -0.0703667483161935
 0.8126075722  0.8126075724 3.36619621066347e-13  -1.05459231235208   1.91490474759929   1.57901669319467   1.59044810011015   1.29134892428304
 0.8135847948   0.813584795 3.36619621066347e-13  -1.05459231235203   3.64819064814021   3.13082641386273    3.5486174936504   3.10879930287686
 0.8149496638   0.814949664 3.36619621066347e-13  -1.05459231235208  0.444096758082901  0.239238704175459  0.397580059261273  0.204640472831406
 0.8150702203  0.8150702205 3.22408766351145e-13  -1.05459231235208   4.74920429931277   4.00708179773272   4.45849556436363   3.69708123468644
  0.816377541  0.8163775412 3.22408766351145e-13  -1.05459231235206   2.77247755749541   2.43089975031005   3.18564652076578   2.80891321053923
 0.8176015232  0.8176015234 3.22408766351145e-13  -1.05459231235206    2.9063223716052   2.13094102210883   2.86604685751728   2.08452796436758
 0.8191304807  0.8191304809 3.18856052672345e-13  -1.05459231235206  -1.78497638798028   -1.6783680419939  -2.02035351166826  -1.89192843252139
#[time: 0.82]
 0.8210939439  0.8210939441 3.06643599401468e-13  -1.05459231235206 -0.466902245330813 -0.473836618237818 -0.621689062198948  -0.61000113565765
 0.8212710657  0.8212710659 3.57880391987919e-13  -1.05459231235206 -0.902899485661756 -0.833573571818818 -0.259434701852991 -0.301249397631045
 0.8228136027  0.8228136029 3.97459842815806e-13  -1.05459231235206 -0.571580951407741 -0.956830535647338  -0.70855503980759  -1.19912173367687
 0.8297010539  0.8297010541 3.74367203903603e-13  -1.05459231235206   1.30256288871283   1.12817940705686   1.39132807728919   1.19688354736611
#[time: 0.83]
 0.8355338892  0.8355338894 3.74367203903603e-13  -1.05459231235201  0.968576965635647  0.678977255404747  0.939996540459981  0.627126007939458
 0.8387891552  0.8387891554 3.74367203903603e-13  -1.05459231235203  0.534402390684163  0.445671764951582  0.544120974790954  0.449526341019461
#[time: 0.84]
 0.8413651896  0.8413651898 3.74367203903603e-13  -1.05459231235194  0.843896733875825  0.595489608113298  0.626784893722504  0.395130989005723
 0.8426759273  0.8426759275 3.06643599401468e-13  -1.05459231235194   1.50758691721336   1.23429823195221   1.60984619098014   1.32820369532247
 0.8440742144  0.8440742146 3.06643599401468e-13  -1.05459231235347 -0.437682368991458 -0.847418465604921 -0.466856897204646 -0.727633985918025
 0.8488054003  0.8488054005 3.13971071363994e-13  -1.05459231235347    1.4144962852771   1.20938453817738   1.66755354187516   1.42764266083038
#[time: 0.85]
 0.8509028773  0.8509028775 3.32178728967847e-13  -1.05459231235347   5.61431973918721   5.11105683889539   5.55752469114573   5.08050447172124
 0.8540363302  0.8540363304 3.32178728967847e-13  -1.05459231235351  -1.18967051390028 -0.389183602869582     -1.23394682383 0.0691330811317212
 0.8558315466  0.8558315468 3.32178728967847e-13  -1.05459231235338   1.16009233031248  0.789996979551333   1.31468710972933  0.941669927139642
 0.8578139772  0.8578139774 3.32178728967847e-13  -1.05459231235331    2.9516981212784   2.51634366064347    2.6602831872823   2.22281977955707
#[time: 0.86]
 0.8611698418   0.861169842 3.32178728967847e-13  -1.05459231235339 -0.0718802909369851 -0.124381563431548  0.109273364578654 0.0370998288569777
  0.861991928  0.8619919282 3.32178728967847e-13   -1.0545923123533   3.45026312651898   2.82398642322662   3.57983803290056   2.92494614893086
 0.8640069572  0.8640069574 3.32178728967847e-13  -1.05459231235338   2.26885640757039  -2.80169504174958   2.45151316435199  -3.32112400888435
#[time: 0.87]
 0.8725465641  0.8725465643 2.67341704329738e-13  -1.05459231235338   2.63777834006078  -3.85891326990753   2.70879140297291  -4.10975193087311
 0.8729936331  0.8729936333 2.37587727269783e-13  -1.05459231235338  -2.20306023225456  -2.10228974433807  -2.46721626094029  -2.36458235311928
 0.8737779336  0.8737779338 2.37587727269783e-13  -1.05459231235329   3.02232078187597   2.52439486837344   2.57940292386708   2.14736929216884
 0.8755914537  0.8755914539 2.16715534406831e-13  -1.05459231235329   5.94236870934547   5.45863022764025   6.19242425759333   5.70988746470927
 0.8777853497  0.8777853499 1.45439216225896e-13  -1.05459231235329    1.4147833844008   1.16931688256305  0.927379050052088  0.713703108647865
 0.8778722779  0.8778722781 2.20712337295481e-13  -1.05459231235329   1.95831902643377   1.45115570757576   1.46321430939912  0.991831321149152
#[time: 0.88]
 0.8855627882  0.8855627884 2.20712337295481e-13  -1.05459231235322   -1.9691071393347  -1.81467463643103  -2.08782987099833  -1.91562943114457
 0.8892545007  0.8892545009 2.69562150378988e-13  -1.05459231235322  -3.30170155652225  -3.92789987509092  -3.32182961246612  -3.89920487370091
#[time: 0.89]
 0.8934554313  0.8934554315 1.82423520733721e-13  -1.05459231235322  0.243206190448485  0.107818215155926 0.0626152665378113 -0.0384057416176506
 0.8969012839  0.8969012841 -1.01030295240889e-13  -1.05459231235322   1.46842884392267  -0.59936192733991   1.56054697339372  -1.34729153932776
 0.8978106362  0.8978106364 -1.01030295240889e-13  -1.05459231235326   3.39459409975386   2.98667482892568   3.43451612743621    3.0262123833002
#[time: 0.9]
 0.9003673498    0.90036735 -1.01030295240889e-13  -1.05459231235317 0.0328344417580114 -0.0564084193562286  0.160051032088595 0.0564210176727649
 0.9041289265  0.9041289267 -5.32907051820075e-14  -1.05459231235317  -3.27396741427852   -3.2311558683908  -3.49366329898558  -3.48362423265093
 0.9071489482  0.9071489484 -5.32907051820075e-14  -1.05459231235326   2.19395320571727   1.83969220910973   2.45562313153669   2.04664832720042
 0.9072102176  0.9072102178 -5.32907051820075e-14  -1.05459231235325   2.63120040818555   2.34538155139156   2.45727756256037    2.1727548864588
 0.9075440044  0.9075440046 -5.32907051820075e-14  -1.05459231235326   7.24400952443543   6.33280022828191   6.92280688827268   6.03422205072319
 0.9085238274  0.9085238276 -5.32907051820075e-14   -1.0545923123534   -3.6030405055106   2.33339042355576  -4.24116849833488   2.20106050910867
 0.9085870347  0.9085870349 -4.2632564145606e-14   -1.0545923123534   4.35350700667215   3.78326384395556   4.57261520062718   4.02596833430238
 0.9086717467  0.9086717469 -2.73114864057789e-14   -1.0545923123534 -0.994780661557275 -0.959177499594323 -0.812141069614066 -0.791186710275362
  0.909745443  0.9097454432 -2.73114864057789e-14  -1.05459231235337   1.09194724160107  -3.54660343521956  0.926217394473947  -3.30601859541353
#[time: 0.91]
 0.9136385435  0.9136385437 4.88498130835069e-15  -1.05459231235337   2.00240154958816   1.79881011661181   2.19572898229184   1.97863061346436
 0.9141565926  0.9141565928 4.88498130835069e-15  -1.05459231235334   2.72091421011542   2.35680134219616   2.30978979318031   1.94356920390489
 0.9152857801  0.9152857803 5.08482145278322e-14  -1.05459231235334 -0.806203152374156 -0.716425515570805  -1.16185919391732 -0.863058796297155
 0.9166292699  0.9166292701 7.72715225139109e-14  -1.05459231235334    3.1154504106142    2.7702618873287   3.33309074816793   3.00649608002392
 0.9186689243  0.9186689245 1.30118138486068e-13  -1.05459231235334   2.67801025219166   1.96373027884187   2.96058962838341   2.21910285083389
#[time: 0.92]
 0.9200683512  0.9200683514 1.30118138486068e-13  -1.05459231235332   2.27196608763388   1.64418952537619   2.05525682148584   1.42296541556655
 0.9232631457  0.9232631459 1.3944401189292e-13  -1.05459231235332   7.01571724779536   6.35939685861544   6.42361182106602   5.81070265268389
 0.9299675554  0.9299675556 1.3944401189292e-13  -1.05459231235349 -0.866556469947395  -0.58264077021413 -0.432582569139957 -0.515509479643844
#[time: 0.93]
 0.9345831237  0.9345831239 2.29816166097407e-13  -1.05459231235349  0.699017146483308  0.510507192988403  0.952376510209268    0.7377520697041
#[time: 0.94]
 0.9406403298    0.94064033 2.29816166097407e-13  -1.05459231235339   2.42718717850529   2.00590371403629   2.66194419892131   2.24691758260398
 0.9415854824  0.9415854826 2.29816166097407e-13  -1.05459231235324   2.51693098450657   1.99024635290295    2.3879677820236    1.8499524537977
 0.9417734144  0.9417734146 2.29816166097407e-13  -1.05459231235326   -1.0983293484482 -0.997699196262798 -0.617793316258277 -0.602354109819244
 0.9452551091  0.9452551093 1.85629289717326e-13  -1.05459231235326   5.27796371162102   4.31005872478242   4.95671639120987   3.99759957838018
#[time: 0.95]
 0.9514215065  0.9514215067 2.27373675443232e-13  -1.05459231235326  0.740074192580242  0.474659145793903    1.0187536774246  0.716424048823636
  0.952237101  0.9522371012 2.27373675443232e-13  -1.05459231235319    4.9037593032471   4.14548901788701   4.47708374978212   3.69443573872624
 0.9585831538   0.958583154 2.27373675443232e-13  -1.05459231235314   4.25602419257628   3.75660249602326   4.15296765557775   3.62741896575281
#[time: 0.96]
 0.9604880396  0.9604880398 2.27373675443232e-13  -1.05459231235316   1.44382989653923  0.982223081729694   1.59150859584294   1.07425711606643
 0.9659341094  0.9659341096 2.27373675443232e-13   -1.0545923123531   0.65931780096062  0.513870760522529  0.716928959900714  0.571101321263078
#[time: 0.97]
 0.9706456049  0.9706456051 2.8688162956314e-13   -1.0545923123531    2.6873354399398    2.0191699590097   2.51597810408179   1.84674187892862
 0.9711247408   0.971124741 2.8688162956314e-13  -1.05459231235298 -0.728855191389695 -0.670056697495387 -0.670314846095058 -0.629948683105024
 0.9717572043  0.9717572045 2.37698749572246e-13  -1.05459231235298  0.730715172426308   0.58598595688515  0.473807652685661  0.355371304712081
 0.9731447727  0.9731447729 2.87769807982841e-13  -1.05459231235298   2.38898039202062   1.72876335661515   2.37700010866506   1.74090601553402
 0.9748355054  0.9748355056 2.87769807982841e-13  -1.05459231235296   1.96342458009153   1.44595103633169   1.62032796028438   1.16576047752497
 0.9749727388   0.974972739 2.87769807982841e-13  -1.05459231235301   1.03581645974318  0.740279497499262  0.956191033869201  0.641974867797697
 0.9776474639  0.9776474641 2.07389660999979e-13  -1.05459231235301   3.88337683337028   3.38380198371904   3.68653202690385   3.18152573798954
  0.978080761  0.9780807612 2.07389660999979e-13  -1.05459231235309   2.74849112868151   2.25435316961583   2.51813167385583   2.04390621673652
#[time: 0.98]
 0.9812560904  0.9812560906 2.07389660999979e-13  -1.05459231235309   4.66252677651662   4.11663198115299   4.59618764926696   4.06659210126094
 0.9827400732  0.9827400734 2.07389660999979e-13  -1.05459231235293 0.0306206597822794 -0.339507853148999 0.0330174674275773 -0.286619443986159
 0.9898430836  0.9898430838 2.07389660999979e-13  -1.05459231235294   2.61827757926349   2.24378000658131   3.03028465266439   2.67949149166165
#[time: 0.99]
 0.9912102051  0.9912102053 2.1538326677728e-13  -1.05459231235294  -2.64951574250787  0.732601818635263  -2.42397536679924  0.376247175178395
  0.991939547  0.9919395472 2.1538326677728e-13  -1.05459231235277   1.10730015694343  -3.24616674410118  0.616073115640903  -2.85671747033146
 0.9928969649  0.9928969651 1.82964754458226e-13  -1.05459231235277   1.97637485950389   1.72132227848528   2.04745398083068   1.78078228871453
 0.9987973272  0.9987973274 1.82964754458226e-13  -1.05459231235282  0.887884505981864  0.779066941762808  0.996804001633237  0.882821556172963
 0.9998770323  0.9998770325 2.33590924381133e-13  -1.05459231235282   1.05689892124488  0.786131013992259    1.0038104296315  0.747902167076281
