# command line: ./generate_stepping_data --k_b 1000000000.0 --k_ub 100.0 --cb 0.6 --cm 0.4 --ct 0.8 --ls 10.49 --lt 23.8 --eqb 120 --eqmpre 200 --eqmpost 224 --eqt 0 --dt 1e-10 --label paramSearch-highcbt --seed 1.0 --runtime 1.0 --framerate 1e-10 --nomovie --exp-unbinding-constant -2.0



#********paramSearch-highcbt__k_b-1e+09,k_ub-100,c--2,cb-0.6,cm-0.4,ct-0.8,ls-10.49,lt-23.8,seed-1,dt-1e-10********
#time_unbind, time_bind, nbx_bind, fbx_bind, nmx_unbind, fmx_unbind, nmx_bind, fmx_bind
#[time: 0]
 0.0010264941  0.0010382451   8.16715096457275   3.15889376778644  -2.13197493992667   2.59388616447389  -1.35724470184638  -1.03559469067205
 0.0018203263  0.0018203265   8.16715096457275   3.15889376778639   6.85159577902039   5.86654193250177   6.90988547254932   5.82836975517659
 0.0040224945  0.0040224947   8.16715096457275   3.15889376778629   5.63787316226063   5.65450345613948   5.73834334896511   5.68623598657971
 0.0044422312  0.0044462178   8.16715096457275    10.968308313065   6.54155271491086   6.02265220419515   4.08441306003225   1.11333332189988
 0.0061554024  0.0061589655  0.510475059012688    10.968308313065   10.5669101585454   11.1953927081826   5.68645448225402   9.82903793187969
 0.0071158094  0.0071160688   16.4701515696572    10.968308313065   5.67388850834262   8.48276666673533   6.05705997912386   6.88653026642126
 0.0082323778  0.0082326175   16.4701515696572   14.0833412490789    19.544553374219   15.2059550319118   11.7577528927769   14.5170052523046
 0.0087224943  0.0087250137   19.6792473180995   14.0833412490789   17.5010672322994   16.3847538122813   10.2665446933559   9.03112929859494
#[time: 0.01]
 0.0101754818   0.010175482   19.6792473180995   14.0833412490789   18.9070165141521   17.2637169869438   18.4986315596969   17.2743308530721
 0.0102779457  0.0102779459   19.6792473180995   14.0833412490789   17.7424212438947   17.1448594400803    17.228951156647   16.9772532545025
 0.0121855834  0.0121860175   19.6792473180995   14.5443614012025   17.5619810369388   17.0217613959079   18.3186410525849   17.8486911990818
  0.012834336  0.0128343362   19.6792473180995   14.5443614012026   15.0017539762831    17.522177067521   15.4057211174928   17.3507741125045
 0.0138970742  0.0139002239   19.6792473180995   19.1502253815384   15.6575019068723   16.3190171239676   19.7863870952075   16.9840759524568
 0.0169705435  0.0169712661   22.1934423666987   19.1502253815384   20.7867906066732   20.6586251004177   12.6394493921666   12.0738778751043
 0.0181736515  0.0181736632   27.0404193854583   19.1502253815384   22.4709662082349   21.0672853748653   21.6806733202259   23.3604931575126
 0.0192387708  0.0192416114   27.0404193854583   36.5513002566028   26.6432376689062   24.4591519030076   32.0619371687533   35.5798811034867
#[time: 0.02]
 0.0232974873  0.0232984687   37.5317260193491   36.5513002566028   31.2915400330318   32.8316932348544   28.5728345695996   28.8399765026049
 0.0246982237  0.0246986356   35.2530111728465   36.5513002566028   38.1057692730359   36.7166866249112   34.7793885698015    33.996083351119
 0.0256302761  0.0256310224   38.0829466945838   36.5513002566028   35.9424666596529   35.9658474031104   27.9300650014561    29.509202478498
 0.0287542676  0.0287549302   38.0829466945838   39.0231527992845   36.7941676070881   38.1486752655456   37.4680839849132   37.1441917413687
#[time: 0.03]
 0.0312059109   0.031207044   37.0896614384127   39.0231527992845   38.8321170706837   38.8861908614395   33.8654429703429   31.8153987865185
 0.0340304896  0.0340304959   37.0896614384127   36.1432762004691   38.6858181987074   38.8239656247978   35.8285432665903    35.978520384285
 0.0349652092  0.0349653421   37.0896614384127   28.6576684600547    36.828729127267    36.980340203101   37.3138245091128   30.3429772719814
 0.0349840105  0.0349862277   37.0896614384127   38.8361093813442   35.2023155466959   33.0738323148568   36.5754116040373   36.1316781637595
 0.0351069832  0.0351083081   37.0896614384127   38.9686464319178   41.2473593336957   42.0509302493611   29.4140720286245   28.9918511243427
#[time: 0.04]
 0.0427492688  0.0427504998   39.5248713056243   38.9686464319178   36.1306707137262   35.9003590264529   40.3551359475745   40.2786311854473
#[time: 0.05]
 0.0505907948  0.0505931373   39.5248713056243   40.5634724376968   38.6555766749241   38.4282595332871   39.5622935754862    39.236096468001
 0.0519174729  0.0519182066   47.9542798091928   40.5634724376968   41.2768908225932   37.8817453913151   37.7099359928586   38.8402957561099
 0.0530094162  0.0530095843   47.9542798091928    39.461393666385    49.318561971417   46.5923281557897   48.0191460583193   44.5423907584398
 0.0553262367  0.0553346924   42.6098414522935    39.461393666385   45.7186395419238   42.5422832373946   35.9870560288557   36.4437869396648
 0.0598865687  0.0598925812   42.6098414522935   46.6293504341034   46.3686683813885   44.9692175242494   38.5679347165545    37.467270144755
#[time: 0.06]
  0.062562151  0.0625621795   42.6098414522935   41.1232545937156   42.2718966523901   44.2084964790958   40.2940449501887   42.5689979040325
 0.0670148178  0.0670148589   42.6098414522935   37.6981497792174    44.270343897771   43.6961407826481    42.638285948197   41.0752877208623
 0.0672531586   0.067254941   41.3707882788179   37.6981497792174    42.593020215317   35.0268810494359   32.5758993058685   32.0146646159829
 0.0675059549  0.0675059551    41.370788278818   37.6981497792174   42.5187865228056    40.602204899118   42.7918450284626   40.7892165766816
#[time: 0.07]
#[time: 0.08]
 0.0852839503   0.085283954   33.0278897384455   37.6981497792174   39.2786954241343   39.4349456416624   39.1305224379276   42.2453333860496
   0.08620939  0.0862128214   33.0278897384455   39.7511357292965   35.0162412447504   37.4614103657552   32.1292800385112   31.6928195381077
 0.0876770054  0.0876780907   33.0278897384455   32.1580822974699   36.2711437869788   35.7618220444073   23.5911547793227    23.874061008272
 0.0885538944  0.0885541014   44.0513611381017   32.1580822974699   34.6597137438956   27.8964067344843   39.8006336805789   37.9050092131622
#[time: 0.09]
 0.0902109814  0.0902109816   44.0513611381017   32.1580822974709   44.4670891542992   34.0247603219654   44.2073937665931   34.0920330920071
 0.0912103168  0.0912111329   44.0513611381017   49.1635732463926   45.6921128881098   36.2867424442343   41.5139129998214   41.3381303140647
 0.0927206075  0.0927207063   56.4032878289625   49.1635732463926   46.1521866340216   48.4284308660528   46.8606181936662   46.9531009581836
 0.0929827006  0.0929914678   56.4032878289625    57.367139045998   52.7182301198745    52.784118132758   50.4099123458072    50.072498611915
  0.096585475  0.0965861318   56.4032878289625   58.5584341223763   57.4501232562753   57.5110236658261   54.7077208998559   54.2370550228826
 0.0987382409  0.0987383147   54.8729249815747   58.5584341223763   58.6015491179279    54.408942930197   54.7254397307311   49.1716148566037
 0.0996064745  0.0996065042   52.8707627178715   58.5584341223763   58.2582949918122    59.864371763606   57.2503070677722   58.3760533775019
#[time: 0.1]
 0.1009053316  0.1009063615   52.8707627178715     48.86166087466   56.7003063114995   57.8630219313679   51.1341982568217   51.0946706743931
 0.1067011834  0.1067050615   52.8707627178715   54.7263751621373   53.9265224086642   50.7214976433602   49.0065818652781   47.3724148961728
#[time: 0.11]
 0.1142449737  0.1142450142   53.9519884215806   54.7263751621373   54.6164906839294   55.0928828759506   53.0951033486035   60.9301581313212
 0.1165347731  0.1165395719   56.0414187018328   54.7263751621373   54.5506678341152   54.5580134924158   52.7332347074231   53.3573474522679
 0.1196197952  0.1196203233   56.0414187018328   64.7288590473865   59.2086250439845   58.6863885598291   60.5291176018431   61.9366453364436
#[time: 0.12]
 0.1232232404  0.1232237482   63.1440228256038   64.7288590473865   60.3423720984721   60.6750021101236   61.0610333737692   60.9432598022897
 0.1244738437  0.1244738481    61.365547623789   64.7288590473865   67.0589742440679   68.2358883037153    63.255108770532   67.0316835015304
 0.1261838023  0.1261839223   66.1976592729218   64.7288590473865    65.001650425663   66.1579256764155   60.3341874306664   60.7372084446292
 0.1287072865  0.1287094393   65.5456317420986   64.7288590473865    66.667234532346   65.8769930476253    64.294168548338   66.7654692176445
#[time: 0.13]
 0.1309692106  0.1309736838   65.5456317420986   67.4919290550671   65.6040037371308    65.506275996108   62.0273629234945   61.9060502111269
 0.1332031955  0.1332073753   64.8490338543056   67.4919290550671   65.6853949231251   66.9305773607642   66.5176611076981   66.6256633525075
 0.1334841672  0.1334841674   64.8490338543055   67.4919290550671   66.6817819838692   67.3190235839292   66.6793883663827   67.2817834544004
 0.1357356192  0.1357396686   64.8490338543055   69.5201112363104   66.1243929887863   69.0766745554276   66.8549066820241   65.8718060823451
 0.1369141428   0.136920562   64.8490338543055   68.3369345836004   68.3457162261994   69.7465536076965   59.4105950617205   68.0411143834444
#[time: 0.14]
 0.1437898093  0.1437919515    67.466349096646   68.3369345836004   66.2274211634712   64.3721620709656   69.9920940877459   70.1807244746894
 0.1448898067  0.1448950643   64.5455369975744   68.3369345836004   69.5881569730866    69.892392727992   65.8943529590751   70.6064143272249
 0.1466204583  0.1466209455   69.9121270932443   68.3369345836004   67.7792030768187   68.3083659587786   62.3152483133477   62.5243380738443
 0.1468919402  0.1468958068   69.9121270932443   62.3370240200713   70.2067385870101   70.0422556772626   74.1679343184538   65.8700860201542
 0.1470879117  0.1470928339   69.9121270932443   66.5535707367199   67.5083668456093   66.7204008674156   65.6018836389296    68.408108349577
 0.1476561967  0.1476572015   70.1082584851548   66.5535707367199   68.8642637212133   68.6353632460495   70.5437951760703    69.892222411379
#[time: 0.15]
 0.1505094628  0.1505094742   70.1082584851548     65.72613079647   68.5250732246379     68.32393731442   68.7273051124943   67.8748087357798
 0.1506883133  0.1506883135   70.1082584851549     65.72613079647   69.7898728440286   68.7802976952062   70.5164030818423   69.1482632458557
 0.1513477908  0.1513534236   70.1082584851549   67.1020347418437   71.7632544550463   70.4791880198729   62.3315016985271   61.8293206006817
  0.151386217  0.1513863033   70.1082584851549   64.7282664669534   70.0192988047773   68.3307293719259   71.2319101338649   61.0762850640434
 0.1566995223  0.1566999034   62.7522800204327   64.7282664669534    68.722590055352   66.9445761866254   56.7639565872338   57.1582360950749
 0.1567056492  0.1567058068   62.7522800204327   61.9264474205112   61.8848755485176   65.3350185814155   59.4606279023299   61.1638434845296
 0.1577035942  0.1577057152   62.7522800204327   63.9147066429747   62.6352694848728   62.6016819348425   60.9646996862733   59.2780942890463
 0.1591763239  0.1591785499    66.182304021247   63.9147066429747   65.9367617289701   66.4361629719709   59.5998520771466   60.9367640792066
#[time: 0.16]
 0.1614203524  0.1614233464    66.182304021247   63.1033195624875   67.6310496837037   67.2122508890267   60.4895375637338    61.091148311428
 0.1619889082  0.1619903549    66.182304021247   64.7134818125864   67.6188821567935   66.4653267706818   56.2170372455449   56.0669360209504
 0.1627553769  0.1627559176   64.1474224077284   64.7134818125864   68.8211773744816   64.0059023820915   60.8570101611607   60.4669242726903
 0.1628541756  0.1628558035   64.1474224077284   68.1672032443354   64.1925701891358   64.1708671410837   60.6454431965248   57.9608631865806
 0.1634056294  0.1634056296   64.1474224077284   68.1672032443354   67.2102886253131   68.6782410493234   67.2543832078984   68.7046355812356
 0.1636191162  0.1636193224   64.1474224077284   64.9888963415509   62.0529039373327   72.7287123529255   63.2002779275619   59.7962015336152
 0.1641576451  0.1641611666   65.7198899868996   64.9888963415509   63.3307491642494   65.5590514990181   68.5852442820445   67.1211191246597
 0.1652494775  0.1652603204   59.5707812055315   64.9888963415509   65.7259131530926   64.0460781245393   61.2357201622251   60.9285391926704
 0.1655670504   0.165571473   59.5707812055315   61.6496997684026   63.0470162969952   64.4278857598026    58.940137214931   57.9187059957559
  0.167327662  0.1673277982   59.5707812055315   50.2509107360414   61.2801328986493   61.5055137320441   56.9955436960643    54.745229637581
 0.1675242525  0.1675251023   59.5707812055315   57.6178043214249   57.2012642369172   53.2474097587131   53.5347557047219   53.4345141948726
 0.1684808634  0.1684808882   59.5707812055315    61.970748664791   59.2848127871643   58.8400409841646    60.175072119471   57.8157339809092
#[time: 0.17]
 0.1730799433  0.1730824845   59.7239602549234    61.970748664791   63.0888753166121     57.65834151939   57.9405540180364   57.2935198746867
 0.1754102302  0.1754121109   59.7239602549234   60.8314271361526   60.9075894726561   61.2198363413422   52.2555050308049   52.0354367472983
 0.1766590558  0.1766617131   59.7239602549234   61.1201527034339   62.0159178867004    62.333264424475   54.3964782882746    51.481346588704
 0.1772055754  0.1772055756   59.7239602549234    61.120152703434    57.407397094381   64.1985775754502   57.1660622632683   64.2419828413638
 0.1781282213  0.1781294252   61.9536452126977    61.120152703434   60.1923342918099   60.8596784395689   59.5467652638224    59.865775910981
#[time: 0.18]
 0.1824797858  0.1824800218   61.9536452126977   57.2263339838003   63.4912223319272   63.2602848923069   61.1883195951533   60.2767775593465
 0.1855397789  0.1855399165   61.9536452126977    62.701556851421   58.4056344814659   59.2704632047757   54.3517727034174   56.0090571913455
 0.1888357462   0.188838513   61.9536452126977   63.8507160400754   67.1246925260261     67.48070032469   54.2059447870919   53.6262174018389
 0.1893743329  0.1893743331   61.9536452126977   63.8507160400754   65.3623218690138   66.3387233829364   65.1068748253543   66.1083679575284
#[time: 0.19]
 0.1910682933    0.19107208   65.4054483180348   63.8507160400754   65.5348650874692   66.3379198324979    63.812484545897   63.9867453864569
 0.1911083978  0.1911085152   65.4054483180348   62.8105386889604   58.5679998846121   66.1461276265681   63.6147726374276   63.7980251266739
 0.1916580208   0.191658021   65.4054483180348   62.8105386889604   64.1557292126463   64.1466058830133   63.9744181053368   64.0029551296688
 0.1948389249  0.1948421688   64.8924629409658   62.8105386889604    63.004691920272   63.4874442486516   56.3660216138861   57.7559394604632
  0.194845227  0.1948460572   64.2969207665902   62.8105386889604   69.3074131350668   61.0804830526136   56.2279470472365   57.2464821873427
   0.19603713  0.1960385627   64.2969207665902   63.3241761523928   66.0956557872188   65.4253189811711   58.6404101537198   59.3357288454906
 0.1984647458  0.1984667984   64.2969207665902   59.5675548158471   65.8368085795158   65.4902742429824   56.5124690936904   58.8262465224733
 0.1990002437  0.1990047773   64.2969207665902   63.7141753795987   63.0637647282891   62.4740853464954     56.31243615032   56.3418388173887
#[time: 0.2]
 0.2019183658   0.201924313   64.2969207665902   65.7060313848094   68.8553160753864   68.5022041879063   56.7577089742786   55.7626928027985
 0.2029150696   0.202917803   64.2969207665902   67.2028395412769   63.6023576120976   64.4665943824576   61.2991906144807   59.5192498304654
 0.2079626896  0.2079627838   67.9270966114209   67.2028395412769    69.434140304117   63.3210914264968    72.689905622966   69.3088601230307
#[time: 0.21]
 0.2118026354  0.2118032109   67.9270966114209   66.1938730301575   69.7714406966015    69.561552932095   60.3064999239119   62.0206459759227
#[time: 0.22]
 0.2264770174   0.226477118   67.9270966114209    70.478600412803    67.710890579638   67.3030551528439   66.7144885624131   65.7745110199079
#[time: 0.23]
 0.2326157722  0.2326166897   67.9270966114209   70.6184346954627   68.9439884971601   70.6754766555611   60.8898389738826   61.5898140177526
 0.2338455557  0.2338527484   75.9812348187724   70.6184346954627   69.9241711048405   70.0549393476998   68.7469636369718   70.1353354536325
 0.2371273608  0.2371301427   75.9812348187724    79.047697765332   73.2260223586529   73.3133267869747   69.0006517014189   69.1524252428015
#[time: 0.24]
 0.2427620344  0.2427626417   76.4012810044723    79.047697765332   77.1233065692993   76.8725844509067   69.9949914593662   70.5942050349044
 0.2497907617  0.2497956079   79.8094165252003    79.047697765332   77.7989579373539   78.0170086003771   81.1489347863569   81.0146660071181
#[time: 0.25]
 0.2502237619  0.2502263435   77.6753708740023    79.047697765332   79.4320868898838   79.5320654753687   71.0181048725418   69.9601520831149
 0.2514105534  0.2514105765   77.6753708740023    73.930408160395   79.1318615759256   79.6188571364554   77.7389384550876   76.8261814895902
 0.2526058775  0.2526104714   77.6753708740023   64.6052506959485   75.5056539359935   75.9361757438679   76.5171908210054   68.7456138342127
 0.2528585737  0.2528585854   77.6753708740023   70.4932805641997     71.56686874947   71.1555621868323   70.6778104800658   73.7013630610695
 0.2542841088  0.2542902138   77.6753708740023   86.1648338667749   74.2307194637076    74.088052756526    81.366134955739   80.5203136636884
  0.255503403  0.2555036715   77.6753708740023   82.5002204670859   78.1971576808214   85.8584756300585   73.3787488728764   73.5468751463574
 0.2579617746  0.2579620675   77.6753708740023   83.3816137572477   81.9459084721596   85.0885606373159   78.7080903728969   78.1892168779667
 0.2580895982  0.2580895984   77.6753708740022   83.3816137572477   79.0638032150904   81.4460518288688   79.5125872047373   81.3434814917903
 0.2585472093  0.2585527415   82.1273203484315   83.3816137572477   80.6744869956932   82.2103741912824   81.2995744499636   80.6091452997489
 0.2596192416  0.2596221237   79.8025290090495   83.3816137572477   84.1390491074492   80.4141975279875   77.2994671611926   77.4558709840652
#[time: 0.26]
 0.2616500915  0.2616500917   79.8025290090494   83.3816137572477    82.485596103836   83.1277265633557   82.5263495549112   83.2031418462901
 0.2633258926   0.263326164   79.8025290090494    74.246715590619   81.3851985858634   84.5296738198325    79.687026566084   77.8840815261994
 0.2666777187  0.2666811348   69.3998527125109    74.246715590619   78.3425859156232   78.1423877107699   69.3242834358212   68.9755230533703
 0.2691066383   0.269107715   67.2820889816853    74.246715590619   74.9732671677376   76.9416019453298   68.5858706465996   67.4194052780708
 0.2694648436  0.2694687746   67.2820889816853   69.5479660731963   72.7213764267701   74.3699942835764   68.9278038370716   69.1169673615796
#[time: 0.27]
 0.2747979743  0.2747984856   71.1677454734014   69.5479660731963   69.2792499580172   70.5627653089554   60.7118733824729   60.4582670508014
 0.2788688165  0.2788703897   62.8580422064858   69.5479660731963   74.1523962823819   73.4064682776036   66.0026020373443   67.8993041054429
#[time: 0.28]
 0.2847099269  0.2847101425   61.7197026815281   69.5479660731963   65.8157673756718   67.6702748088745   66.0777078541954   62.6105876613474
 0.2855901015  0.2855912509   64.0908236971246   69.5479660731963   67.1082213697045   69.0272484343173   66.7261152199437   66.5395898168498
 0.2892074486  0.2892102944   77.0908786112242   69.5479660731963   66.1264684252507   65.7658485667247   68.0109300686005   67.5575172435646
  0.289212054  0.2892133943   77.0908786112242   78.9179411945492   78.8407092682734   68.0710157477156   74.8766032560324   74.1139914273582
#[time: 0.29]
  0.296442421  0.2964424212   77.0908786112242   78.9179411945491   79.9252462294241   80.4414404046064   79.8711171709269   80.3578361774098
#[time: 0.3]
 0.3002229348  0.3002284197   77.0908786112242   74.4531793297591   77.2464597068155   80.7682639023749   73.0210876403637    73.560532609377
 0.3054153882  0.3054171232   77.0908786112242    78.101806243329   74.4582494499994   75.3961464801033   76.1697054382876   72.0821677373248
 0.3071548215  0.3071563111   81.9961966378453    78.101806243329   82.0790368202373   82.5928781906183   72.4565261912133   75.7278650467342
#[time: 0.31]
  0.310188707  0.3101887072   81.9961966378453    78.101806243329   83.8800407681614   82.1086841284385   84.1318942582246   82.1145332622025
 0.3105839075  0.3105888465   70.0733833537862    78.101806243329    80.068846445266   80.0578978746733   74.3438495084637   74.6388078434795
  0.310981806  0.3109862688   70.0733833537862   65.9959298502069   73.8976059953989   76.6098630004475   66.0755767842155   73.7175264157291
#[time: 0.32]
 0.3222035542  0.3222052763   70.0733833537862   69.4282131684644   71.8308758596126    70.496194045871    62.593982664158   62.5571736690565
 0.3260360977  0.3260360979   70.0733833537862   69.4282131684644   68.7132647967375   68.4364077842624   68.7726347357573   68.4544385411657
#[time: 0.33]
 0.3306231724   0.330623349   70.0733833537862   55.1098538479122   69.0462941060594     70.23095284818   72.8373495492827    62.213708905112
 0.3308099889  0.3308099891   70.0733833537862   55.1098538479122   71.5804707771787   56.2256495506361   71.0719157367825   56.3753386319448
 0.3367539903  0.3367540116   70.0733833537862   56.7303054425328    65.459448778151   61.7017668164104   68.1852194561675   63.1219112394656
  0.337579059  0.3375812815   70.0733833537862   68.9480103046066   68.3212256268206   63.0236343003834    61.969422246819   63.1081813864872
 0.3395944954  0.3395945059   70.0733833537862   71.7165748167778   70.0984859802633   67.4046100370951   70.2349711322577   70.0711396244453
#[time: 0.34]
  0.343403348  0.3434033864   80.8829115409644   71.7165748167778   72.5943642173647   73.1553279168293   78.4549843397914   76.0596102594133
 0.3455313511  0.3455333173   72.8914406303074   71.7165748167778   78.9163343943118   76.9674952017246   63.3987987325133   65.6068530891645
  0.348021562  0.3480233516   72.8914406303074   65.2829928279136   73.9060302788052   73.0359373484551   66.8184662192768     68.36773667175
 0.3487242023  0.3487242025   72.8914406303074   65.2829928279136   71.9764531126796   69.8263202730349   71.8027590915618   69.8208696972865
 0.3497301352  0.3497307566   72.8914406303074   72.3645201794767   74.8473001224691   68.8954651534641   70.0041400756342   70.2870318380961
#[time: 0.35]
   0.35453794  0.3545411016   72.8914406303074   75.0047985375475   76.2642964850309   76.0926371133844    66.672307853055   64.5153186490737
  0.355905468  0.3559084855   79.5041566424389   75.0047985375475   75.3740725967908   76.3872550011143    75.341022255223   77.4230050372379
 0.3579758379  0.3579878843   76.9628844507787   75.0047985375475    78.122069544524   77.4738927439147   69.9329226237556   71.7557444944618
#[time: 0.36]
 0.3612728228  0.3612751808   76.9628844507787   75.3058486665431   75.1929430217609   75.3352420622572   73.5053601886221   67.9236687828847
  0.362444607  0.3624460135   76.9628844507787   74.4263784013257    78.012253049322   77.4860620543973   72.9549877659219   75.0140010772758
 0.3642263574  0.3642299879   76.9628844507787   75.2210148774425   79.8622022647266   78.7346926938521   76.5149792625148   76.4721468929555
 0.3670231277  0.3670273544   75.9083138559812   75.2210148774425   80.1932590980815   79.0618525320956   67.8966509742775   68.0966184247033
#[time: 0.37]
 0.3702843916  0.3702888288   75.9083138559812   83.4258755243708   77.6792322435306   72.5120757085169   72.8491101835438   73.4641276259339
 0.3741822433  0.3741822435   75.9083138559812   83.4258755243708   80.0043535558152   83.8068619530009   80.0745678962253   83.7618004864571
 0.3744260149   0.374426631   85.5783487873413   83.4258755243708   79.8599461489167   80.8992355450217   77.2815214703309   80.7792585182683
 0.3745757509  0.3745757895   92.5925079071444   83.4258755243708   85.0870134057991   84.8340932280408    90.816814864257   87.6910410194178
 0.3799562834  0.3799591517   92.5925079071444   76.6571956937675   89.3788427755478   87.9330445546616   89.2254022113266   83.5773200125549
#[time: 0.38]
 0.3803959693  0.3804020233     77.74866068983   76.6571956937675   90.1423241523719   83.9221197596272    75.245243302214   75.2943976692137
 0.3814307229  0.3814333508   83.5093247952288   76.6571956937675   79.1335207364901   78.8985721823925   81.1405011335997   80.6206925179549
   0.38414034  0.3841426148   83.5093247952288   82.4433900167975   79.2075847360892   80.4564495617675    77.611378081022   77.7710919996451
 0.3874084199  0.3874084457   87.5764315732483   82.4433900167975   84.9216146135597   84.4446744414656   87.7464130621219   86.5943366445818
#[time: 0.39]
 0.3911768723  0.3911805476   87.5764315732483   89.8729916689087   85.1085231666212   85.0617219477655   82.1252043734239   80.0183552201931
#[time: 0.4]
 0.4008884162  0.4008900861   90.4980753785433   89.8729916689087   89.1655579496058   89.4112792848402   86.4153968870569   86.9323521326325
 0.4015218878  0.4015245921   90.4980753785433   91.7268691616775   86.7092110671848   92.0961648304545   83.2405470939919   82.3916794931982
 0.4041427962  0.4041430329   90.4980753785433    93.124786031938   93.9415704462802   94.2926035242437   92.1643403690618    93.554043987297
  0.405602201  0.4056022072   90.4980753785433   92.0590261098803   92.3137251814217   92.9787306714672   94.0277977690906   96.7174544118327
 0.4063243694  0.4063258092   90.4980753785433   83.9126715939343   94.4408164726991   94.8459962890104   87.4990596601774   87.2833496886705
 0.4064239276  0.4064267616   90.4980753785433   94.1102394359707   84.4434169150352   86.6773936202879   87.3060176369523   86.6434386196342
#[time: 0.41]
 0.4105162674   0.410517176   90.4980753785433   93.0371126021356   93.6636563168811    94.335898052998   84.7838508606001   83.5497606528155
 0.4116347404  0.4116351943   90.4980753785433   92.3466521412325   90.9088357787002   90.4434670913993   82.7675398773039   83.0557998917267
 0.4116839626  0.4116842423   90.4980753785433   91.4980019123158   88.5439573791257   94.4020876766443   84.5512353843672   84.1421306214375
 0.4124671813  0.4124694515   92.6171597173165   91.4980019123158   92.9244457092576   93.3759870737735   82.8744712379544   90.0318941769557
  0.412840666  0.4128425379   92.6171597173165   91.3525539711143   92.3285890406807   92.2102003273796   84.5817920445413   81.1876466714823
 0.4163289792  0.4163308514   92.6171597173165   97.9198848278582   91.9819719733376   91.9822828792468   90.7975550008952   88.7790931237637
 0.4169906964  0.4169965277   92.6171597173165    94.132213895044   93.2661007629521   96.8112722738244   90.1906100111679   90.1199546140121
 0.4171796489  0.4171816454   94.6366940442347    94.132213895044   92.1910486380405   93.1232287768098   86.3825916566024   86.4222799645055
#[time: 0.42]
 0.4215681529  0.4215685012   97.1028477617329    94.132213895044   96.8538590990202   96.7376795028025   87.7680559063032   87.1610088870676
 0.4234210965  0.4234223412   97.1028477617329   94.3523546047676   96.5414010486856   96.1951721272338    93.408376989802   94.3382701023116
 0.4250757428  0.4250794603   91.9820118798674   94.3523546047676   99.8314356911539   90.1533980326534   92.7521570937489   92.5475610778721
#[time: 0.43]
 0.4301082207  0.4301095099   95.8045443482514   94.3523546047676   92.7753621774985   91.4893501180812   94.9990842103172   95.1077209072084
 0.4353833755  0.4353877102   93.4045686085131   94.3523546047676   96.9783709939675   96.6295391912634   84.2487265407295   84.4020289714864
 0.4394133337  0.4394133695   87.9278712896445   94.3523546047676   96.9336641981568   97.4880804273019   91.1126152962778   91.2406742478899
#[time: 0.44]
 0.4404339263  0.4404384527   98.9132156110652   94.3523546047676    91.554947997839   93.2995111059959   90.6112071397778   92.3461462445586
 0.4413151595  0.4413163164   98.9132156110652   97.8399035550057   99.3708036329237   98.2638207378673   94.7222889518521   95.0390585244253
 0.4450821029  0.4450821031   98.9132156110653   97.8399035550057   101.144965235094   100.570496339645   101.194844909514   100.590850547195
 0.4455152697  0.4455152699   98.9132156110626   97.8399035550057   98.8400686318101   97.3542899398648   98.7142815222559   97.8113548770366
 0.4473130452  0.4473133747   98.9132156110626   105.361054282503   96.9658227754591   98.2386739107522   96.4966192676745   96.7172387443343
 0.4485852708  0.4485896082   98.9132156110626   102.178017603609   101.956937747613   101.828453940878   98.7721504892676   94.4701109788774
#[time: 0.45]
 0.4502203061  0.4502250621   105.719660571932   102.178017603609    100.68384653248   100.419041708339   97.3891852351038   99.8578113796281
 0.4503711289  0.4503727341   103.388172102586   102.178017603609   104.374865286383    104.09096740835   103.520438701151   103.443146075353
 0.4513017904  0.4513030312   103.388172102586    98.927015806866   102.449734328536   102.663173356739   95.9293662298001   96.5065527605513
 0.4523797369  0.4523865383   103.388172102586   102.380477889707   100.903749693989   101.199027495829   95.9518291067386   95.9250627562863
#[time: 0.46]
  0.460421321  0.4604250952   103.388172102586   104.961908959635   99.9030796181403   104.496492579405   98.4948736628604   98.4579284216904
 0.4657075881  0.4657078479   107.603291294347   104.961908959635   104.138488743064   105.460764345067   101.697258193816   102.511890990851
 0.4664567481  0.4664577863   98.5227883367755   104.961908959635   105.047164355762   105.500637427761   104.397341346095   108.627261090564
 0.4694789662  0.4694851688   98.5227883367755   83.9550119551759   101.741171296283   101.673666015517   93.6324841093746   92.3678762156192
#[time: 0.47]
 0.4709693915  0.4709693917   98.5227883367755   83.9550119551759   92.8866177225211   90.5264824836665    92.569121598705    90.523977980406
 0.4711510745  0.4711560519   98.5227883367755    81.245704126922   95.7108947452204   88.9251688145487   100.828634197712   82.4649667729028
  0.472798454  0.4727991935   98.5227883367755   96.9095506767796   96.0449827997981   84.2953746818904   95.5871388247405    96.265048537831
 0.4760407222  0.4760469013   98.5227883367755   99.2351302482745   98.1899702384951   97.4103235294634   90.5561556073758   89.8383068967315
 0.4794984165    0.47950005   101.818015610816   99.2351302482745   102.279707243581   102.885258779982   95.4033497220151   96.2490109140487
#[time: 0.48]
 0.4846496961  0.4846498357   101.818015610816   104.606038276663   98.1839261502634   99.8562303166858   100.191296964318    97.066755175537
  0.484799986  0.4848002341   101.818015610816    102.32564385511   103.930228304941   104.625474346524   96.2166184274174   94.4619345061278
#[time: 0.49]
 0.4976830441   0.497683212   109.988323053066    102.32564385511   103.707150121632   100.346040386462   106.135078662792   106.145755221447
 0.4987357359   0.498738179   105.460929754798    102.32564385511    112.69683450554   98.3871719552234   95.8491072878467    99.753692259877
 0.4993326755  0.4993352239    103.31821539763    102.32564385511    102.74971705907   103.208386868851   94.8854467623788    96.681116272189
#[time: 0.5]
  0.500436992  0.5004397728    103.31821539763    84.751258552908   101.432345269371   104.291022229964   100.830077293673   92.4942206851656
 0.5014645991  0.5014645993    103.31821539763    84.751258552908   103.044612498109   93.3011021081421   102.909542927671   93.0369657060978
 0.5017417072  0.5017511359    103.31821539763   106.038779948904   101.681800307837   92.9746203008964   100.674367158142   99.9080281263799
 0.5018971796  0.5019040065    110.73062182488   106.038779948904   104.574299051875   104.490001652784   104.856390578682   105.325802673294
 0.5048141903    0.50481658   104.777665188177   106.038779948904   110.442305472188   106.996407619133   98.4333870392859   97.6714822380763
  0.507102337  0.5071073508   104.777665188177   107.842893722759   108.072266575669   108.742126198293   103.267905322171   100.203806182455
 0.5071706647  0.5071772234   107.324715550208   107.842893722759   105.758540115294   105.611287895673   100.912684294942   100.058795778512
#[time: 0.51]
  0.518154046  0.5181540462   107.324715550208    107.84289372276   109.642118747573   110.001828348628   109.292308286692   109.661958192701
#[time: 0.52]
 0.5244894957  0.5244937529   109.578144720466    107.84289372276   109.212237554535   109.392642123387    99.943220070763   99.8517123470371
 0.5296281122  0.5296320803   109.578144720466   112.145096344366   110.428985021253   109.863615625686   106.417704009166   105.361207703741
#[time: 0.53]
 0.5325213854   0.532522759   109.578144720466   110.499102402354   110.980018240589   112.011511745453    101.10986969429   100.624689006895
 0.5358106667  0.5358107419   111.630633411839   110.499102402354   111.108492582443   111.257965979167   103.265444783165   106.563577687317
 0.5381153325  0.5381174625   112.204555805935   110.499102402354    110.75447805149   110.790611349175   105.903991875018   107.200548146496
 0.5392967554  0.5392982534   112.204555805935    113.75264093784   113.307670778881   112.409857859091   113.361031522986   114.164378109071
#[time: 0.54]
 0.5409997524  0.5410045842   112.204555805935   109.859623503003   113.152304619938   113.280437193445   111.495495642516   111.388025159062
  0.545631711   0.545634003   112.204555805935   118.692697272189   113.815255979239   111.271328248626   109.310209306317   109.159157506812
 0.5468420215  0.5468420884   118.112668736687   118.692697272189   116.979324827304   120.786207221554   118.481240937859   117.835401376027
 0.5485823002  0.5485838874   118.112668736687   113.864946426888    118.35123254869   118.327014992421   120.386951706118   118.494061619271
#[time: 0.55]
 0.5505446877  0.5505452983   118.112668736687   124.015126793328     116.1358795747   116.103558439849   113.232471410612   114.291231858591
   0.55074403  0.5507440302   118.112668736687   124.015126793328   122.447318577349   125.266805717879   122.731997389895   125.624778006331
   0.55171397  0.5517161036   130.580712223164   124.015126793328   121.014502456251   120.855981056169   120.567686978884   119.070720341886
 0.5529474836  0.5529474838   130.580712223164   124.015126793328   128.530233187194   126.378303129105   129.597817133902   126.313590448554
 0.5534507061  0.5534524865   125.417211736155   124.015126793328   130.592074373619   128.880254360867   115.975166610277   117.255894171388
 0.5537089263  0.5537094833   125.561116214194   124.015126793328   125.346492452577   125.059087023803   129.278581339385   128.186228201862
  0.557053474  0.5570534742   125.561116214194   124.015126793329    123.25762589965   125.110469469181   123.005168206788   125.230559300284
 0.5577299164  0.5577309484   125.561116214194   126.974718620149   124.238818765078   123.316482857905   117.166279423048   117.152971254233
#[time: 0.56]
 0.5600634158  0.5600665438   125.561116214194   122.497862097101   127.186578729611   127.444075420672   120.912394057891   127.599911207153
 0.5634448794    0.56345212   125.561116214194   117.832814523845   124.335471974666   124.084733840663   122.515876374521   122.086579223124
  0.563607963  0.5636107817   125.561116214194   127.069026737225   124.691244486479   116.295656147046   118.975772209566   119.144218661421
 0.5669388607  0.5669398679   127.734766764206   127.069026737225    124.58013999113   126.728714273543   118.206824523752   118.084425202163
 0.5690212032  0.5690294123   127.734766764206    124.92007719388    129.45194536681   129.151478762246   126.798517645601   126.683677295636
#[time: 0.57]
 0.5735802156  0.5735806753   127.734766764206   132.983642452722   131.134394269563   128.960508923287   123.871627464538   123.082770245863
 0.5749337598   0.574933791   137.707299961327   132.983642452722   130.379828679274     130.4091988672   128.500317703005   129.352961674851
 0.5752340654  0.5752353616   137.707299961327   144.302008695969   136.767399472963   136.274920710906   136.260632022725   135.381996160395
 0.5756728553  0.5756728555   137.707299961327   144.302008695969    141.80716302089    142.63371155766   141.815593051563   142.634401756555
 0.5760654505  0.5760670959    146.23290023361   144.302008695969   140.857546124507   141.926961342983    145.42724847208   143.022151242398
 0.5777032758  0.5777040808    146.23290023361   148.144228708959   147.410090645534   146.956428426297   146.991295063941   146.953900684426
 0.5783961118   0.578396112    146.23290023361   148.144228708959   148.504957045731   149.980878690887   148.599586911395   149.938943304736
#[time: 0.58]
 0.5801848878  0.5801869586   149.092057714039   148.144228708959   147.618868833008   147.703911919442   143.716882876831   143.834958628231
 0.5820001761  0.5820006103   146.389463237841   148.144228708959   152.121232488561   145.923928801049    143.36093164173   143.181722266456
 0.5840469307  0.5840471258   147.345714894447   148.144228708959   149.122594579743   149.591825395632   149.079376923359   149.435670426437
 0.5842804423  0.5842805187   149.555347461922   148.144228708959   146.591439994849   147.820032346028   150.715346834976   149.665365226161
 0.5847557958  0.5847565149   149.555347461922   150.346085425764   149.458098968677   149.407185717943   144.613958047109    144.58288136407
 0.5897070338  0.5897070341   149.555347461922   150.101977949485   150.035211996793   152.923904323548    150.46429443453    152.08801951796
#[time: 0.59]
 0.5906657131  0.5906670247   152.044935786914   150.101977949485   149.430631121945   149.391099293532   142.060389596485   141.807852409981
 0.5910474777  0.5910574567   147.044767957874   150.101977949485   153.122925798762   152.632635830331   142.730517421901    149.28700522192
 0.5911441034  0.5911453248   147.044767957874   134.599078465537   144.138529258832      152.418315358   146.797111690176   140.337677160361
 0.5930817022  0.5930832368   147.044767957874    149.32825818876   142.579299240016   140.387240265776   140.097702377413   139.985482426987
 0.5963931067  0.5964006533   145.562324123702    149.32825818876   150.198194631357   151.254189045656   148.899121146192   150.883642808914
#[time: 0.6]
 0.6017183455   0.601719701   148.142434216169    149.32825818876   147.964192262475   148.876788667384   145.707933582457   151.197228460166
  0.601828493  0.6018291796   148.142434216169   155.190320521988   148.807802122489   148.844635653138   145.276181555233   145.952268065892
  0.602159737  0.6021655225   148.142434216169     144.2821023812   152.878678321611   154.751212171504   144.883526065036   145.031944930203
 0.6068783876  0.6068786124   148.142434216169   139.348563101481   145.296150760923   145.810649525232   147.330636883954   143.047444348073
 0.6089244734  0.6089297583   148.142434216169   147.181754381363   148.175437009412   145.275300305382   146.051466401403   146.205878481722
#[time: 0.61]
  0.611956086  0.6119587739   148.142434216169   151.548356354176   148.213372684485   148.163567923503   145.775552059607   145.327713378102
 0.6135770306  0.6135770906   149.343829066657   151.548356354176   150.282755534829   148.065261776981   149.745236720971    149.12361577449
 0.6139156956  0.6139162986   149.343829066657   152.295933548413   152.163784897456   153.113200023667   151.165934585323   151.576821895869
 0.6151529484  0.6151538305   153.957631895304   152.295933548413   151.889576055483   152.434102271921   149.690963807222   150.571344314938
 0.6153761078  0.6153767312   153.957631895304    140.78394540085   154.167144369563   153.970489240936   152.502313006096   147.317526474641
 0.6168130301  0.6168162298   153.957631895304    150.47985430345   149.923898665789   142.350467996211   147.291139957703   147.862544908887
#[time: 0.62]
 0.6226058279   0.622609128   153.957631895304   158.737715370913   151.369728586177   154.274800819668   155.013470320361   154.294018967813
  0.623396162  0.6233995883   153.957631895304   157.952521787942   157.630212809737   159.913893845128   148.556283690083   149.074028447983
 0.6253184655  0.6253187807   159.042033981274   157.952521787942   156.830019832053   155.301641819264   151.473759558806   151.757308129701
 0.6277086559  0.6277121122   157.011230925192   157.952521787942   160.611117534484   160.310631910432   151.190625400862   150.242351564229
#[time: 0.63]
 0.6344939822  0.6344979231   157.011230925192   163.365694110855   155.925588214993   156.132235874579   158.426099163206    158.70570081966
  0.637443016   0.637443123   157.011230925192   154.663621158129   160.176906577194   159.923576648274   156.056294878085   155.901416541515
 0.6385501959  0.6385501961   157.011230925192   154.663621158129   158.055527166795   153.731775648454   158.231038388241    153.15936906621
 0.6398069975  0.6398112763    158.11986502074   154.663621158129   156.074852917961   155.763833694738   149.061840913117   152.534199458526
#[time: 0.64]
 0.6409502847  0.6409562185   155.297782306711   154.663621158129   154.527816406745   155.695627709253   148.450229038784   149.706609794587
  0.641459582  0.6414595961   155.297782306711   157.994527347541   155.952588833474   155.703978619221   157.091854807138   155.059558519645
 0.6459102192  0.6459102194   155.297782306711   157.994527347541   157.471706687571   158.226268328424   157.474530305736   158.246791947788
 0.6465273085  0.6465315901   159.419873926049   157.994527347541   156.503747711315   154.031985222244   154.599137343607   157.328782638919
#[time: 0.65]
 0.6566681978  0.6566701278   159.419873926049   158.719518740925   159.690627279285   158.869863025385   153.922074592437   154.060061108599
 0.6589294039  0.6589306272   154.185553466616   158.719518740925    161.77322199975   161.429662019896   156.978312539685   162.183947745118
#[time: 0.66]
 0.6645275304  0.6645291959   161.434852356657   158.719518740925   156.746065126312   157.534891797458   153.221009056349   153.678841196917
#[time: 0.67]
 0.6797664672  0.6797668249   161.434852356657    162.60695164766   158.478688231679   159.834009028362   155.962069751093   154.207389015874
#[time: 0.68]
 0.6818726818  0.6818774755   161.434852356657   157.618013009099   165.329602326899   166.022315249849   155.025820240026    156.68407558023
 0.6824998405  0.6825003318   161.434852356657   163.446655299922    160.98817923063   160.281460744142   157.884142972097   160.982763229142
 0.6876022296  0.6876068558   161.434852356657   163.235764864857   162.700483660512   163.732529893528    153.01288264259   153.393667335503
#[time: 0.69]
 0.6904231088  0.6904238925   161.434852356657   169.035037516763   159.645159639546   162.750861202343   164.393811199696   172.124523166434
 0.6959411984  0.6959418605   161.434852356657   163.394708888452   166.165390951276   167.551471525662   157.526688618459   156.492289577938
 0.6980192766  0.6980267284   164.319632781736   163.394708888452   164.037284825807   164.290099840201   164.833570127153   164.734163040398
 0.6997118536  0.6997141114   164.319632781736   166.183385603886   164.950161486611   164.661818843843   160.899564388395   160.841914586892
#[time: 0.7]
  0.703082664  0.7030854362   164.319632781736   165.176957192923    165.86300411753   166.416719339705   164.017154712599   163.675406761266
 0.7034587234  0.7034625179   164.319632781736   160.403520041338   164.366175544938   163.900825346887   158.606707227141   161.944804499625
  0.703616385  0.7036167627   164.319632781736   165.305264166568   166.109822345222   164.541361843387   159.180180166633      158.890225931
 0.7088662371  0.7088667493   164.319632781736   169.332118994633   162.472377891346   167.569195532811   160.519199764428   167.641690266157
 0.7094011174  0.7094028854   164.319632781736   167.600750230114   166.972774093912   167.144895142057   160.841562011092   159.541306543614
  0.709652855  0.7096528552   164.319632781736   167.600750230114   165.613156339781   166.521476753946   165.982353512278   165.926820702399
#[time: 0.71]
 0.7123091857  0.7123092751   168.570407115637   167.600750230114   168.100394239879   168.726397847915   167.900332877777   167.960236033225
#[time: 0.72]
 0.7230467949    0.72305146   168.570407115637   166.648227557303   164.361808167579   172.417525649338   160.160703178214   160.705623193905
 0.7293717848  0.7293765894   168.570407115637   166.364281636992   169.442187519435   164.449850394577   164.601132955614   165.181529612469
#[time: 0.73]
  0.730741046  0.7307427044   168.570407115637     167.9133253469   169.980890433369   169.521781178076   160.770078632727   160.885202056526
  0.731923886  0.7319253829   168.570407115637   173.009027214459    167.02202364776     167.8887489556   165.563912776621   164.814649791996
  0.733562103  0.7335643916   168.570407115637   172.214620458097   171.687493050619   174.910000055418    167.78592917624   166.632249769307
 0.7346458798  0.7346572211   171.386998561158   172.214620458097   170.841058936055   171.070963863363   169.444821762033     169.3101339577
 0.7352004088  0.7352036624   171.386998561158   172.747142768723   172.212073219535   172.517028212513   170.823097577858   162.403141308755
 0.7356021478  0.7356156707   171.386998561158   172.837132792118   174.145845513666   174.839619134297   165.477895278133   173.279195907395
 0.7381301398    0.73813014   171.386998561158   172.837132792118   176.167290876189   176.635324943596   176.370520432272   176.862736786793
 0.7396681986  0.7396686532   171.386998561158   169.551046517301    172.86701881479    173.02776477913   170.575638975044   166.118567221198
#[time: 0.74]
 0.7414963129  0.7414963131   171.386998561158   169.551046517301    171.85606955633   170.941848167691   171.750592649017   170.883010394429
 0.7419132474  0.7419216659   165.650372078704   169.551046517301   171.982644297484   167.722195181723   167.671299219113   168.237927659003
 0.7434515695  0.7434550616   176.233633149864   169.551046517301   167.719420169096   167.949790988214   169.347302526874   169.199504332175
  0.744513129   0.744513328   176.233633149864   165.912771612715   178.357914629576   171.521354401199   176.572346668569   170.381301246255
 0.7483944929  0.7483971301   166.532582942619   165.912771612715   176.770629632054   172.140044673654   164.654237408309   164.697969067472
#[time: 0.75]
 0.7513187634  0.7513222308   166.532582942619   170.603439019564   168.884546606879   168.543335143982   160.700229456284    160.81970204461
  0.754460332  0.7544619085   167.941002500276   170.603439019564   168.206545326624   170.017650573524   166.607327469961   165.279707056744
 0.7557704641  0.7557704804   167.635060447771   170.603439019564   169.652528491537   170.529878221283   168.902095744534   168.806420560352
 0.7567189037  0.7567195712   180.632524160352   170.603439019564   172.777469937415   165.571970863823   171.180025278179   170.015141303427
 0.7571386295  0.7571412466   180.632524160352   180.093363164805   177.800301862024   176.228242099516    174.71687826875   174.812756960667
 0.7590209537   0.759020954   180.634745741629   180.093363164805   178.736105768004   181.115352877305   179.475198114441   181.136250243792
 0.7598361292  0.7598371886   180.634745741629   174.272096492038   184.039565994882   183.765916267567   172.467684835064    173.39291543102
#[time: 0.76]
 0.7658868349  0.7658889924   180.634745741629   181.232466345554   176.687316196454   177.344265565304    174.23122539789   174.236042534735
#[time: 0.77]
 0.7722481056  0.7722483624   180.634745741629   178.785864032356   181.064160117826    180.13190878937   181.060585275665    180.06111860455
 0.7722884153  0.7722888804   180.634745741629   182.628997345998   183.521975024881    182.75744289505   178.038774923676   172.794294983558
 0.7741494017  0.7741496344   184.445259788037   182.628997345998    182.78970296116   183.628806823318   177.249046414905   179.657676719972
   0.77428135  0.7742813502   184.445259788037   182.628997345998   182.679842762972   184.826858879525   182.779084989664   184.642373469866
 0.7759411577  0.7759420924   185.051924758665   182.628997345998   187.676464047504   186.760505461617   174.971028062233   174.679836643257
  0.778713229  0.7787155437   185.051924758665   186.696898405815   183.855860896819   183.702083245547   179.876321738106   176.399604851163
#[time: 0.78]
 0.7828242566  0.7828246218   189.643120711962   186.696898405815   184.133445643682   183.792063277353   181.078811014117   180.672421303913
  0.786716067  0.7867160672   189.643120711962   186.696898405815   191.019957983986   190.408574896587   190.695443284872   190.179036494535
 0.7886557966  0.7886592778   189.643120711962   196.040248306011   191.543836830114   190.510366292685   189.984825137261   188.117464012483
 0.7893524774  0.7893541513   197.221005873745   196.040248306011   193.860971468148   195.695939330881   189.375914630036   189.610444729281
 0.7895167622  0.7895200894   197.221005873745   198.945892139274   197.411088947662   197.202056586884   192.433930353235   192.144816881035
#[time: 0.79]
 0.7926733099  0.7926754697   201.417988496668   198.945892139274   198.611695975209   198.955251925103     191.1465285148   191.367390902606
 0.7927120561  0.7927126835   201.417988496668    200.24428842452   201.348048617073   201.092924816007   196.021948383145   196.873934290604
 0.7935215976   0.793525551   201.417988496668   203.253344534469   202.321042550572   202.137829542504   201.279198530748   194.481892063802
  0.795397465  0.7953976406   203.877173408785   203.253344534469   203.817518299065   204.236022015838    201.20369472594   200.183199816884
 0.7962014877  0.7962015379    201.34696934984   203.253344534469   205.493931614425   201.351777849094   201.492794030532   201.048768214215
  0.796919525  0.7969201931    201.34696934984   204.429339572094   203.087560138732   203.889686687635   202.519412526713   201.274386235175
#[time: 0.8]
 0.8002203627  0.8002203865   210.206395408392   204.429339572094   204.574702004495    206.04617601247   207.471460095078   207.349445999174
 0.8047823369  0.8047823565   210.206395408392   204.059458088888   205.753455522467   207.851527322584   206.833496728151   207.163013883644
  0.808502258  0.8085049102   210.206395408392   212.554612196045   207.698472885199   207.358046172336   204.970157777708   203.632371011619
#[time: 0.81]
  0.812511819  0.8125153276   213.513070056233   212.554612196045   211.510873214128   211.618034305143   206.408362117347   206.924660394514
 0.8134885506  0.8134894138   213.513070056233   214.211071378915   214.994941164229   214.427746029036   208.306938202925   207.975941004513
  0.814853287  0.8148556522   213.513070056233   206.029302941064   214.711003642044   212.439045782897   210.201510962307   210.058535814723
 0.8149735371  0.8149754033   209.328298325947   206.029302941064   213.786429296349   210.018186132972   204.623646027164   204.756117993767
 0.8162806216   0.816281338   209.328298325947   210.934214651975    209.62792148076   208.894782338106   208.910305203432   206.720283595719
   0.81750451  0.8175056983   209.328298325947   205.674723251089   209.834617372707    211.90659731953   204.052432046977   204.869606135991
 0.8190333112   0.819033419   209.328298325947   208.646757374048   203.965505782569   205.081569887291   207.318386157851    207.68671443917
#[time: 0.82]
 0.8209967528   0.820997906   209.328298325947   204.139139380047   207.630919339952   207.260665759025   209.572721260501   204.377531862223
 0.8210397289  0.8210397291   209.328298325947   204.139139380047   209.652932283907   207.873407125498   210.127674107159   208.025660592266
 0.8211737189  0.8211737454   209.328298325947   207.149261939921   206.249015135746   206.562784631398   205.589172246329   206.717613817642
 0.8227162498  0.8227164396   209.328298325947   206.941598290407   209.777441929423   207.530751012408   208.974988424618   209.964863695333
 0.8296036708  0.8296069467   209.328298325947   214.573233048087   208.702065774497   208.567699831668   208.078606389554   207.227972125082
#[time: 0.83]
 0.8339910566   0.833992279   209.328298325947    212.99843958338   211.059537281493   218.074837887444   206.129233875238   205.266946548471
 0.8354358791  0.8354360403   207.076785927843    212.99843958338   211.604777744698   212.773268294611   212.181678220151   215.615651811525
 0.8386911185  0.8386911187   207.076785927843    212.99843958338   209.075220603827   208.222758650928   209.095136177169   208.136842498478
 0.8390947348   0.839094735   207.076785927843    212.99843958338   210.042865174453   210.061268381533   210.144165300184   210.447053377394
#[time: 0.84]
 0.8412671546  0.8412702959   211.682371311725    212.99843958338   209.813247892593   209.005497072677   212.061072555587   210.867521797463
 0.8425773864  0.8425774027   211.682371311725   213.084147876818   212.914905699714   213.121295163639   211.594435046912   211.417693224671
  0.843975671  0.8439757704   211.682371311725    215.42301519578   212.408376960668   212.972746424638   213.124999666466   212.230003224448
 0.8487068491  0.8487097027   217.882579539737    215.42301519578   213.989806384351   214.363584975847   207.876345414827   208.733180764494
#[time: 0.85]
 0.8508039907  0.8508071079   216.073626684186    215.42301519578   219.551527383379    218.91409476154   213.777675191273   213.833785825932
 0.8539370676  0.8539387593   216.073626684186   217.035086426762   214.534266538421    215.81939915724   209.882155309471   209.216269182574
 0.8557319981  0.8557368365   217.631322180951   217.035086426762   217.898718769854    214.91947937542   210.460013914264   210.685816415324
 0.8576959705  0.8576966069   219.759352640002   217.035086426762   220.867104248657   214.535093997555   213.035203181298   214.326040069619
  0.857713644  0.8577138661   219.759352640002   205.990941608246    220.89615970243   219.877524258431   216.194980859548   211.451200966283
  0.859733642  0.8597353555   219.759352640002   211.640088437955   215.865338191728   211.320598854054   222.166090414943   215.002774528021
#[time: 0.86]
 0.8618913236  0.8618914069   219.759352640002   210.721517626214   218.665503707106   215.254987560167    219.79002959242   213.248745726522
 0.8639063369  0.8639093065   198.756024539607   210.721517626214   219.136177889808   210.090124840844   203.974073482273   202.315203579476
 0.8654616768  0.8654656913   216.103533544198   210.721517626214   205.546736994941   202.182071629179   211.416608520846   212.846896845676
 0.8669489773  0.8669575015   216.103533544198   216.733129779715    216.79410076412    215.05001452188    209.70175560563   207.324035481279
#[time: 0.87]
 0.8724438423  0.8724438425   216.103533544199   216.733129779715   217.401816701936    217.74036257592   217.536766669636   217.804104223219
 0.8736752121  0.8736777153   223.725728512212   216.733129779715   218.749167306882   218.946573612521   222.482139567826   218.417906344055
 0.8737211353  0.8737236442   223.725728512212   222.200952191041     223.5315607767   222.065698249085    220.14341250954    222.26469562328
 0.8754880498  0.8754881235   223.725728512212    210.00936263848   226.918364993144   226.452472201333    217.93782915693   216.381778425978
 0.8776819289  0.8776857292   197.976486887264    210.00936263848   220.110652697895   215.758244918615   203.676551485215   206.384018060303
 0.8777683336  0.8777706456   213.803283306019    210.00936263848   198.068737211991   208.350797102381   205.352995440248   206.364595786233
 0.8780269643  0.8780308377   213.803283306019   219.022129985478   213.873564051627   213.362200355971   212.390678380795   210.545230648233
#[time: 0.88]
 0.8817675537  0.8817683769   217.479781140941   219.022129985478   218.177933210455   219.335411651499   211.491462251017   211.300628817023
 0.8854578971  0.8854593985    220.49041343326   219.022129985478   216.186954416219   215.752376340517   210.456269450121    210.88172067007
 0.8891493806  0.8891550808    220.49041343326   215.885718765295   219.248724204685   220.400540290186   214.820675493144   220.770258212322
#[time: 0.89]
 0.8933494988  0.8933508355    220.49041343326   219.908719516453   216.811396862445   218.922296484728   215.690478248128   218.786116047901
 0.8967951897  0.8967958067   223.238505210795   219.908719516453   218.893224920793   218.651580885341   213.824348956331    213.54160218495
 0.8977044448  0.8977053002   223.238505210795    226.35829113392   224.798638990084   223.656676996224   224.018866648084   222.962848161618
#[time: 0.9]
 0.9002610538   0.900261054   223.238505210795    226.35829113392   224.348164616044   221.869086885755   224.431398411397   221.640863932826
 0.9040226309   0.904025115   225.820389066987    226.35829113392   224.733212569398   224.947749980357    219.84913702464   219.841163292757
 0.9071035862  0.9071068957   225.820389066987   223.118176634795   227.163089378964   225.976775435449    220.95725959628   221.134364837102
 0.9074369977  0.9074377511   218.901568021737   223.118176634795   228.838347492271    227.51079945339   219.668096274221   217.639530460003
   0.90789701   0.907897182   220.049317508478   223.118176634795   220.961726666805   220.736470128976   221.679231218202   221.354569285243
 0.9084166784  0.9084167984   220.049317508478   215.459928147714   218.735704942655   223.084955594656   223.869467778882   218.636877762105
 0.9084798645  0.9084838397   212.452038710787   215.459928147714   220.627016207419   219.198151613694   208.986729068674   208.539857370928
 0.9096377815  0.9096381464   216.528398592058   215.459928147714   213.925245799773   213.736462216641   208.886243643739   208.843545252951
#[time: 0.91]
 0.9135308459  0.9135320487   216.722106271575   215.459928147714   216.774744708256   216.675008773888   213.174118082162   213.429652713952
 0.9140487486  0.9140522441    213.10162913498   215.459928147714   218.421064142983   215.113113694294    212.95156079703   211.444687310722
  0.915177478  0.9151797571   215.961734770879   215.459928147714   214.361001815125   213.588937097841   206.947768234698   206.928599591894
 0.9165206309  0.9165206311   215.961734770879   215.459928147714   217.975302693802   217.842184774722   218.196232121075   218.069271667194
 0.9185602861  0.9185620542   212.607698253818   215.459928147714    217.25318601215    216.94390468179    213.44428533361   214.312096491757
 0.9199594897  0.9199596712   204.804775512457   215.459928147714   212.412626662348   215.742910701871   210.493616117926   218.408123125208
#[time: 0.92]
 0.9231523083  0.9231523931   207.018130212592   215.459928147714   210.022861258604   213.593624352156   211.188054898325   215.626834951343
  0.923154238  0.9231542382   207.018130212592   215.459928147714   213.446492157691   216.994826288039   212.989124282469     216.1698403497
 0.9241572129  0.9241572371    203.42878516876   215.459928147714   211.694962123016   214.570890116839   208.786698655762   215.107774146897
 0.9298586324  0.9298586326    203.42878516876   215.459928147714   206.403995512306   211.240643331349   206.794729023777    210.68248542796
#[time: 0.93]
 0.9309584486  0.9309584488    203.42878516876   215.459928147714   210.190133209731    211.00907207804   210.194287907429   210.988811215097
 0.9344741986  0.9344741988    203.42878516876   215.459928147714   202.746386367299   212.687717577759   203.095174526868    212.63251751242
 0.9353388468  0.9353397137   218.102378536854   215.459928147714   209.079922921907   213.651605189306   208.097846127027   209.192454146967
#[time: 0.94]
 0.9405312671  0.9405325453   218.102378536854   216.847202705059   217.711374521777   216.995593992809   214.784152704827   215.070203952176
 0.9414762293  0.9414817612   224.888439075851   216.847202705059   217.898139925587   217.712946038076   229.167975394607   218.697414412448
 0.9416634076  0.9416640315   224.888439075851   227.087029426999   222.457866242576   214.382284504729   222.494487803886   221.492698032864
 0.9451449868  0.9451475079   224.888439075851   232.804567740585    226.35731224473   227.063265412076   222.653616215931   223.217107386986
#[time: 0.95]
 0.9513110411  0.9513128619   235.126978400283   232.804567740585   228.730408974256    230.43225578682   229.798140548225   231.587431112145
 0.9521263898  0.9521271145   235.126978400283   231.612208365043   237.793414097042   236.282533216964   232.250093322725   232.910269445926
 0.9584723605  0.9584728482   235.126978400283    237.78766638511    236.40579362132   235.142300296265    229.04232826207   228.648620426981
#[time: 0.96]
 0.9603771762  0.9603792246   235.126978400283   238.129742410924   239.493056776122    234.17581125879   230.773071098177   231.057192537645
 0.9658229876  0.9658234461   234.868378411276   238.129742410924   236.537713308069   236.466230524673   236.702027928223   237.817780304241
#[time: 0.97]
 0.9705344184  0.9705344914   234.868378411276   225.983051788528   236.300819627505   239.644436969127   239.467412542053   229.661023917535
 0.9710135339  0.9710135341   234.868378411276   225.983051788528   233.936298454917   230.102334173477   233.846129580848   230.131971189274
 0.9716459974  0.9716515095   234.868378411276   238.165854426647   230.765838844538   230.496919974244    230.42532108321   229.293505874654
 0.9730328445  0.9730340644   240.677728177027   238.165854426647   236.798557780187   236.328801385649   234.166987195219   234.447692359975
 0.9747233883  0.9747240372   240.677728177027   240.025386751115   240.182962702121   239.235787295469   233.915003540803   233.992300818822
 0.9748605486  0.9748629063   240.677728177027   244.404327102317   237.886968484927   240.622544931311   239.618190565471   234.317853634785
 0.9775349078  0.9775391782   240.677728177027   242.986416400663   244.235674972925    245.61603628104   238.611092711844   238.284508247658
#[time: 0.98]
 0.9811429876  0.9811430901   240.677728177027   240.057136693866   243.043942724515   243.465750523336   240.444921486303   240.400579897524
 0.9826269543  0.9826293768   243.037647927136   240.057136693866   240.387805028976   240.373144762532   233.115714309317    235.37638723085
  0.986469305  0.9864736023   243.037647927136   240.489932007517   245.256907451908    243.94886179609   239.102946459872   239.606683664884
  0.989729016  0.9897290745   243.037647927136   246.633390327677   242.981527339981   242.563922498226   245.773001754699   246.746129431451
#[time: 0.99]
 0.9910961302  0.9911066073   243.037647927136   247.192461081694   240.694246368894   245.637455537683   242.562442917586   238.245445251403
 0.9927814644  0.9927856989   248.985270857491   247.192461081694   245.275237718739   245.387851774455   241.287077133881   241.030413443814
 0.9986812762  0.9986812764   248.985270857491   247.192461081694   248.865193055012   248.716452761787   248.952755321121   248.792327537603
 0.9997609817  0.9997609845   245.671724803774   247.192461081694   246.820098648833   248.698118784173   243.321898365367   245.546870027273
