# command line: ./generate_stepping_data --k_b 1000000000.0 --k_ub 100.0 --cb 0.1 --cm 1.5 --ct 0.6 --ls 10.49 --lt 23.8 --eqb 120 --eqmpre 200 --eqmpost 224 --eqt 0 --dt 1e-10 --label paramSearch-highmkb --seed 1.0 --runtime 1.0 --framerate 1e-10 --nomovie --exp-unbinding-constant -2.0



#********paramSearch-highmkb__k_b-1e+09,k_ub-100,c--2,cb-0.1,cm-1.5,ct-0.6,ls-10.49,lt-23.8,seed-1,dt-1e-10********
#time_unbind, time_bind, nbx_bind, fbx_bind, nmx_unbind, fmx_unbind, nmx_bind, fmx_bind
#[time: 0]
 0.0010267981  0.0010287521   6.84991361457502  0.835450933262083   1.49413886022121    1.5871595147397   3.65793310337726   3.79057712482882
 0.0013798118   0.001379812   6.84991361457502  0.835450933262107   9.97698600175461   6.52909340331157   9.59625520937266   6.21051068334264
 0.0018219698    0.00182197   6.84991361457502  0.835450933262099   6.68627014246557    4.9535984196846     6.626975929594   4.85305239182944
 0.0040241392  0.0040241394   6.84991361457502  0.835450933262132   6.16919802578582     5.029897477725   6.17445411901878    4.9650495209899
 0.0044438759  0.0044438781    11.717003697347  0.835450933262132   9.44233875634758   6.19408575379185   10.7649126102076   4.94399605610752
 0.0061575823  0.0061604103    11.717003697347   14.0100733891402   11.1991093523641   7.36636450636187   4.74620013151434   4.81748937988949
 0.0071180846  0.0071212669    11.717003697347   9.94750505165072    16.061383190348   17.1923405512987   4.62638784503172   4.54010151765396
 0.0082341553  0.0082343028   6.74303608593322   9.94750505165072   18.0275058158469   16.8731976947106   12.0480500256671   17.0692741665084
 0.0087242902  0.0087257604   6.74303608593322   8.54736502725921   11.5981891989633   13.4959297059316   3.97560551870676   2.70794602595118
#[time: 0.01]
 0.0101774061  0.0101774063   6.74303608593324   8.54736502725921   11.5921678400278   12.6862970926773   11.5693287883354   12.5722566482976
   0.01027987  0.0102798702   6.74303608593324   8.54736502725926   7.80546851193242   7.86021344151258   7.34563018927613   7.22818278061726
 0.0121875097  0.0121930346   13.1043331963229   8.54736502725926   9.53102472877814    10.213814561897   10.1450914213569   10.5297146184185
 0.0128355571  0.0128355573   13.1043331963229   8.54736502725926   12.9152390548125    11.749136996554   12.9174010160489   11.7566010985753
 0.0138982955   0.013899855   10.2861274946457   8.54736502725926    10.837359833263   10.8339722756231   7.14800866496657   7.60543435038388
 0.0145215457  0.0145221776   10.1342526964809   8.54736502725926   16.8574613326785   15.6551072715359   7.17007766097574   7.59288612546271
 0.0169719022   0.016972633   10.1342526964809    11.564150308307    11.718151455669   11.3064093111915   2.19638082705155   2.38573606538007
 0.0181749764  0.0181750277   10.1342526964809   26.6191033581207   15.4033144999338   16.5450866495655   17.4487039071058   25.0069475995952
 0.0192400823   0.019240623    22.128972297725   26.6191033581207   18.2082783510213   29.1293165357231   28.1789538831185   31.0565362218139
#[time: 0.02]
 0.0232990913  0.0233002536   22.6950017900364   26.6191033581207   25.2465775384761   26.2493495448161   32.3817880311842   37.1014700804726
 0.0246997422  0.0247020549   22.6950017900364   24.1790184926954    26.635057020239    28.615798147821   25.1165545015955   25.4572501331577
 0.0256315474  0.0256338887   22.6950017900364   26.0646532962687   25.8491130675468   26.4811920012517   20.5772152786401   19.5066456662196
 0.0264893335  0.0264899758   28.2133996204263   26.0646532962687   27.4871321636391    29.188116638874   20.5623796942839   21.3505208453861
 0.0287552525   0.028757491   30.9393407357603   26.0646532962687   31.6494312534987   30.0097134645981   24.7407018915069   26.0381784817568
#[time: 0.03]
 0.0300904105  0.0300919813   30.9393407357603    31.873303228328   35.4597355137515   31.3023178536197   23.6548938736638   23.5301381690987
 0.0312064628  0.0312111257   30.9393407357603   32.5853850224411   32.0387296653685   32.1215600921941   23.5469403885555   22.4942310641795
 0.0340305059  0.0340331245   33.4396177641257   32.5853850224411   34.9372575325695   35.6384281098631    26.650943802676    27.131857545211
 0.0349648966  0.0349657396   33.4396177641257   23.3710816744222   35.3404602405855   35.0779031419562   35.0407719577779   28.3319796033361
 0.0349836106  0.0349867451   33.4396177641257   36.2596614387592   35.5143875970652   29.3421499923786   27.1730508835014     26.69457960202
 0.0351063878   0.035106517   33.4396177641257   28.0416053852107   40.3969419199139   42.6594670002078   41.1868330154224   33.0775248442723
 0.0351325521  0.0351325523   33.4396177641258   28.0416053852107   38.9896014422615   33.6602898815278   38.4307978149213   32.6622607321813
  0.037407186  0.0374072036   33.4396177641258   29.3568823781215   36.7068862951255   33.2274844548856   36.8850946621944   34.4944409109459
 0.0387077249  0.0387077278   33.4396177641258   35.3615426921535    34.965551042178    33.539022745758    34.220273438466   33.9553290821835
#[time: 0.04]
 0.0427488053  0.0427490415   34.6854379345762   35.3615426921535   33.1892138603214   33.0352051121076   39.1110342606835   39.8305164528484
#[time: 0.05]
 0.0505904535  0.0505907064   36.7589394033433   35.3615426921535   35.7392946075577   35.8072824695551   30.9375923610887   31.3727999592198
  0.051917414   0.051918206   36.7589394033433   38.3809035631764   38.4736262785728   38.0945792191387   30.7181114210408   29.6140733441851
 0.0530093388  0.0530101346   38.8898153023164   38.3809035631764   42.0604317012913   42.8007379122715   33.9281794198923   34.0218393212425
 0.0553260872  0.0553262724   38.8898153023164    34.192248434095   41.6688658120994   41.4486678960145   42.6340816590039   38.2210837742493
 0.0568435471  0.0568449455   38.8898153023164    42.249795885301   45.0738613637309   41.8586080865961   37.1467496434223   35.9209109052282
 0.0598873056  0.0598923873   38.8898153023164   41.1631397967729   45.3495332105413   47.0115655970123   36.0831688572262   35.5376794430547
#[time: 0.06]
 0.0625629879  0.0625641325   45.6228225852823   41.1631397967729   42.0039014805638   43.3162858556257   45.3698889142403   44.5479498140983
 0.0635567576  0.0635599523   45.6228225852823   38.1977474360462   46.9717014256364   45.4784715949591   56.0848058526025    48.363687288431
 0.0653432849  0.0653433652   46.5654218530859   38.1977474360462   48.6438904864005   44.0493106742515   44.3384678179996   42.7625212364091
 0.0670149118  0.0670156057   46.5654218530859   48.4402666028789   51.7599257227459   45.8392754452225   52.8807034115743   54.5584721179972
 0.0672531368  0.0672535127   46.5654218530859    44.803086927367   49.9391584314417   50.5832101773916   52.8335430097821   50.3524378243426
 0.0675061338   0.067506134   46.5654218530859   44.8030869273671   49.1617015884969   48.4964908621512    49.419030852485   48.7242222236088
 0.0678499412  0.0678546666   46.5654218530859   48.3368236317033    51.492210992625   50.3000070218442   37.5220659916979   37.9924201595463
 0.0694141749  0.0694231984   46.9177777757755   48.3368236317033   50.9312874196062   51.7613802761332   47.8835573116587   47.9595838823806
#[time: 0.07]
#[time: 0.08]
 0.0852822525   0.085282415   50.1708246866706   48.3368236317033   48.2687819347675   48.3804771263436   40.8860901843914   41.0491386408201
 0.0862076654  0.0862079225   50.1708246866706   49.0594924379801   52.9406204512623   52.2903165608755   54.3248656832653    53.243865918895
 0.0876756737  0.0876801186   52.1783981646089   49.0594924379801   50.0117574765471    49.972710496256   45.0436550240125   46.2168045239969
 0.0885521187  0.0885581544   52.1783981646089   64.9096559875294   52.6667294379853   52.0106744275049   56.8934753413381   63.9728874346197
#[time: 0.09]
  0.090204958  0.0902071512   64.0462445352623   64.9096559875294   59.1664424671706   67.8870554776189   67.0573238137592   67.3806395843144
 0.0902080009  0.0902080011   64.0462445352624   64.9096559875294   64.7478844311206   64.7820113240297   64.6166355531436   64.6347202262149
 0.0912073365  0.0912078454   59.0568700905627   64.9096559875294   69.6316611357557    70.256821677672   64.5843864369894   71.3818524931357
 0.0927176244   0.092719839   59.0568700905627    63.270629724536    63.878256136013   67.6707557198737    59.392804595201   58.6455734881266
 0.0929794443  0.0929800344   66.2342216463072    63.270629724536    62.422078633628   63.4337958285941   56.9381613655731   56.7566565115648
 0.0932091494   0.093209417   66.2342216463072   63.8149598642103    70.481087595467   68.8918953664309   76.7240396680864   73.8960603950667
 0.0939312629  0.0939411953   66.2342216463072   72.3882267381501   66.0545657351705   65.8334623720955    69.190001159682   68.7102556323826
  0.095037344  0.0950396135   73.8221426946869   72.3882267381501   68.8808881569136   68.2127787114557    69.965330792015   70.3614621181879
 0.0965814114  0.0965815007   73.8221426946869   77.2063985987383   75.4840270486542   75.2037772130301   69.7853344302454   68.3083123595896
 0.0987342454  0.0987356956   73.8221426946869   77.4810825198113   78.5434066771335   80.2321424706536   67.1187750476737   67.4195114927795
  0.099602302  0.0996049962   73.8221426946869   67.4916132406621   78.6260694204067   79.9412944064773   80.2909166354615   73.1315907370409
 0.0996883107  0.0996883402   73.8221426946869   60.7146808387902   78.2099686435809   73.6394879532286   73.4645826647877   65.9691689758002
#[time: 0.1]
 0.1009007538  0.1009016163   73.8221426946869   79.5480182412051   75.4140595058733   67.9112978710844   78.0549130900604   80.1628376799628
 0.1016901571  0.1016960217   82.4823841575079   79.5480182412051   79.2665022788895   84.2698346533521   77.9168035648665   78.5682225621678
 0.1066958005  0.1066964342   80.6949306816842   79.5480182412051   85.8096022764639   83.7669263657042   84.1288770761836   83.3289428304626
#[time: 0.11]
 0.1106620565   0.110662069    77.148839380762   79.5480182412051   84.8762811604827   84.2388093623238   81.7801458642751   83.7309293900977
 0.1142399502  0.1142399979    77.148839380762   69.2729475270509   82.3250221227877   83.7476364709084   86.3235633032625   77.8766048552158
 0.1144140261  0.1144178545    77.148839380762    80.744851664635   78.4725221959646   74.9463579691393   70.9259249565987   71.0423551226327
 0.1165291889  0.1165292255   83.0071684827424    80.744851664635   81.0125730188471    81.757610893346   78.2013254778409   78.6995629116175
 0.1185168577  0.1185169678   78.8562549768342    80.744851664635   89.7594955256093   87.8164733569264   88.0535827651541   90.6660273228714
 0.1196147638  0.1196159962   78.8562549768342   80.6295611617349   84.2971000953929   85.5233350687146   71.1433467546017   71.2630872449487
#[time: 0.12]
 0.1232180797  0.1232197538   82.7549117176655   80.6295611617349   81.3113658013039   81.7302929332095   76.1081524963398   77.0401328848458
 0.1244685453  0.1244697786   89.2678038910576   80.6295611617349    88.950191517824   87.0717445920235   82.5546423684401   83.2838448370528
 0.1246185863   0.124623933   89.2678038910576   92.4092432714385   90.1607010446759    86.102816840576   92.4233714919991   93.7328720005424
 0.1261776128  0.1261818782   89.2678038910576   94.6402609143918    94.225777887647   95.5924062580121    93.903869869852   97.2075416365615
 0.1284137376  0.1284139717   94.0370094411724   94.6402609143918   93.4592311798623    95.692584002829   95.0906236347753   95.1453958107016
 0.1287005084  0.1287023679   94.0370094411724   95.4490028110605   95.5816752751302   95.7402024677418   90.6050712526209   89.9178454116011
 0.1288317037  0.1288318985   102.150484220938   95.4490028110605   99.2810047292625   100.020748648299   98.8797575963347    98.839203312522
#[time: 0.13]
 0.1309624739  0.1309627553   102.150484220938   97.6826048267394   100.689386567801   99.4448643028667   107.474191714429   101.388653161636
 0.1331970008  0.1332002867   102.150484220938   106.928063727078   107.277742833904   104.007347131078   104.991494715328    105.47076306395
 0.1334780422  0.1334780424   102.150484220938   106.928063727078    106.92882975519   108.949898642361   106.978955370365   108.969335071811
 0.1357294944  0.1357296709   102.150484220938   95.2935386641524   107.014388265754   112.456890376758   105.908341573352    100.58652822287
  0.136275095  0.1362750952   102.150484220938   95.2935386641524   103.479546556772   100.616360301201   103.719139083044   100.873038029046
 0.1369084962  0.1369089644   102.150484220938   103.066805387926   104.915547585532   101.760997918561   103.209385209439   103.682325728851
#[time: 0.14]
 0.1416291033  0.1416291035   102.150484220938   103.066805387926   107.193489078324    107.86370048338   107.327440275614    107.94325213143
 0.1437847988  0.1437848845   105.568351228837   103.066805387926   102.934523324233   102.986420967866   110.335229286361   108.398516661916
 0.1448850801  0.1448858246   105.534749854861   103.066805387926   109.939849828709   108.835070469489   96.5255820764041   97.6365503409147
 0.1466163266  0.1466207021   105.534749854861   106.889611380149   106.737323847027   106.229376680716    104.88234085237   104.728300227214
 0.1468564172  0.1468574922   120.471586076791   106.889611380149   107.016531370975   107.211067837862   123.598404290539    113.12062712035
 0.1468871617  0.1468933932   110.513456860111   106.889611380149   120.743692486411   114.750451271765   102.825246464783   105.389039316177
 0.1470828105    0.14708656   110.513456860111   107.336993663404   113.305215330664   111.922011903609   120.159257532335   116.195111948591
 0.1476511756  0.1476511806   110.513456860111   111.906710080376   112.479953494699   111.491078502733   112.574400019492      112.927141931
#[time: 0.15]
 0.1505045745  0.1505046448   111.355052549772   111.906710080376   114.285893296582    114.92671795171   113.678595720566   114.443801146785
 0.1506833997  0.1506833999   111.355052549772   111.906710080376   114.568786094345   114.750975019105   115.036939764129   115.249894021528
 0.1513428772  0.1513435448   111.355052549772   115.253177582766   115.561673239832   115.770531655426   104.992582878716   105.198032407956
 0.1513820492  0.1513820872   111.355052549772   112.658513909821   114.241000213577   115.429188314123   118.002273716671   119.446919558659
 0.1566953474  0.1567018351   111.355052549772   114.223132682973    115.75666474509   116.497969782239   104.393658127298   104.657453470787
 0.1576985672  0.1577009951   111.355052549772    112.51461942552   115.965994939713   117.697568687078   110.986867378846   110.399660946171
 0.1591712582  0.1591719919   111.355052549772   112.058884285946   115.651204823272   116.102017660851   107.684394428402   107.440290286763
#[time: 0.16]
 0.1614155372  0.1614156916   111.355052549772   110.473199491753   114.370748712163    114.50543476199   103.288668212614    103.38960547036
 0.1614610133  0.1614627544   111.878986961979   110.473199491753   116.229006182804   115.649931731773   104.097860590433   106.522150638366
 0.1619841762  0.1619871662   111.878986961979   115.645877127847   116.707467613684   115.863277466244    111.67392310811   109.772701113036
 0.1624325129  0.1624331742   114.241470913757   115.645877127847   118.780707857471    121.57990032444   119.009999996614   119.971999911005
  0.162750296  0.1627510106   114.241470913757   111.927565068424   118.913165896772    119.87303512261   120.300878646823   118.128686345281
  0.162849013  0.1628507048   114.241470913757   121.157518496241   113.228504190959    113.20044260776   116.058616038192   113.082422982362
 0.1633640577  0.1633649864   123.448173598557   121.157518496241   120.220061308537   124.715666561209   115.547363455853   116.490020031403
 0.1634002831  0.1634002833   123.448173598557   121.157518496241   126.822949888165   125.653014359786   126.743114741398   125.603456187725
 0.1636137699  0.1636143592   109.705617264969   121.157518496241    128.52053723383   126.963283548714   114.853509326567   125.034387605934
 0.1641521749  0.1641521912   113.705739639764   121.157518496241   114.185676976386   122.591350963492   119.902233410878   127.622418827713
 0.1652445729  0.1652549788   122.831227003798   121.157518496241   119.256437850726   123.982395784267   113.406007930175   113.336899764396
  0.165562256  0.1655659494   122.831227003798    114.95746676193      125.067553982   124.555356254239   124.102320762331   120.105164164515
 0.1671487742  0.1671525005   122.831227003798   123.681280386385   125.499627723433   119.819654662479   127.166942333673   128.170157231401
 0.1673143264  0.1673154667   127.289527372429   123.681280386385   126.750942442754   126.947964066704   121.107747843641   122.142563750849
  0.167322156  0.1673281553   127.289527372429   126.579304398255   127.508279825215   126.800704357893    136.06859967546   134.660455917988
 0.1675178512  0.1675210963   127.289527372429   128.763857761441   129.985125811191   129.646095979441   120.352663362285   120.126396963093
  0.168474181   0.168474378   127.289527372429   116.052792205426   132.081451314197   133.045543723868   134.180108966355    121.15514673509
 0.1691791249  0.1691802718   127.289527372429   134.752671065269   132.160582938349   123.682832003541    134.65475809713   141.318180593063
#[time: 0.17]
 0.1709764799  0.1709764801   127.289527372429   134.752671065269   132.601798995903   135.034406629584   132.597553709727   135.038319237369
 0.1730729782  0.1730741494   136.159039527491   134.752671065269   132.808325507505   135.848005689531   126.123385282843   126.490144403632
 0.1754033995  0.1754111929   136.530258298159   134.752671065269   137.373771336606   137.030286654318    131.29942286618   131.839889692591
 0.1766514368  0.1766516942   136.530258298159   129.780259000637   137.893036441843   137.556226914463   139.966249336494   135.034844751564
 0.1771982905  0.1771982907   136.530258298159   129.780259000637   139.515514264782   136.205582466713   139.541572756234   136.269932102466
 0.1781209362  0.1781215494   136.530258298159   133.363979319094   139.315820228012   135.454990724244    143.63341576466   140.851835237267
#[time: 0.18]
 0.1818489865  0.1818517169   136.530258298159   137.240799654922   137.701988985968   136.801068104437   127.515142312845    127.57832250141
 0.1824721397  0.1824738451   140.458564171253   137.240799654922   140.438847393886    140.72347503967   134.564140705799   136.271492080097
  0.185531949  0.1855359131   140.458564171253   142.319126144754   139.934500373322   139.667572296161    137.70916308022   137.155561629542
 0.1888274396  0.1888274408   140.458564171253   139.304063226075   146.550522386049   147.542867880482   143.919262477063   143.322981850201
 0.1893663837  0.1893663839   140.458564171253   139.304063226075   144.872805776983   144.305851461286   144.672715252971     144.0939880905
#[time: 0.19]
 0.1910603443  0.1910644682   142.936177919664   139.304063226075   147.308000336432   146.373580244992   136.017861317688   136.552057870082
 0.1911004094  0.1911004113   142.936177919664   140.491484614757   141.401282957112   141.286797953462   143.551121058286   143.096168032069
 0.1916500517  0.1916500519   142.936177919664   140.491484614757    143.13530697359   142.870412143486   142.975881224664   142.716029144247
  0.194830956  0.1948354636   142.936177919664   144.456334018271   142.927167788271   142.487278726104   144.188308278284   144.303991076329
 0.1948370812  0.1948371649   142.936177919664   149.936120563515   148.420825031967   149.228940217605    146.33532690189   145.526387096819
 0.1960290993  0.1960291052   145.399952452877   149.936120563515   149.052857148042   153.571859856048   149.946394000839   152.702826400892
 0.1962016983   0.196203235    148.96681584503   149.936120563515   151.458168079959   154.612337061997   141.530176622448   141.530813060021
 0.1984567151  0.1984580911   154.013615001089   149.936120563515   154.772814292821   155.549833386505   149.079692418181   150.797982518898
 0.1989922762  0.1989940308   154.013615001089   156.582215668421   156.874737066037   155.181604719328   154.868978557835   151.688956727789
#[time: 0.2]
 0.2019107393  0.2019116213    152.34404394797   156.582215668421   161.548990388127   163.513471633941    157.69973655948   160.891390229098
 0.2019199326  0.2019206384   159.700362463915   156.582215668421   158.041271859449   159.347983437989   149.995979220863   150.188024354609
 0.2029080104  0.2029091507   159.700362463915   161.907627751051   160.148526686422   159.366789582999   154.604024706151   153.805820030164
 0.2035416075   0.203542628   158.435931551061   161.907627751051   166.463540855994   168.271321190914   161.961227691007   164.244398088366
#[time: 0.21]
 0.2117955426  0.2118004225   158.435931551061   164.550795149596   163.447582326737   164.929616487137    160.29908825889   159.537233185973
 0.2174549069  0.2174549071   158.435931551061   164.550795149596   162.849896440671   167.214355289006   162.560671430724   167.080528469862
#[time: 0.22]
 0.2227153525  0.2227153527   158.435931551061   164.550795149596   164.339804164453   166.531636956038   164.653429243901   167.137401114538
 0.2233514555  0.2233535049   165.649619240444   164.550795149596    163.81745915053   166.761497017336   168.104279717806   167.613096656642
 0.2240332205  0.2240332207   165.649619240444   164.550795149596   169.083769054886   168.449585570513   169.393666706766   168.750799693184
  0.226469067  0.2264708117   165.649619240444   167.689648985122   165.695387224659   165.608180370107   160.253658710392   159.603236632824
#[time: 0.23]
 0.2311866997  0.2311885384   173.732955809823   167.689648985122   168.313169044803   169.023544432462   167.879029810598   169.435113987207
 0.2326073569  0.2326103373   169.008366389568   167.689648985122   177.523560838186   173.430412747415   159.496464238311   159.738830341471
 0.2335838528  0.2335857452   169.008366389568   173.300595348664     174.3551827967   173.555087767978   168.045243301315   165.496879972246
 0.2338365808  0.2338365953   169.008366389568   171.132026738031   172.280749370314   172.823127308034   170.325402263513   170.400633407815
 0.2371193047  0.2371239022   175.777384250332   171.132026738031   171.792185442732   172.663411809258   170.126997413205   171.546560206827
 0.2380750555  0.2380822426   175.777384250332   177.057776988011   178.214903502796   176.221418772726   167.113393146909   167.339187436052
#[time: 0.24]
 0.2421827329  0.2421837538   179.662022805517   177.057776988011   180.245809978102   180.860031661365   171.258744411108   173.232608627698
 0.2427526773  0.2427668832   183.386129495337   177.057776988011    181.46325818419   180.247061775625    180.72033062999   180.426367731083
 0.2445361204  0.2445361206   183.386129495337   177.057776988011   187.975938509269   183.813885615352    187.97344106422   183.759892660899
 0.2469745701  0.2469775923   183.386129495337   187.470687271019   178.882585291016   179.412577217753   181.020469490807   179.157699999947
 0.2497790094  0.2497830237   183.386129495337   185.818939353062   187.555677171172   188.681098535703   175.509293140421   175.701009468993
#[time: 0.25]
 0.2502120911  0.2502189619   193.037401322452   185.818939353062   187.537155331038   188.767395422013   187.844764676703   189.115250023635
 0.2512378656  0.2512387401   193.037401322452   193.655400795914   192.255135234445   189.865694568154   194.980952715632   195.329691681764
 0.2513980182  0.2513993908   193.037401322452   185.134152645684    195.88176761261   196.045957830248   197.697859539373   189.028213557376
 0.2525931282  0.2525937567   193.037401322452   195.119606678498   195.039900885272    190.11201250647   185.194137560351   185.588467820967
 0.2528463574  0.2528464713   193.037401322452   195.838089644739   192.603973313188    192.04709276083   190.591583447442   188.711894732061
 0.2542718795  0.2542732747   206.850892280086   195.838089644739   197.014545222459   198.200327205255   205.760928423791   202.279089448489
 0.2546316661  0.2546325609   206.850892280086   193.928441124552   208.119746002686   203.038012910116   207.396650159748   199.612590159867
 0.2554917108  0.2554920719   206.850892280086   191.373350702921   208.237100873061   201.187577447613   212.962120943981   196.229579448454
 0.2556497606  0.2556565087   206.850892280086   208.925965785134   210.840821030545   199.085722149936   201.539838971165   200.731260588942
  0.257948991  0.2579512496   206.850892280086   207.692224541617   212.632272180188   213.934202128544   197.569639846238   197.672423607897
 0.2580766231  0.2580766233   206.850892280086   207.692224541617   210.362076784776   210.916718163761   210.464046961091    211.00020258964
 0.2583968014  0.2583988168   206.850892280086   208.521954191328   212.774847191444   213.336041982438   201.198134097202    199.11165361756
 0.2585339319  0.2585339445   199.180340896563   208.521954191328   209.873337328391    210.32076007644   202.645794499716   210.691129365732
 0.2593508736  0.2593514485   193.729423119382   208.521954191328    206.23587757691   212.419168484726   199.249492857771   212.814737984507
 0.2596065998  0.2596077047   216.509217928054   208.521954191328    200.06244752964   204.876083196665   214.614866201807   213.108556615452
#[time: 0.26]
 0.2600987312  0.2601001893   216.509217928054   218.823048193978   219.095686694569   215.218823216383   211.233820329321   210.353996930973
 0.2616374425  0.2616374427   216.509217928054   218.823048193978   218.669339292132   218.902708721121   218.712847229406    218.96392261389
 0.2633132436  0.2633132634   216.509217928054   212.288616202302     220.3298388603   221.336252937926   219.583550493543   216.320070852184
 0.2666651027  0.2666685274   213.837204702616   212.288616202302   219.917482220215   217.890095203089   203.657114275111   204.071746821763
 0.2671350263  0.2671353028   213.837204702616    219.95334205991   216.942083217926   216.351454937555    216.59233929848   216.142148100002
 0.2672525314  0.2672583588    221.42508385684    219.95334205991   220.650553589786   224.422418924872   211.604789509652   213.021224594805
 0.2690930322  0.2690930362    221.42508385684   217.117409355982   227.032193057555   226.185219147296   226.854217350291   223.376647966212
 0.2694514032  0.2694521356    221.42508385684   222.307485352583   225.311209791652   223.174631174615   214.498107424338    214.34850007619
#[time: 0.27]
 0.2721958032  0.2721967271    221.42508385684   211.838347392658   226.410378125608   227.330479298948   226.173036149016   216.557642036008
 0.2741959628  0.2741978486    221.42508385684   220.626354044268   221.692534339075   217.374196892904   231.505428831655    230.20898253066
 0.2747842972  0.2747845122    221.42508385684   225.659764288231   223.219433041542   223.068508215442   223.977477177923   224.236084161314
 0.2757580143  0.2757580145    221.42508385684   225.659764288231   225.438374474664   226.688714560817   225.196928003109   226.430427572726
 0.2788551852   0.278855874    221.42508385684   222.802027479556   227.209689357237   229.728438910695   220.311313265814   220.025115056802
#[time: 0.28]
 0.2846964196  0.2846969483    221.42508385684   216.719634060379   224.896521435764    225.68269743885   227.517223115799   222.386938177657
 0.2855765577  0.2855779466   218.900709482263   216.719634060379   222.544327688006   221.132696415709   213.826585605044   215.019879841177
 0.2883453157   0.288347467   209.728231971613   216.719634060379   221.217588027978   220.277748487262   213.941432938846   217.477351524199
 0.2891935549  0.2891945372   217.394895430427   216.719634060379   215.031625223168   217.800151020229   207.847270965147   207.729413253361
  0.289198357  0.2892045357   217.394895430427   218.202289301823   219.869341261385   219.547972830383   211.568458615769   211.139400934504
#[time: 0.29]
 0.2940987336  0.2940995053   217.394895430427   207.301816700349   222.371607493978   223.013831207029   221.539301214749   213.498130816028
 0.2964278832  0.2964278834   217.394895430427   207.301816700349    221.58503913761   214.141091886684   221.633829619899   214.240356093883
  0.297663889   0.297666985   217.394895430427   219.855749021288   218.410057967395   211.235744480266   219.911795741146   220.592483635998
#[time: 0.3]
 0.3002079227  0.3002089328   220.956864580661   219.855749021288   222.652810649047   224.108098276212   215.299753436982   215.657689475152
 0.3025349397  0.3025415703   220.956864580661   222.426836439881   222.536616094723   222.303797150954   214.181689985318   213.493262896318
 0.3051219617  0.3051219619   220.956864580662   222.426836439881   223.921490514707   224.271047337836   223.839370579683   224.215700613239
 0.3056905733  0.3056921337   224.834255243884   222.426836439881   225.012924901149   225.706873417349    226.07361516028    224.78800743147
 0.3071395212  0.3071410759   224.834255243884   222.471807291528   231.398587383558   229.827810124966   220.035577950002   220.358662803287
#[time: 0.31]
 0.3101733446  0.3101733448   224.834255243884   222.471807291528   229.371281340753   227.695427860858   229.631770388612   227.788310355717
 0.3105685453  0.3105690297   223.839168377919   222.471807291528   226.178896028968   225.538606345451   213.692451921942   214.100450963343
 0.3109670202  0.3109673998   223.839168377919   219.452426565896   227.388093094183   226.825129108816   233.205069743485   227.380965800129
 0.3117087985  0.3117091997   228.393798385525   219.452426565896   228.515817512381    225.33196800167   224.368995502689   223.960755066454
 0.3139779868  0.3139793121   228.393798385525   224.851516849878   232.751322416332   226.451766691797   225.584040896677   226.017271495318
 0.3186759682  0.3186778024   228.393798385525   229.116210357711   228.876875072478   228.152763029983   219.389927362683   219.391025308092
#[time: 0.32]
 0.3253664983  0.3253665782   234.613128012272   229.116210357711   233.103303059284   233.470548679427   232.613638616799   232.171297382338
 0.3260215351  0.3260215353   234.613128012272   229.116210357711   238.666473946365   234.101189614069   238.564012880673   234.098004782731
 0.3295432543  0.3295432545   234.613128012272   229.116210357711   239.178773562896   234.455149737481   239.331051041593   234.420954379549
#[time: 0.33]
 0.3306086103  0.3306111748   234.613128012272   236.115697354735   234.351121386091    232.84752787186   226.397977146025   226.149396994106
 0.3307950497  0.3307950499   234.613128012272   236.115697354735   238.814799800414   239.377648892434   238.696226687724   239.231522686418
 0.3322769698  0.3322774895   253.819292754155   236.115697354735   239.151197916553   239.950333529705   252.945992874595   243.361990421854
 0.3325905175  0.3325906245   253.819292754155   247.156389853721    255.75036798508   243.372016828349   260.219115543086   254.197085983529
 0.3367389426  0.3367439241   253.819292754155   256.917069546056   253.122329852961   251.514783561633   255.272978103854   255.213713522111
 0.3395790787  0.3395804657   254.781278872645   256.917069546056   256.188436520107   256.431719713714   250.189259656344    249.50765680709
#[time: 0.34]
 0.3433877726  0.3433888659   254.781278872645   256.981591896459   258.830828842436   259.713290667052    253.34678345764   251.710205607614
 0.3455156688  0.3455157039   254.781278872645   257.259436488581    258.52370373727   259.214807032151   253.983264451637   252.964663718222
 0.3480061316   0.348007388   254.781278872645   256.201307868934   257.724461518271   258.531130887528   250.704505648106   250.206419561835
 0.3487088475  0.3487088477   254.781278872645   256.201307868934   258.739585770604    259.39828276397   258.730695583486   259.374274296253
 0.3497147814  0.3497148538   254.781278872645   258.907730515775   261.196899622001   262.367845697761   256.056275349093   254.574186411959
#[time: 0.35]
 0.3545226528  0.3545235892   254.781278872645   258.005512969567   261.783946616188   264.465532389469   248.679862688113   248.376677108464
  0.355890425  0.3558914734   254.781278872645    257.72683812574   259.186096135187   260.573896922059   256.717532116666   257.865183452572
 0.3579610376  0.3579627248   254.781278872645   258.915640352323   259.390083842661    261.58997459558   254.592100511546   253.642690567228
#[time: 0.36]
 0.3612593755  0.3612615197   262.337356820744   258.915640352323   259.034041445295   260.194492160862   262.618015638671   261.981097170326
 0.3624311969  0.3624322565   260.212704153239   258.915640352323   263.522115744096   262.247827817859   251.867591240466   252.642223540776
 0.3642129834  0.3642183027   260.212704153239    261.78035307107   265.274078139184   264.524935854887   255.436841386462   255.080088343805
 0.3670095721   0.367013562   264.172862577327    261.78035307107   266.321275411982   267.291164337508   256.417074779077   256.915394416062
 0.3694233625  0.3694238454   259.364387889742    261.78035307107   269.320856741011   267.415298026096   268.212713633423   272.095414340519
#[time: 0.37]
  0.370270787  0.3702722957   259.364387889742   267.715008308837   264.157807773852    265.34044510299   263.362548435262   264.207513813566
 0.3713762732  0.3713767416   265.903581983543   267.715008308837   265.156431426899   268.041623624056   274.967075043052   277.429070723064
 0.3714000441  0.3714002056   273.858205913279   267.715008308837    273.70629929504   275.623007292448   274.763969306275   272.224008852731
 0.3714593776   0.371465165   273.858205913279    274.73075647644   276.384438537438   273.372324472861   272.180527590847   272.013013378119
 0.3726033579  0.3726035741   275.322525807375    274.73075647644   277.297801153717   277.675224954904   271.578317272161   271.742681970939
 0.3741680339  0.3741680341   275.322525807375    274.73075647644   280.087760511372    279.65671809378   280.033957209954   279.617354752047
 0.3745616327  0.3745657837   282.451871362685    274.73075647644   277.241378976213   277.068839428351   284.097825020424   280.637018519838
 0.3746571306  0.3746586731   282.451871362685   277.832272767327   285.310669070672   281.636428469123   288.404932551983   280.854254242334
 0.3799413808  0.3799413991   282.451871362685   289.624305254149   283.140257098628   281.581918949476   284.599251975175   283.009756079564
#[time: 0.38]
 0.3803814471  0.3803818161   294.602223860666   289.624305254149   288.516483577775   294.013343603617   288.493079416394   289.905635363778
 0.3814169053  0.3814174917   288.383621446037   289.624305254149   298.628872142252   295.923848314971   295.391213918592    296.85450460239
 0.3843250245   0.384325165    284.29148209427   289.624305254149   294.464230151872   295.345522696688   291.184251455083   297.443253391531
 0.3844384741  0.3844393932   292.843885182464   289.624305254149   290.048861082685   292.528823680525   283.726538044991   284.268300691527
 0.3873950507  0.3874015924   292.843885182464   296.549824621565   293.129158616192   292.516688724326   289.532819643129   288.167746882103
#[time: 0.39]
 0.3901372344  0.3901376714   299.340489940522   296.549824621565   297.204271029845   298.576662717365   292.123589103498   293.272472266122
 0.3911625157  0.3911625228   300.476904341495   296.549824621565   300.882927684832   300.127464660024   300.307663046929   298.828498333213
 0.3935898021  0.3935903201   300.476904341495   302.114553236894   300.774891697768   299.847547417231   294.493355880376   294.193389551767
 0.3982981567  0.3982996608   306.045576497705   302.114553236894    303.14934049018   303.653314300096   297.867455857845   300.185716771997
 0.3987401761  0.3987416009   306.045576497705   308.917214630141   304.750443500255   304.431601235241   304.939155610989   303.630074196381
 0.3990774733  0.3990774735   306.045576497704   308.917214630141   314.213610337333   316.702061833167   314.135222617001   316.646218506911
#[time: 0.4]
 0.4008741267  0.4008767094   312.784552703323   308.917214630141   308.483750974875   308.881729768977   312.982328412319   312.110092982261
 0.4015074901  0.4015082931   312.784552703323   317.844685367074   310.819042745436   310.833371642749   315.621442600004   315.876780444222
 0.4018259171  0.4018259248   324.369989770416   317.844685367074   317.623533359059   319.437974298236   325.512617586851   321.907934001303
  0.404128671  0.4041289376   324.369989770416   325.837525910161   327.557107382858   324.911026389356   324.251288570771    323.97165620842
 0.4055880585  0.4055892323   327.212691999513   325.837525910161   327.588571431986   328.121700052895   318.618580140003   318.667567551238
 0.4057755769  0.4057799191   327.212691999513    322.28694673533   329.574207538563   328.950196427064   321.159248655346   322.305052109127
 0.4063094974  0.4063111784   327.212691999513   314.508162162595   334.848378877455   330.391054780101   329.434076744518   317.863376982603
  0.406408954  0.4064094478   327.212691999513   328.525913467119   323.421809772056   320.542611512851   328.493583444323   328.691299230746
#[time: 0.41]
 0.4105015684  0.4105018165   327.212691999513   328.586190640677   330.887553279201   331.324541277848   326.066579265063   325.490513256444
 0.4116201399   0.411621715   332.152920481579   328.586190640677   327.233989749145   327.121922199944   322.887206783184   322.630550663728
 0.4116691689  0.4116696103   332.152920481579   333.094912884599    334.24490359144    332.68708147685   323.339660553527   323.009791404243
 0.4124523689  0.4124540375   333.837006867882   333.094912884599    336.34644418165   336.859756908047   335.011863433377   334.837277555511
 0.4128258632   0.412828456   333.837006867882     337.3852216584   336.675943621084   336.388940495513   337.676586619799   339.343414434335
  0.413621498  0.4136223245   338.964941860258     337.3852216584   338.891590297947   341.625082335327    332.55961584122   334.569383886705
 0.4143161308  0.4143175328   338.964941860258   336.708358524389   340.353616371304   339.851418486056   340.183945897081   339.419404420357
 0.4153207171  0.4153209266   340.348164368761   336.708358524389   342.899880582031   341.787439365009    340.48722955727   339.784463763266
  0.416313688  0.4163159538   340.348164368761   345.884724604953   341.571347530922   340.289536927728   344.524707228418   345.721682240464
 0.4165069094  0.4165073757   351.014707462876   345.884724604953   346.296452924543   349.441311798275    343.55644948069   345.465624948203
  0.416975277  0.4169773333   351.014707462876   352.439721104483   352.273465851902   350.024759291594   343.897430803179   344.051559886285
 0.4171646959  0.4171674351    357.41946103308   352.439721104483   352.812158240344   353.096831188746   356.771257379656    355.51642673998
 0.4172071035   0.417207131    357.41946103308   359.696869767086   358.159246791313    356.87962151377   357.847120427298   357.102213077074
 0.4199742362  0.4199754837   361.338711866139   359.696869767086   360.656791755489   361.136787634787   351.538342698526    351.44430521974
#[time: 0.42]
 0.4200347273  0.4200363637   357.625788484615   359.696869767086   362.647206816382   362.225859553206   351.249403580251   350.973876248003
  0.420801631   0.420802388   363.817469718986   359.696869767086   363.098166667716   364.900200536999   358.544118438743   359.056514260493
 0.4215526218   0.421554316   363.817469718986   367.968059126079   365.986389987301   364.628273153537   358.060606101996   358.164023123877
 0.4234054061  0.4234075347   371.413890785768   367.968059126079    367.00290089978    367.66160271001   371.914029109724   370.997771156761
 0.4250599373  0.4250617427    365.68391317578   367.968059126079   373.671567712933   371.744279371196   359.505919076093   359.658905577495
 0.4263450587  0.4263453383   368.531896548537   367.968059126079   371.471094112636   373.009845973623   360.329227759202   360.608845155951
#[time: 0.43]
 0.4300926258  0.4300930838   368.531896548537   371.589404670759    367.62166544762   367.662105180672    362.52431447675   362.256055871719
 0.4306865035  0.4306869008   369.024579884107   371.589404670759   373.981306827963   375.659529458792   375.103752685967   377.817467389504
  0.435367797  0.4353717621   369.024579884107   375.288379444011    373.18077674725   374.039459658603    370.62245396203   367.848950259237
 0.4355723582  0.4355734769    375.81968081492   375.288379444011   372.452869671684   372.873421376952   376.898326768878   376.828494882788
 0.4393976524  0.4393977843    375.81968081492   384.330719933784   379.203366171556    379.03575259495   379.645363878304   384.504774559029
 0.4398458304  0.4398459867   390.865641711084   384.330719933784   381.773978977183   386.305288697502   391.060863469375   388.519113501571
#[time: 0.44]
 0.4404182049  0.4404184947   383.343017991584   384.330719933784   394.664978161066    389.91546885306   381.364734005714   381.021887193383
 0.4412999837  0.4413053407   385.132545638984   384.330719933784   387.254794473239   387.637356618232   374.971190088528   375.142275524995
 0.4444448798  0.4444525983   385.132545638984   380.629345175303   389.211192757075   388.891008754812   394.175863461708   388.292679278779
 0.4450652364  0.4450652366   385.132545638984   380.629345175303   387.948481917416   386.112405820911   387.983898033668   386.085154179546
 0.4454035451  0.4454039963   399.108878741724   380.629345175303   391.059451974229   387.809496394607    398.12845319529   386.849631140076
 0.4454983497  0.4454983499   399.108878741724   380.629345175303   402.992182485842   386.537795719789   402.691356947402   386.987940990952
 0.4460368241  0.4460389765   399.108878741724   402.208109441295   398.881810934437   387.394005233587   398.211432066523   396.701808081951
 0.4472957979  0.4473068237    405.30050093217   402.208109441295   401.751190731398   402.660937158557   399.210386758717   400.024227054408
 0.4485665742   0.448570016    405.30050093217   407.000662290546    406.37229356583   405.850336169122   400.581956886269   398.975337084929
#[time: 0.45]
 0.4502016925  0.4502030826   408.231279152513   407.000662290546   407.437027061041   407.959836270383   399.581467791684   400.622941681746
 0.4503529722  0.4503531283   408.231279152513   407.419160462868   409.925116854495   409.581962158973   414.950201229271    413.43228895422
  0.451162075  0.4511621168   408.231279152513   388.999607655771   409.545248921897   409.352237678656   411.691663792509   393.513306391341
 0.4512837723  0.4512867433   386.544581617263   388.999607655771   410.248777836957   394.842884133914   381.860255480545   381.809360434849
 0.4523614754   0.452361483   391.385781738128   388.999607655771   388.961346365798   389.566920542287   391.828931366351   391.252493618343
#[time: 0.46]
 0.4603248125  0.4603253042   391.385781738128   395.161693892784   394.862525563888   393.851596249347   391.309213506391   390.120800228427
 0.4604039063  0.4604049317   402.593638141755   395.161693892784   394.615339297381     395.1523696143   399.949075787017   399.093500716095
 0.4604231665  0.4604232476   402.593638141755   380.890571318793   404.496382009209   400.251115286556   405.214756462433   385.959610920874
 0.4605703778  0.4605707349   402.593638141755   392.589925195909   406.050822823207   388.429529764225   406.721493178135   395.022152727367
 0.4632370661  0.4632391323   402.593638141755   406.406135736493   406.457045211266   399.186208321636   403.721394095094   403.217959301136
 0.4636479605  0.4636489994   409.001302546346   406.406135736493     406.8777794004   408.825864321143   399.998378430081   402.418517995447
 0.4637435405  0.4637462756   414.156523645993   406.406135736493   413.036063601129   411.583179495813   413.692018016137    409.78116735791
 0.4656895761  0.4656906864   408.397562268152   406.406135736493   415.441160050327    411.59076406648   402.302682264116   403.781148902072
 0.4664386432  0.4664412542   408.397562268152   397.897417299281   409.121403417917   408.752853093628   414.546097493489   403.468319220316
 0.4671778925  0.4671779424   408.397562268152   418.453546457406   411.863431849383   405.191789316368   413.739082335511   417.573728863126
 0.4685456439  0.4685456896   411.799481440816   418.453546457406   415.804572939499   425.779014168609    416.97538612852   425.644718535413
 0.4687929617  0.4687938514   416.594106030175   418.453546457406    415.84290713566   416.744122186209   416.997245988028   416.813833511338
 0.4694604299  0.4694609998   421.595235977797   418.453546457406   417.653499145995   417.696655588247   415.721065431725   416.625161846645
  0.469573963  0.4695750574   421.595235977797   404.703958742976    430.12746972166   426.654165071416   428.283254272014   411.880128401245
#[time: 0.47]
 0.4709513816  0.4709513818   421.595235977797   404.703958742976    418.61692738649    412.46044090555   418.777711424321   412.321799324891
 0.4711330646   0.471133098   421.595235977797   410.566673718649   422.401268588893   411.747012106824   423.366286098141   416.316808296064
 0.4727810875  0.4727815041   412.460200629174   410.566673718649   423.242025614809   416.572111633036   404.836001052565   405.732882739199
 0.4760234172  0.4760249014   412.460200629174   413.707293286257   414.912006153138   414.272718933209    408.53022898621   407.917363628088
 0.4794818306  0.4794828949   412.460200629174   410.342256592957   418.951815860294   420.173956897156    420.57955428028    416.62417782845
#[time: 0.48]
 0.4846331842  0.4846333525   412.460200629174   413.958864419235   411.929395241184     411.8052562636   408.403528796407   407.268774629945
 0.4847834708  0.4847878003   412.460200629174   416.002811704522    414.40371404981   414.581500579743    414.36659460953    414.45344059699
#[time: 0.49]
 0.4906909299  0.4906930781   415.314295725899   416.002811704522   417.581519093835   419.164238457256   409.794869517352   408.823969322702
 0.4976657108  0.4976660732   415.314295725899   421.030292687194   416.670469862839   416.811913681661     418.1839951056   415.438850648623
 0.4976707139   0.497670937   423.902202424403   421.030292687194   420.325435417029   425.489841479473   423.196148837041   422.772755343033
 0.4987183297  0.4987207313   423.902202424403   424.726021736954   425.906886895564   425.010410341203   415.484581442339   415.397817866402
 0.4993152952  0.4993157947   423.902202424403    428.10758908457   424.734267494325   424.769602671254   419.945349304353   419.097409392122
#[time: 0.5]
  0.500177362  0.5001773622   423.902202424403    428.10758908457    428.52849212006   431.299005635109   428.087002219313   430.805735045647
 0.5004198911  0.5004210109   429.317804354467    428.10758908457   428.849019582178   430.482717697416   426.431947582675   426.752596805189
 0.5004218229  0.5004231831   432.415218852548    428.10758908457   433.632048818754   432.851488851785   429.272047106821   429.593570062088
 0.5018813763  0.5018841519   424.933517552335    428.10758908457   433.775275165596   432.457219008833   429.219792874815   433.066728551625
 0.5047988409  0.5048005348   429.685223578481    428.10758908457   428.349902361218   429.635062058854   420.781065171684   421.110998307406
 0.5070870802  0.5070875587   429.685223578481   427.639203786613   437.033015676765   435.471225278293   433.573130075004   431.463887413547
 0.5071559708  0.5071596143   429.685223578481   435.181182217883   429.192671976347   429.104878173736   430.031423451869    428.28528113662
#[time: 0.51]
 0.5106688491  0.5106738947   438.451932381881   435.181182217883   434.120975027287   436.797190259966    428.66614774525   427.971845172254
 0.5173974219  0.5173987427   438.451932381881   440.323214209353   441.185573754859   439.918732124174   430.100484160155   430.044307863167
 0.5181388147  0.5181388149   438.451932381881   440.323214209353   442.226344736224   443.106470995473    441.99023075068   442.840260897544
 0.5183006315  0.5183007714    442.87203017389   440.323214209353   440.859079842598   441.302996004881   436.640906626558   437.390826482314
#[time: 0.52]
  0.524474253  0.5244775842    442.87203017389   445.609597309855   446.137361262958   445.080046175671   437.447086435024   436.269206631598
 0.5256375044    0.52564616   447.853701081005   445.609597309855   443.839675026765   443.724089484554   437.558411255619   437.305607768603
 0.5257720889  0.5257732354   447.853701081005   455.569916572912   450.884819656215   450.054151162712   451.647447821504   453.383893663254
 0.5296116212  0.5296128623   447.853701081005   453.221912067781   453.848825507342   457.186322236911   451.419187448993   452.212053221504
#[time: 0.53]
 0.5303644038   0.530369639   453.992894005298   453.221912067781   455.691151731956   459.597886383716    446.30727756412     446.4487953278
 0.5325044251  0.5325055896   455.381132847041   453.221912067781   457.184230679321   456.734047496616    449.65809707131   450.411984251851
 0.5357937871  0.5357969802   456.777111482024   453.221912067781   457.328716744939   456.774741583914   451.086969400991   451.897713856264
  0.538098065  0.5381016638   456.777111482024   459.789759848971   458.048997991769    457.10113836609   455.126726728091   454.691269719086
 0.5392792747  0.5392798604   461.189459286665   459.789759848971    460.99798822675   462.224899584138   460.691692722759   460.650662134931
#[time: 0.54]
 0.5409823854  0.5409830008   461.189459286665    467.10105820521   460.613237984002   460.596690182319   462.305094405512   460.524844676992
 0.5419352819  0.5419352821   461.189459286665    467.10105820521   466.258997229415   468.143647786145   466.134881502941   468.058496163445
 0.5434978172  0.5434986172   461.189459286665   477.964736934747   469.584590371177   475.604714925186   467.933068111217   474.244040048297
 0.5439428443  0.5439433844   475.110416047077   477.964736934747   469.572503826489   480.579310231169    483.25197078994   488.216222532068
 0.5452838904  0.5452851761   490.923110883801   477.964736934747   479.055823958444   480.107377210471   487.960499533418    484.29294551427
 0.5456144046  0.5456160718   490.923110883801   489.045611969344   493.715815432726    483.56981398591   492.166912385362   491.130041216748
 0.5463299912  0.5463303592   490.923110883801   483.723326487649     497.6414756366   496.090833490412   498.250723346588   488.292292059226
 0.5468245842  0.5468247789   490.923110883801   485.576628865372   495.786161605267   491.089068148884   494.138909400066   488.906040453904
 0.5485648401  0.5485648433   487.166615973474   485.576628865372   491.572748173522   488.925304893144   489.296811030246   488.453592534679
 0.5486682949  0.5486717074   488.597404827879   485.576628865372   489.939670928598   489.320000586571   479.795653774684   481.898813094523
 0.5490423946  0.5490442386   488.597404827879   489.354183884167   492.488606367752    490.60520336697    480.81528899809   480.855741412402
#[time: 0.55]
 0.5505268045  0.5505281114   492.319811520192   489.354183884167   489.633072393604   489.669137812105   483.902423812934   484.524992742238
 0.5507260255  0.5507260257   492.319811520192   489.354183884167    496.33357541858   494.536481301697   496.721273393028   494.910037470074
 0.5516959655  0.5516990315    488.43505125978   489.354183884167   493.371960634881    492.53897045263   480.001455842246   480.136641911822
 0.5529292759  0.5529292761    488.43505125978   489.354183884167   490.927876752387   491.135693263456   491.088500256178   491.299979446439
 0.5534324984  0.5534328779    488.43505125978   490.360053153176   493.154145158187   493.552664738885    482.02090589339    482.12901127159
 0.5536909315  0.5536909324   487.400053358182   490.360053153176   492.036834442363   492.717317685142   492.477953141473   493.961104088222
 0.5570355517  0.5570355519   487.400053358182   490.360053153176   489.998542802896   490.712212774544   489.922125385728   490.598273470368
 0.5577119941  0.5577120362   478.063865178181   490.360053153176   491.560463270589   493.191350827675   483.316447294275    494.54088964548
 0.5577644614  0.5577644678   481.518605689951   490.360053153176   485.365113977236    493.74442479698   485.335276611115   492.539092928343
  0.558366926  0.5583712973   491.205645062001   490.360053153176    487.62448215269   491.398398725468    482.36412044507   482.646869302154
#[time: 0.56]
 0.5600450225    0.56004567   488.219624417096   490.360053153176   493.633864667746   493.372659406735   490.043464998735   490.367049126948
 0.5634268564  0.5634301508   488.219624417096   491.940628319986   492.207360072122   493.467135270512    483.62579669042   482.134054233665
 0.5635904154   0.563592092   488.219624417096   494.920671876841   493.865598416777   495.774612644449   491.856290889195   492.255044190064
 0.5662828856  0.5662828858   488.219624417096   494.920671876841   494.656380812817   498.523675360504   494.598567178863   498.706746400475
 0.5664503026  0.5664506352   480.335561580282   494.920671876841   493.198629628223   495.539549877066   487.113555971384   498.974770755505
 0.5669213966  0.5669244316   480.335561580282   483.493598826686    487.69568793845   495.406607124267   480.802722182594   479.618095376158
 0.5671036564  0.5671036782   480.335561580282   475.070022463322   485.475457452501    487.28728342659   485.607506422529   481.380168221249
 0.5690034276  0.5690169387   480.335561580282   483.792039824656   484.101531294678   480.787863614185   474.148322533521   474.645038489911
#[time: 0.57]
 0.5702737626  0.5702745924   480.335561580282   480.869679894979   484.399100957745    485.53297452205   478.433501956697   478.287955014332
 0.5709997563  0.5710003659    482.22834302988   480.869679894979    486.00531413606   486.364947735521   474.735103899933   475.454395669114
 0.5735614146  0.5735615305    482.22834302988   486.260500084381   487.405208215115   486.374297576155   481.780667866568   479.476239718567
 0.5749149962  0.5749199557    482.22834302988   483.513033631006   486.153871080484   487.658266733368   473.583546359568   473.651933176535
 0.5752146275  0.5752171688   475.505634468143   483.513033631006   484.321652993561   484.532450658639   481.749821999627   491.491429432583
 0.5756532429  0.5756532431   475.505634468144   483.513033631006   481.346417536739   484.372287822408   481.360055975739   484.320454353075
 0.5760458385  0.5760463679   479.296029623768   483.513033631006   480.683163064016   484.605708253684   486.954907875201   491.972894977717
 0.5776837398  0.5776877319   479.296029623768   480.120035571205   484.755877808174   487.062501703965   478.181500304278   477.990881319794
 0.5783761251  0.5783761253   479.296029623768   480.120035571205   483.447716083644   483.932965795579    483.53063283773   483.998544502417
#[time: 0.58]
 0.5801649011  0.5801712886   485.890989939181   480.120035571205   481.068351142088     481.1611050475   491.327060939485   485.944383995396
 0.5817365304  0.5817377405   485.890989939181   483.220147618595   484.250810157689   483.463211061468   492.397324511441    489.14624854353
 0.5819793667  0.5819828492   485.890989939181   498.774941618061   485.624096278303   485.415952406009   490.799463469688   497.729486649053
 0.5827956511  0.5827984293   504.419110683585   498.774941618061   491.446955183173   500.492003581543   502.774491110166   501.874165004945
 0.5837359789  0.5837378771   504.419110683585    503.64933149753   508.152185421001   504.403347843545   496.601161000645   496.915431452762
  0.584024945  0.5840305499   504.419110683585   497.328725134759   508.482215041795   508.134327064239   510.719366476968   504.211649614867
  0.584257734  0.5842596835   504.419110683585   508.726636822873   504.305959382808   502.286292712944   499.969628631115   499.361172279636
 0.5847328436  0.5847368215   504.419110683585   505.034680858188   510.098622844151   512.455447578647   501.168441064311   500.903078540109
 0.5851054544  0.5851055643   504.419110683585   503.182896126657   509.784692207362   510.115707045775   510.940997474072   509.517459406878
 0.5896836198   0.589688183   504.419110683585   517.751282244243   507.993160784578   507.359625444421   509.263684574101   515.645195316057
#[time: 0.59]
 0.5906416724  0.5906450355   504.419110683585   505.108682560815   510.660653675666   517.542215779303   494.862358129959   494.929588055605
 0.5910231099  0.5910245568   511.103487248143   505.108682560815   508.513664937461   508.824002238554   509.584579284906   508.924084444618
 0.5911209107  0.5911218969   506.580078997903   505.108682560815    512.49158042648    510.46883653437   503.031520313316   503.384665362972
 0.5963701421  0.5963701452   511.093126773454   505.108682560815   509.993066993331   509.275661436931   507.600934103911   508.060215247758
 0.5993857912  0.5993857947   511.093126773454   503.841754018527   510.579106334038    508.98104835773   510.644337905063   508.481377533166
#[time: 0.6]
 0.6016963426  0.6016984516   511.093126773454   512.426058417001   512.475776824005   508.846107565502   512.271421616363   512.388291250356
 0.6018063276  0.6018067288   511.093126773454   511.912963823015   515.006338076999   515.524122582865    503.23065782229   503.404381080132
 0.6021376364  0.6021391866   511.093126773454   509.826952590247   516.803196765943   517.284946076018   516.373088687879    515.13362335038
 0.6028991758  0.6028991861   511.093126773454   506.097807768232   516.306230134045   515.059990689675   515.064226349491   509.310478449971
 0.6033925907  0.6033939395   511.093126773454   512.411403056201   514.050484099814   511.425841853136   504.220114282264   503.505602502463
 0.6068565804  0.6068573782   511.093126773454   511.753151531048   512.009126938775   512.065210739119   505.930827976916   505.540118894862
  0.608902607  0.6089026469   511.093126773454   521.088293736813   517.358430722368   517.703637562273   516.573762006822   519.972334202212
 0.6097644952  0.6097645144   508.533400687069   521.088293736813   516.246691910363   521.629752195789   514.758517309567   518.631022805288
#[time: 0.61]
 0.6106954361  0.6106954825   519.852386363056   521.088293736813   515.660486213494   523.357351391183   523.788928678682   524.480096232763
 0.6119349488  0.6119393575   519.852386363056   521.910050754169   524.067856381682   524.596298073998   517.729708389904   516.901694332541
 0.6135556156  0.6135560258   519.852386363056   523.419141869946   524.049769039582   524.941384749109   519.058924228215   516.788262411086
 0.6136065145  0.6136069057   521.590011434506   523.419141869946   524.994414306217   526.742010229625    528.80669663799   532.285405800282
 0.6138941519  0.6138959274   532.860305945448   523.419141869946   526.044712747495   527.026234648646   534.526925034025   528.490332011245
 0.6151310794  0.6151315901   532.860305945448   536.472110174316   535.561694098178   529.910072274385   535.125864559855   535.490565006679
  0.615354268  0.6153580321   532.860305945448   536.907055060715   539.704297579693   542.204270763824     535.3173420316   535.956565985224
   0.61679071  0.6167908507   532.860305945448   533.796410046554   537.716624801051    539.19194600759   532.343386113882    532.19296858928
 0.6175612089  0.6175624816   536.187976937466   533.796410046554   539.228088292078   539.826632653983   532.050438942274   532.644462315084
#[time: 0.62]
 0.6225836796  0.6225838979   536.187976937466   546.682224844318   540.721700143068   538.932635249632   541.321289938413   540.742551129017
 0.6226725332  0.6226736718    552.06912896118   546.682224844318   543.438561082101   549.239765684854    542.44157829175   542.853339182738
 0.6233742242  0.6233749846    552.06912896118   553.462187138706   555.732791034286   553.249031971604   550.938393020109   550.696267681531
  0.625296861  0.6253025395    552.06912896118   551.231160239115   555.769176952782   556.477698899796   560.886205256128   559.511354514616
 0.6276862837  0.6276894918   537.863425345622   551.231160239115   555.119354664017   554.833251536934   544.706756235627   555.685081151252
  0.628996573  0.6289970586   552.187823410387   551.231160239115   545.468813661758   554.843890395941   546.808021168082   546.806120608316
#[time: 0.63]
 0.6344714079  0.6344720791   548.978608340864   551.231160239115     553.3762673776    552.86338700198   554.145474549621   556.814994974603
 0.6374208156  0.6374222433   548.978608340864   549.930534623687   551.222574668895   551.625585512575   541.297054268556   541.197617002576
 0.6385278374  0.6385278376   548.978608340864   549.930534623687   552.259822517738   552.832047530617   552.328720131013   552.848543335862
 0.6397846394  0.6397896912   548.978608340864   553.521632478104   548.042263581745   547.771018504013   548.406125877588   547.617446895622
#[time: 0.64]
 0.6409277132  0.6409312215   548.978608340864   545.784923632795   550.624307434807   549.142941581301   559.144810361542   554.888608302685
 0.6414372366   0.641437478   548.978608340864   551.602750070071   550.458049945045   549.572019560299    548.81782138456   546.912942143685
 0.6458878283  0.6458878285   548.978608340864   551.602750070071   554.155307876334   555.475366213146   554.158731381704   555.504801756766
 0.6465049176  0.6465049799   548.978608340864   554.915572526315    552.57899524176   553.229299013531   550.360662522246   548.417845566715
#[time: 0.65]
  0.650294931  0.6502964493   548.978608340864   549.747700504968   553.911559493985   556.754565043242   555.894006223938   557.064140190674
 0.6566461274  0.6566472542   548.978608340864   558.942302176043   553.711224607977   554.311743382272   554.322458359374   556.505440683506
 0.6568927887  0.6568932561   569.729523848281   558.942302176043   553.880096611349   556.998116869847   567.751495631448   564.445157160389
 0.6574498884  0.6574499347   569.729523848281   572.815090692094   574.788248183672   566.776709329844   571.191624356315   571.109392391105
 0.6589072748  0.6589073273   569.729523848281   571.987821550465   576.529739085271   579.120877524324   577.151913714542   579.703588137978
#[time: 0.66]
 0.6645055359  0.6645058078   578.064613054893   571.987821550465   572.995608050672   573.992721635557   568.967410761699   569.936474126911
#[time: 0.67]
  0.670008872  0.6700088722   578.064613054893   571.987821550465   579.645854776274   577.375127198227    579.61867672046   577.333919018759
 0.6705074309  0.6705085701   578.064613054893   578.711961936792   578.395571775706   576.865341637759   572.140242545298   571.846653828538
 0.6741032502   0.674103974   578.064613054893   579.936021928597   583.203158970618   583.688388892835   573.292364080815   572.682691530002
 0.6780799164  0.6780803236   578.064613054893   576.979930410788   582.764365203551   583.778783648185   581.762392563573   579.511751256051
 0.6797442819  0.6797493561   578.800535086254   576.979930410788   577.865001261844   577.823352993775    570.57323558327   571.678354304857
#[time: 0.68]
 0.6808422727  0.6808422965   568.382667471563   576.979930410788   584.401800082044   582.798143449844   574.044152101759   585.079247149324
 0.6812325253  0.6812333928   587.360907696192   576.979930410788   575.090189665552   581.716255937975    584.11518810216   581.974598778826
 0.6818497019  0.6818497568   593.684591941701   576.979930410788    592.57723804741   584.096692364818   590.542038682054   584.943371783943
 0.6823158844  0.6823245487   593.684591941701   594.599649840575    594.88069318837   585.413701487639   586.361197108085    585.89618654632
 0.6824763422  0.6824771038   593.684591941701   597.858631893763   596.928578722111   597.253313012973   594.542764822829   593.403067055905
 0.6853385299   0.685339222   603.485530687056   597.858631893763    597.53916013748   598.388927041847   595.096481564929   596.232113920717
 0.6872885064  0.6872889428   603.485530687056   607.304994164178   606.001922881145    603.20884242751   606.206947391089   606.719330791009
 0.6875785301  0.6875821336   608.923401479153   607.304994164178   609.207725552554   611.633630978291   602.524967969612   602.897103459037
#[time: 0.69]
 0.6903995016  0.6904008631   608.923401479153   603.558355373103   610.698183782328   610.039809189873   616.925149397004   610.168019888175
  0.695917506  0.6959184667   608.923401479153   607.230123873579     608.4187146094   607.529441407708   611.336862554701   608.529982202686
 0.6979955036  0.6979970899   608.923401479153   604.000340768768   612.243138724882   611.700804809464   610.437886855399    608.40569571961
 0.6981374346  0.6981414156   608.923401479153    611.59027683671   612.125681245146   609.264761960656    601.87581274621   602.017902724446
 0.6988874177  0.6988884883   617.684936464777    611.59027683671   613.953387525299   615.426474068481   608.995547258225   611.001527263346
 0.6996880963  0.6996944914   612.865937585649    611.59027683671   620.362820713519   616.493768575867   608.074571175803   608.620062830469
 0.6998708438  0.6998719917   612.865937585649   611.760496201557    614.66955278931   614.260398795199   604.937009808409   605.614132609261
#[time: 0.7]
 0.7022274832  0.7022274834   612.865937585649   611.760496201557   615.702347201402   615.283061216516   615.554135593395   615.136562638991
 0.7030580689   0.703063285   604.419835615528   611.760496201557   617.142899473164   616.359902440594   609.326300225991   614.687855090266
 0.7034338072  0.7034374794   604.419835615528    606.70940078968   609.296211714662   611.707868905854   598.290565848277   598.287523758071
 0.7035915635  0.7035918025    611.96046405532    606.70940078968   610.100749855623   611.642429817194   604.964693254931    606.28052691507
 0.7048671452  0.7048686385    611.96046405532   613.124022047953   614.551295085424   612.455865331224   610.378500710114   609.909488688042
  0.705544408  0.7055465166    611.96046405532   614.797771800574   614.898679426275   615.431106398629    610.58878840331    609.62792197719
 0.7088409582  0.7088410263    611.96046405532   605.687019058714   617.005370438289   618.357416438357   619.470958619992   610.709840179406
  0.709375869  0.7093766437    611.96046405532   614.250554234452   612.996007715803   610.666026595987   607.018066506802    605.90863004662
 0.7096277315  0.7096277317   611.960464055319   614.250554234452   616.751525099374   618.154239791937    616.69783289645   618.043593413862
#[time: 0.71]
 0.7122840622  0.7122877207   611.960464055319   616.443879693595   616.783908558934   617.482160333349   614.242783248079   614.427720224507
 0.7147754205  0.7147754961   617.726729981499   616.443879693595   618.520612697457   621.494055843348   620.412228810798   619.885199295197
 0.7185237099  0.7185238159   621.084375059528   616.443879693595   625.531210041584   624.311409976286   624.579263384469   621.914177450501
#[time: 0.72]
 0.7230211571  0.7230220533   620.776375787328   616.443879693595   623.124890253105   621.341475310061   615.615059415364   617.382719679502
  0.724764434  0.7247644348   620.776375787328   616.703779026725   624.917352521099   621.851610214028   624.771467497436    622.52866049815
 0.7255824407  0.7255845427   617.749655905202   616.703779026725    626.75121329539   623.018117067665   611.114005667181   611.880676410963
 0.7293462861  0.7293475018   620.188141313814   616.703779026725   620.770419224675   620.242379838664   610.942269391738   611.238325678892
#[time: 0.73]
 0.7306343237  0.7306390359   620.188141313814   622.193402426985   622.218479132761   620.981641271847   612.653148641714    612.95295216787
 0.7307154933  0.7307202516   628.363373645654   622.193402426985   623.519841144707    623.84724042562   628.547277365573   625.521925903806
 0.7318660506  0.7318660508   628.363373645654   622.193402426985   632.391469624969   628.956494558252   632.344798276017   628.883842505951
 0.7318979103  0.7318979742   623.224924856546   622.193402426985   628.403644414299   626.126525563186   629.304626344555   628.095022592512
 0.7335363177  0.7335365835   640.013600835662   622.193402426985   626.990086295015   626.419790575715   636.939581349864   628.359471109511
 0.7346203273   0.734620363   640.013600835662   629.430003066805   638.595246972901   629.712181279057   642.955791684481   634.107745991392
 0.7351763733  0.7351797323   630.236563513525   629.430003066805   644.260698867852     634.8948811404   621.618759802411      621.897304261
 0.7355780021  0.7355847472   631.841465668896   629.430003066805   634.527330085702   634.087438810271   622.202313993944   622.749056168236
 0.7381068007  0.7381068009   631.841465668896   629.430003066805   636.828570170227   635.369237713607   637.132694956896   635.616415046315
 0.7396448595   0.739647158   632.426369448651   629.430003066805   631.526053882922   631.357681466182   629.518671557781   629.751743544388
#[time: 0.74]
 0.7414727805  0.7414727807   632.426369448651   629.430003066805   631.873362573674   631.617134919006   631.857010137111   631.616250993392
 0.7414729217  0.7414743811   632.426369448651   636.055823255435   633.774097684468   632.909865927957   629.063982986145   627.999264307428
 0.7418895403  0.7418895791   636.981379193292   636.055823255435   637.799225721023   639.047934786906   639.862448456375   639.379118223001
 0.7434289085  0.7434296384   636.617453589933   636.055823255435   638.825802348197   638.592510752433   628.730517156188   628.850417967834
 0.7444908446  0.7444913408   636.617453589933   639.466378782997   640.488186715852   640.021373851882   637.787784594769   637.555821519719
 0.7483721449  0.7483726845   649.590805676038   639.466378782997   642.399895035358   644.017121426614   648.409928127184   645.584249757241
 0.7491975498  0.7491975615   649.590805676038     642.9636744633   653.664252510589   647.031270308925   655.515877307532   648.424161168489
  0.749306579  0.7493093599   649.590805676038   650.691852965453   650.455651987933    648.02812724013   650.432076462857   651.076550255236
#[time: 0.75]
  0.751296291  0.7513000298   649.590805676038   653.082664549853   653.406832735319   653.919363794151   645.075063110565   644.684681784487
 0.7544378554  0.7544393836   649.590805676038   659.086553723922   653.460061809932   655.394436211392   653.476386006522   652.007126760185
   0.75548417  0.7554852643   663.110352373861   659.086553723922   656.401820257516   661.413975403249    662.45820511972   661.933040016634
 0.7557478366  0.7557480842   663.110352373861   664.076488752105    663.64243395627   662.821816858106   656.757187018355   656.271486389189
 0.7579315642  0.7579319827    665.41172765333   664.076488752105    662.95007053025   662.814256506947   656.518501558535   656.562448217301
 0.7589986763  0.7590009339   664.810300446912   664.076488752105   666.118116539088   665.899494541218   657.330002876973   658.190115924037
 0.7598135151  0.7598161628    683.35738544856   664.076488752105   669.076432540306   668.796237297775   680.689220445198   668.394310856165
#[time: 0.76]
 0.7602835221  0.7602845458    683.35738544856   682.685213681184   683.995202564423   671.554147829473   692.251985342818   691.165719889832
#[time: 0.77]
 0.7722253008  0.7722253295    683.35738544856   685.414674962866   684.839568948427    684.64617093187   682.031283393724   681.316719957268
  0.772265626  0.7722659903    683.35738544856   683.967810823363   688.645751463608   689.561132406854   675.893386223821   675.899238889952
 0.7741266486   0.774126686    683.35738544856   686.614415517677   687.732378252116   688.082471285078   685.645581655258   687.242777579212
 0.7742586088   0.774258609    683.35738544856   686.614415517677   687.481063430551   689.712912398644    687.29651015454   689.521478512765
 0.7743505052  0.7743510395   685.516207804559   686.614415517677   686.720759072647   687.618942634132   690.793278514466   691.611374462785
 0.7759183491  0.7759226529   695.911081802278   686.614415517677   690.993659577582   691.517611431047   692.710817540246   691.564784189239
 0.7786898919  0.7786935596   687.859302188457   686.614415517677   698.032290574894   691.908918477684   678.473328524858   678.788072059225
 0.7790281309  0.7790283045   688.712511950535   686.614415517677   691.550894929183   690.892098613775   681.909270772902   682.710678586599
#[time: 0.78]
 0.7816093463  0.7816097629   688.712511950535   694.699273115104   692.284435621685   691.056690507754   692.276612124268   693.396669494523
 0.7828005947   0.782801677   695.613878834576   694.699273115104   692.368785604652   693.102619946442   689.341923319652   689.902093724258
 0.7838020416  0.7838030757   695.613878834576   709.893308033873   701.493777128753   700.863777495669   701.406434428426   709.014178819694
 0.7847495074  0.7847500945   695.613878834576   691.792143148988   701.001161927622   712.646340620968   703.211547545475   698.314632229897
 0.7865273686  0.7865277574   695.613878834576   696.911448718984   695.496481247373   695.128728862735   688.424542072346   687.455161115879
 0.7866919075  0.7866919077   695.613878834576   696.911448718984    700.55759724132   701.032468227563   700.443751086629   700.881832286981
 0.7867129438  0.7867198976   695.613878834576   696.585799190897   701.211625171103   702.469061542655   695.372312473235   695.215201915679
 0.7886307354  0.7886307822   695.613878834576   697.206202868306   701.775065981594   702.328183817675   697.621322251496    698.47216928692
 0.7893278794  0.7893322284   695.613878834576   694.642161250078     699.9339044268   700.586511031335   703.466706880028   702.222708748627
 0.7894917763  0.7894936163   695.394517080193   694.642161250078   698.586806671483   698.127996328406   689.012996566201   689.259670973516
#[time: 0.79]
 0.7926484644  0.7926502937   695.394517080193   703.507886664093   698.606972655367   698.273010731314   701.333377499164   703.572596958765
 0.7926872809  0.7926899366   700.619798860158   703.507886664093   701.617922030795    706.17359219529   708.165174457359   710.859822069207
 0.7934965019  0.7934977915    707.92235342701   703.507886664093   704.614638004563   705.445314738444   706.934529485029    706.38165851818
  0.793548056  0.7935480562    707.92235342701   703.507886664093   710.407788695513   708.483163553359   710.390717795301    708.50146303351
 0.7943187814  0.7943189557    707.92235342701   697.125793057362   709.197279816501   707.485760706846   713.671600272597   702.099542951894
 0.7950454794  0.7950459277    707.92235342701   697.338680015368    712.58069982246   704.077556854698    716.61825948382   703.259026258322
 0.7953725932  0.7953741978    707.92235342701   711.725420480713   709.689072433186   703.974765325567   709.480017938376   708.707450308156
 0.7961764345  0.7961795688   712.681268322477   711.725420480713   710.880922189909   711.555001754921   705.032023225337   705.108399151076
 0.7968940355  0.7968940533   713.298609470864   711.725420480713   714.745854049591   714.433553920252   709.791406114116   710.501196158467
#[time: 0.8]
 0.8001949571  0.8001949582     715.8767433058   711.725420480713   715.897470372953   715.312960775935   716.540338040619   715.153566997035
 0.8003147354  0.8003157695     715.8767433058   718.851317281739   721.138760237195   718.099107741056   713.368626382287   712.231438705172
 0.8017011913  0.8017014971   720.758241547396   718.851317281739   723.993546321144   726.702923145813   712.230671301892   711.910245440111
 0.8043398314  0.8043398332   720.758241547396   719.413636109424   725.290835469533   724.280438422706   725.025890338075   723.995681813641
 0.8084766856  0.8084822358   720.758241547396   722.281211721824   722.816569360578   722.484706021037   715.499141315605   714.787960499834
 0.8093302454   0.809331914   720.758241547396   721.766161907482   723.782995779967   724.140666210412   717.401155492058   716.912232178348
 0.8096368063  0.8096424033   723.527863006322   721.766161907482   725.272194855217   725.733653536927   714.961491967415   715.802262711028
#[time: 0.81]
 0.8107676821  0.8107685485   723.527863006322   716.819591231418   722.339154253948   722.397249439759   728.143395974375   721.324059186226
 0.8124848589   0.812488071   717.637675451075   716.819591231418   725.261346708232    721.75486387854   710.239626494247   710.807074420753
 0.8134616612  0.8134622847   717.637675451075   729.810599638318   720.887863716015   720.573133494445   721.938079624544   728.048883233108
 0.8142372882  0.8142377535   740.323770353004   729.810599638318   724.090900770941   732.188895087074   739.262767790864    735.77528062172
 0.8148262937   0.814827424   731.394458321666   729.810599638318   740.994495838798   735.459851325938   721.518768242999   721.250889343507
 0.8149467371   0.814947135   731.392518867946   729.810599638318    736.44301147845    735.27622901143   725.290444202544   725.382468345959
 0.8162540071  0.8162572306    734.42697857118   729.810599638318   732.879739436889   732.525038779469   731.704306969796   731.885007863039
 0.8174775578  0.8174775745    734.42697857118   737.701535032908    734.93173374678   733.904751353039   735.504005690164    735.12518901663
 0.8190065092  0.8190077661   738.632394816742   737.701535032908   735.700168455106   735.564790054969   737.108817320194   737.185573973665
#[time: 0.82]
 0.8209697817  0.8209700047   739.879030707966   737.701535032908   738.171682243901   738.171196945995   730.296967798288   730.898322980483
 0.8210128884  0.8210128886   739.879030707966   737.701535032909   742.925514453714    741.97314534953   743.234108060737   742.179897997125
 0.8211468784  0.8211474014   739.879030707966   742.366548237263   739.116126552556   739.037991496806   740.780912767152   740.298505655126
 0.8226893192  0.8226893477   739.879030707966    734.89969508066    745.21846970438   747.533818868474   748.314553163485   739.852759410292
 0.8243257672  0.8243277792   739.879030707966   734.692955614849   745.382655284192   740.558983191472   740.121912029839    738.59231995755
 0.8295764348  0.8295798304   739.879030707966   736.826394959139   739.841563322708   738.719703902986   743.676911724411   740.909144172454
#[time: 0.83]
 0.8313444347  0.8313444349   739.879030707966    736.82639495914   745.505535459395   743.411230075311   745.437381738146    743.33016277178
  0.833963803  0.8339656739   739.879030707966   742.947636302849   744.855413177901   742.253666659236   734.870265640983   734.057871738318
 0.8354085518   0.835408629   739.879030707966   750.023703656997    743.83227681356   745.295762444899   745.057630754744   747.295801547087
 0.8371840804   0.837185595   756.508878323159   750.023703656997   747.802745134643   753.856821849279   759.191414143089   754.819353843097
 0.8386636117  0.8386636119   756.508878323159   750.023703656997   754.515819235445   753.748758815456    754.74362742123   753.806629033389
 0.8390672284  0.8390672286   756.508878323159   750.023703656997   756.314160232526   754.493941467583   756.280276495886   754.525649390332
 0.8396569752  0.8396571408   756.508878323159   751.861090029871   759.471809327062   756.255012631934   763.587966538235   756.638419900469
  0.839934919  0.8399401736   756.508878323159   751.580786797981    762.90011178305   758.155802894967   766.995584103314   761.051573226731
#[time: 0.84]
 0.8412388066  0.8412391693   756.508878323159   759.969667209968   756.620359107411   755.202469845999   749.160876997035   749.724653930892
 0.8420067142  0.8420067205   756.826227151213   759.969667209968   760.498561360475   761.647667523559   759.715593108944   761.034118103904
 0.8425494882  0.8425516613   756.826227151213   760.931472274188   759.819969819923   760.549276574496    751.76523327636   751.112171251449
 0.8431291491  0.8431291493   756.826227151213   760.931472274188   762.169966520731   764.873988743577   761.660995963471   764.222689625364
 0.8439474591  0.8439488453   762.167135919532   760.931472274188   760.550231394179   763.504176383306   753.339979814585    753.33180434979
 0.8486783828  0.8486786015   762.167135919532   765.247323057218   763.400994427714    763.16924333001   762.415294240544   761.833283919808
 0.8499722527  0.8499780604   773.645703354291   765.247323057218   767.744142606816   769.642705227484   770.582170481519   769.569007042368
#[time: 0.85]
 0.8507750913  0.8507762847   766.844171623113   765.247323057218   777.238384117184   772.466948674411   758.974612540815   759.343044017492
 0.8539083996  0.8539090009   766.844171623113   766.149653536323   766.501692800764   766.405584122295    759.60258617715   760.471287230883
 0.8542722138   0.854273164   766.844171623113    771.85766002837   771.657815932527   771.228733127534   760.641854593175   761.819572125139
 0.8555481809  0.8555485087   771.214557096278    771.85766002837   772.895862606783   775.633972058937   775.421254001413   776.167588241741
 0.8557032787  0.8557036341   773.468735507434    771.85766002837   773.954659176762   774.150871027731   765.477512391605   766.588074983219
 0.8576679047  0.8576702628   769.790829628868    771.85766002837   777.180380827704    776.25709323658    774.64618859186   777.989403535804
 0.8576853125  0.8576882059   772.938009799208    771.85766002837   774.058505509603   774.866587481826    762.90771073675   763.354207817238
#[time: 0.86]
 0.8610407425  0.8610416707   773.988640107034    771.85766002837   774.009820307351   773.809915859516   768.569431248983   768.956064917745
 0.8617646141  0.8617646143   773.988640107034    771.85766002837   778.478818392145   776.458341493018   778.468552104026   776.441109243816
 0.8618626878  0.8618630154   773.988640107034   775.933079423786   777.776194150231   776.599576634968   781.677502516272   784.072062746274
 0.8638776546  0.8638804436   773.988640107034   776.288568695107   778.095287491902   778.884563022609   768.751432728853   768.847594605866
 0.8658195399  0.8658203552   775.262608100552   776.288568695107    778.11697417877   779.106635805496    766.84199184071   766.753858264135
 0.8669207896  0.8669210543   778.069520060475   776.288568695107   779.543000196403    780.01774804158   768.084922779592    769.37780613601
 0.8692141235  0.8692168035   773.638077706921   776.288568695107   780.971709122931   779.972973609927   771.943071861965   770.601067648088
#[time: 0.87]
 0.8705427884  0.8705480057   778.926337719713   776.288568695107   776.130024272418   776.508559436704   772.409741466632   773.535497822289
  0.872415703  0.8724157032   778.926337719713   776.288568695107   779.570522807068   779.155823645831   779.652584448546   779.252535831985
 0.8736470728  0.8736473903   778.926337719713   782.139688973623    781.90768325127   780.867919641029   778.110862059597   774.363418531031
 0.8736933003  0.8736962808   783.592253850645   782.139688973623   783.761389888577   784.773659419922   779.523722243034   780.656006009562
 0.8754601224  0.8754601283   783.592253850645   784.716090447969   787.789072521003   787.105254021975   785.053127151331   785.373700618703
 0.8776540171   0.877654127   788.674700592695   784.716090447969   785.384771643376   785.566372896881   785.620525115182   785.970626598286
  0.877740921  0.8777423388   788.674700592695   787.890954424536   790.263514282895    788.35954003772   780.712703814783   780.705798154582
 0.8779996677  0.8779997045   781.143232535147   787.890954424536   793.200006710477   792.674970954432   786.504314195552   792.189696894713
 0.8789054012  0.8789056055   790.038725675508   787.890954424536   785.252887029592   786.022942465401   787.683903307607   788.021317339378
#[time: 0.88]
 0.8817407393  0.8817414859   789.840101898242   787.890954424536   794.578482832046   793.489534427865   781.705391651298   783.091211036271
 0.8854310923   0.885431467   789.236458106285   787.890954424536   788.795312877721   788.809660027459   782.357985374931   782.555266078968
 0.8857019598  0.8857059094   789.236458106285   786.955954869554   790.445466082462   790.017577612724   798.330067182233   795.355841492193
  0.889122203  0.8891222229   789.236458106285   782.626786057156   787.537256608616   787.893702799904   793.849714489503   786.686932137142
 0.8892865711   0.889286665   778.068115158581   782.626786057156     797.0908055352   790.917114175554   783.645684589957   791.322369573898
#[time: 0.89]
 0.8932901503  0.8932905095   779.627038571608   782.626786057156   781.923120081793   783.326205171101   786.903525419437   791.088998160484
 0.8933229932  0.8933261924   779.627038571608   780.799039120128   782.495258564423    784.06394293461    774.70191123219   774.389841804783
 0.8967683958  0.8967685059   779.627038571608   783.832909310946   783.125572338741   784.743734979569   774.594560765961   774.918257084016
  0.897624895  0.8976254213   779.868716783345   783.832909310946   786.658223580618   789.103351727718   788.666804353594   793.545348545736
 0.8976776126  0.8976784151   779.868716783345   783.985168503234   785.304819318597   787.025242851446   780.602669637167   779.943900049638
#[time: 0.9]
 0.9002342269  0.9002342271   779.868716783344   783.985168503234   782.658482789325   783.485259713351   782.708679789353   783.515802723404
 0.9012775628  0.9012808398   779.868716783344     790.0130569064   786.476024764566   789.945190305568   785.797403992738   792.075820456218
 0.9039953977  0.9040000931    800.75518420509     790.0130569064   785.180183804367   785.706147161185   798.040718677443   795.474082802115
 0.9043646839  0.9043647965    800.75518420509   805.792461037933   799.718512547857   794.861724232943   797.959117951405     796.1687319357
 0.9070147019  0.9070162123   809.927531970129   805.792461037933   804.987114132166   806.069276462648   807.447059097876   807.649397559832
 0.9070757979  0.9070759831   807.144177874132   805.792461037933    812.18122702499   810.707505875403   807.760956978585   807.533199306407
 0.9074095611  0.9074139046    808.68655848762   805.792461037933   813.539071863171   812.441904182114   799.861841053214   800.144353472981
 0.9078689227  0.9078689906    800.25293256776   805.792461037933   811.422269373324   810.286750906637   806.868480133312    812.41135446311
 0.9083885962  0.9083897824    800.25293256776    794.01288140841   803.908176680266   807.090587489675   808.559677318021   800.094805894728
 0.9084516391  0.9084517188   796.686520911952    794.01288140841   803.192280118207   799.818127063633   794.289363524468   794.532038826852
 0.9085363312  0.9085390474   796.686520911952   799.278237528185   795.404737389544   795.391636549181   798.499326555288   798.699462987937
 0.9093795814  0.9093795816   796.686520911952   799.278237528185   799.571208483966   800.254810578464   799.653140237934   800.321194323257
  0.909609634  0.9096098336   796.686520911952   799.820908299892   799.306367181346   799.891135433614   795.070618650674   794.429570220673
#[time: 0.91]
 0.9117450298  0.9117533555   802.887514725356   799.820908299892    800.35784641627   801.770213688523   799.921226583456   800.406896622713
 0.9135013971  0.9135014427   811.867782653423   799.820908299892   804.242335122984   803.429391689122   809.898803012191   805.133053756198
 0.9140102237  0.9140131054   811.867782653423   812.883638732787   810.683603741663   804.874293266796   807.318430353352   806.658165490629
 0.9140189988  0.9140195181   811.867782653423   814.554741325586    814.41754894648   814.701146809556    818.85231983229   821.335008472502
 0.9146816583  0.9146869417   815.179397256485   814.554741325586   816.266062122183   817.431185610537   804.992629946349   805.212620966731
 0.9164907742  0.9164907744   815.179397256485   814.554741325586   818.390149691609   818.181758992745   818.588473562151   818.391721883685
 0.9177371821  0.9177411206   815.179397256485    819.56997417221   821.439311097737   820.984610369946     817.4771602335   817.600763683938
 0.9185299086  0.9185299095   815.179397256485   818.727083665651   819.500398182036   822.228565374573   819.747168750223   822.225675466571
 0.9199293358  0.9199297364   815.179397256485    820.60369659358   819.934128066595   821.840937075192   815.061272068175   813.437249039392
#[time: 0.92]
 0.9217997816  0.9217997818   815.179397256485    820.60369659358   819.995041970636   824.484952954016   819.638687851902   824.253243272304
 0.9231221136  0.9231221201   821.657827904752    820.60369659358   820.836865736476     823.3776038005   820.574288466942   820.700925393999
 0.9231240492  0.9231240494   821.657827904752    820.60369659358    827.73287586644   827.010328113426   827.056728649471   826.370551337566
 0.9241270243  0.9241277226   821.613872889434    820.60369659358     824.3009882163   823.940029053313   813.279574958488   813.646268578124
 0.9298283733  0.9298283735   821.613872889433    820.60369659358    821.62672246026   821.544616292072   821.769835698023   821.661119284514
#[time: 0.93]
 0.9344439424  0.9344439426   821.613872889433    820.60369659358   822.150340913448   822.023902803299    822.40443796196   822.255237903373
#[time: 0.94]
 0.9405011513  0.9405021453   821.528222664104    820.60369659358   824.351934643984   823.959855378678   814.014725239215   813.943898957088
 0.9414461783  0.9414461955    833.74196477718    820.60369659358   824.714884270359   824.082387354815   831.704899853717    827.72921919653
 0.9416341075  0.9416406757   821.715080660015    820.60369659358   832.921600200722   826.927857086031   815.872593440189   816.860909940686
 0.9451149514   0.945117977   821.715080660015   822.513854646703   827.069664153663   826.012738773383   816.466762358408   814.776971789135
#[time: 0.95]
 0.9510354849  0.9510354851   821.715080660015   822.513854646703    829.93800604456   830.804553588826   829.873455728586   830.729736623792
 0.9512808455  0.9512810508   824.115978963005   822.513854646703    824.40362756756   824.677506768062   814.025032452767   814.192125878888
 0.9520964165   0.952097558    824.24315182152   822.513854646703   829.185868175425   828.215699505873   817.446086485406   818.461369146879
 0.9576181328  0.9576181595    824.24315182152   834.804384842218   827.638146834329   826.512795090085   827.528193986493   833.070745111091
 0.9584423156  0.9584460585    824.24315182152   825.757553843284   831.016430766397   838.302298321682   821.231978526766   819.415599941867
#[time: 0.96]
 0.9603467295  0.9603490113   822.366160026784   825.757553843284   826.561937552375   826.966096826051   824.816123020383   825.254898088654
 0.9633257866  0.9633292489   827.326011714542   825.757553843284   826.856808588276   828.832472225612   818.501932970122   818.241865667266
 0.9657920641  0.9657920907   831.881362252594   825.757553843284   827.198946928563   827.095570854679    826.95406064422    827.74889872613
 0.9673046865  0.9673050413   827.316288340347   825.757553843284   837.895705144839   832.681619297594   826.370910312107   826.406312089526
#[time: 0.97]
 0.9705034985  0.9705040266   821.339101925179   825.757553843284   831.030486979572   830.064763668517   829.807323763369   835.338957750524
 0.9709825301  0.9709825303   821.339101925179   825.757553843284   827.426021276671   829.761334482225   827.358191763751   829.688690108853
 0.9716149936  0.9716174008   821.339101925179   817.690573603852   824.536720840554   825.162316734487    828.45092447064   824.924632373864
 0.9720851584  0.9720851586   821.339101925179   817.690573603851   822.573423925681   821.747253759279    822.83229658212   821.953687570471
 0.9730022237  0.9730023047   807.899506042045   817.690573603851   825.252742239553   822.783976701538   814.114161113736   824.996603464601
 0.9732330385  0.9732338219   818.541250917999   817.690573603851   815.801532187702   822.421079158725   826.531010653326   825.673433357946
 0.9746928389  0.9746938618   820.099383850367   817.690573603851   820.636963603051   820.352725135127   813.524725771526   814.616893362949
 0.9748299354  0.9748299387   820.099383850367   818.959060394083   822.711884179091   821.726783563068    823.05325039181   822.580482086766
 0.9775046582  0.9775054401   820.099383850367   821.491146748094   822.994624724785   822.553263726568   818.377863217239   817.849316617871
 0.9779378628  0.9779411006   820.099383850367   821.760764633763   824.197718409176   824.867242445385   813.732941390103   813.495954672363
#[time: 0.98]
 0.9807521967  0.9807607951   822.415439064123   821.760764633763   825.225463930183   825.999721671231   812.435091457188   812.900398985482
 0.9811115323  0.9811123702   823.768056391142   821.760764633763    826.18568247981   825.834859727065   814.581201277464   815.065426146467
 0.9825953976   0.982595431   823.768056391142   831.488252397802   826.828037516804   825.859477585944   830.579336716681   836.184480869756
 0.9834193669  0.9834276272   832.205755170305   831.488252397802   828.362594988204   829.283039005288   822.519049368217   822.551700720518
 0.9847235659  0.9847244016   834.933278345935   831.488252397802   837.524713544053   837.098997576194   825.829269250152   826.936528920233
 0.9857854518    0.98578855   834.933278345935   838.708322037829   838.802277947026    836.09827053677   836.367080213868   835.516443242297
 0.9864363465   0.986437028   839.871407622422   838.708322037829    840.80717565316   843.285746715311   839.300920282477   839.285620615283
 0.9896965765  0.9897018142   835.998199087069   838.708322037829   842.461092104908   841.990771237534   841.710205920186   844.792729805207
 0.9898997852  0.9899001188   835.998199087069   827.609591597623   843.842165712197   846.415275531457   841.851096111711   833.950345330228
#[time: 0.99]
 0.9907679172  0.9907687806   835.998199087069    830.66792002952   836.980403928461    832.59392853589   842.797813870738   837.599606508395
 0.9910626825  0.9910636769   833.040917498132    830.66792002952   834.453634181341   833.620049210389   826.395957170003   827.008639951064
 0.9917918734  0.9917918736   833.040917498132    830.66792002952    834.65862957263    833.51686788482    834.69632440749   833.610061618957
 0.9927492923   0.992749703   831.380042509228    830.66792002952   834.659213667999   834.029633699248   834.054263199363   833.802045972614
 0.9964973304  0.9964973384   831.380042509228     827.8391003714    836.84703934907   836.310170041746   834.302957559466   831.781954934167
  0.998649608  0.9986496082   831.380042509228     827.8391003714   831.896059080606   831.216238985438   831.955932161954   831.273878856999
 0.9997293135    0.99973336   818.377770511595     827.8391003714   831.707133233493    830.91192932916   821.783952163006   829.118220865315
