# command line: ./generate_stepping_data --k_b 100000000.0 --k_ub 100 --cb 0.1 --cm 1.5 --ct 0.6 --ls 10.49 --lt 23.8 --eqb 120 --eqmpre 200 --eqmpost 224 --eqt 0 --dt 1e-10 --label paramSearch-highm --seed 1.0 --runtime 1.0 --framerate 1e-10 --nomovie --exp-unbinding-constant -2.0



#********paramSearch-highm__k_b-1e+08,k_ub-100,c--2,cb-0.1,cm-1.5,ct-0.6,ls-10.49,lt-23.8,seed-1,dt-1e-10********
#time_unbind, time_bind, nbx_bind, fbx_bind, nmx_unbind, fmx_unbind, nmx_bind, fmx_bind
#[time: 0]
 0.0010245616  0.0010268391                  0  -0.98162427206291   1.77390180079289   1.93879300651336  -7.91934857443336  -7.85670811378587
 0.0018197011   0.001833548   2.48133451668951  -0.98162427206291  0.125738296203073 0.0467412098799034  0.876653304722562   0.82294973971791
 0.0040200714  0.0040808412   2.48133451668951   4.59903658147068    2.4492753500241   1.92751826003334    2.9962673834282   2.58627877313217
 0.0044312915  0.0044431351   5.73974162796423   4.59903658147068   6.68836652390023   7.70842288623355   3.30282404470645   3.46089480905398
 0.0061433559  0.0061556965   6.45730772274884   4.59903658147068   7.40141168470893   7.15037956866247  -1.78693196436391  -1.43357101023533
 0.0071025904   0.007136539   6.45730772274884   10.3610594469015   10.1403871412472   9.07218542384989   11.9702960636537   14.7538123739308
 0.0082143898  0.0082262355   6.45730772274884  0.541593893518578   13.5744084563015   15.9836956120907   12.7540459116451   5.07708820681204
 0.0087027475  0.0087238166   7.93403084417431  0.541593893518578    10.698199745303   6.52862981920577   5.16971708031557   4.53677525674616
#[time: 0.01]
 0.0099667701    0.01003194   7.93403084417431   10.6536009541444   9.64089151053916    6.0832182746323   6.54510900489299   5.14508153138267
 0.0101438831  0.0101715242      15.2406976996   10.6536009541444   13.0157024799616   14.6895004932878   6.53491176637705    6.5161521425428
 0.0102424349  0.0102424354   16.8415983210404   10.6536009541444    15.061547207267   14.0191727768018   14.7717937684035   14.0412925712087
 0.0121500745  0.0121602433   15.2226462912267   10.6536009541444   19.0149338526579   15.4887401685453   18.1392683424285   16.0529808353078
 0.0127974738  0.0128249668   15.2226462912267   16.6574275064472   15.0315812660801   13.8607713959871   9.40414433450732   8.96639013755879
 0.0138562414   0.013867318   15.2226462912267    9.7190917834365   16.6557137626436    16.736765178262   14.9005928593047   13.7531280078271
 0.0144780893  0.0144920786   14.5739742528173    9.7190917834365   21.9619566559884   17.6723951792393   7.57945048543312   8.96103672176428
  0.016926595  0.0169822359   14.5739742528173   15.8069657962509   15.9913293907412   14.2419458964499   11.0465741337209   10.1427339349831
 0.0181218209  0.0181429167    20.649745174946   15.8069657962509   19.8277574168757   20.8123088861466   17.8636994146139   18.0061555072633
 0.0191836873  0.0191882393    20.649745174946    22.741090454705   23.9032665321534   21.5600716593685   19.8613410538321   18.5953484460471
#[time: 0.02]
 0.0246429943  0.0246482803   24.3803002395911    22.741090454705   24.0932734847058   25.1795783164546   15.8209916972141   16.0162088631066
 0.0255744446  0.0255801454   24.3803002395911   25.2892409151768   26.5040141759308   25.8556331902296   23.3571799188929   23.1794885233227
 0.0264317814  0.0264564579   24.3803002395911   26.3407184354564   28.0592895638697   28.4348256437883   23.5026979672305   22.8670409368912
  0.028694514  0.0287021661   24.3803002395911   18.3276627378899    28.226697521503   29.7801154185113   29.5014521959627   22.1506449155893
#[time: 0.03]
   0.03002881  0.0300714447   24.3803002395911   26.6636571359426   29.0162754658413   23.6201093259345   21.2404718276026   17.4310729053862
 0.0311389282  0.0311711424   24.3803002395911   26.3300184268948   26.0543307658171   26.2435769117728   15.7658972648087   16.1724497178219
 0.0339590638  0.0339688303   24.3803002395911   32.9777278904004   28.4665087116072   29.2989232721103   29.2456738741413   30.0931772802398
  0.034892503  0.0349008141   24.3803002395911   13.0648924228144   29.6314107135219   34.3148026294165   30.4944926754013   19.2768695830406
 0.0349099681  0.0349179709  -2.35185339650236   13.0648924228144    26.623486380196   19.2126886661932    4.4580478128793   17.0130304650987
  0.035032177   0.035090678  -2.35185339650236   -1.5245259362983   5.61400347367659   17.1248331072142  -7.46837406165147  -7.61601370211039
 0.0373247351  0.0373253782  -3.88037325494044   -1.5245259362983   2.25390442009152   2.77051067837871 0.0281675682905691   2.91697808838818
#[time: 0.04]
 0.0426662809  0.0426726229   -2.4522306106676   -1.5245259362983   -3.8832219505644  -4.07186633994585    4.8264690903492   5.86356810853921
#[time: 0.05]
 0.0505070747  0.0505170439 -0.493548995575949   -1.5245259362983  -1.27099548141999  -1.17544546648262  0.421967461943996  0.177428151909008
 0.0518327595  0.0518337308   1.69839075961787   -1.5245259362983   1.25222438286071  0.984204454758637  -5.87816059793505  -5.20505602964399
 0.0529246366  0.0529338617   1.69839075961787   5.28425331801181   6.09385784109656   4.46643397507678  -3.88582452581441  -3.64231039093976
 0.0552401941  0.0553037088    4.7254988198876   5.28425331801181   5.75103523251723   7.33768498978637 -0.0413317957868911 -0.125589369428794
 0.0597930653  0.0598026964   8.20029085311406   5.28425331801181   10.5720423456747   10.8487208899137  0.846995494834358   2.50503825074104
#[time: 0.06]
 0.0624680592  0.0624708149   8.20029085311406   12.6092618092204   11.0655101937337   8.93417139174595   3.27301696966748   3.79763859415982
 0.0634616198  0.0634776708   13.8637802899416   12.6092618092204   12.3575939430912   13.7268971144266   7.72621378054796   8.03326203021025
 0.0652463702  0.0652730943   13.8637802899416   15.1549002035321   17.9377564545301   17.2022641739411   5.13882985628961   5.18880119424549
 0.0669141711  0.0669258911   17.4271710204569   15.1549002035321   20.2209841637225   21.0578859698282   7.30551218679539   7.17341863761285
 0.0671509506  0.0671514727   17.4271710204569   35.4930615017574   19.9421298886268   18.9756047841555   24.4422889333348   34.4722347858242
 0.0674038398  0.0674165904   17.4271710204569   19.1845093693474   25.6866382676383     36.89632128574   11.7608672102587   11.2931768456769
 0.0677459858  0.0677696864   17.4271710204569   21.1994085585504    23.146120267128   24.3715231438986   17.3524036980806   14.3660386872603
 0.0693075823  0.0693518451   24.0397434880044   21.1994085585504   22.4306248228846   24.2432511450091   13.9275700585666   13.2439550187103
#[time: 0.07]
#[time: 0.08]
 0.0851708496  0.0852107925   24.0397434880044   27.3113575851806   23.1987796721449   23.0331587667938    21.340113880544   20.1498717026609
 0.0860907393  0.0861020697   28.8762395999169   27.3113575851806   28.2001959266068   29.3168845216878   20.8109905347294   21.9796967188905
 0.0875573377  0.0875591025   27.8134412871354   27.3113575851806   28.5937843490201   28.5256252752347   24.3524309337498   24.7372408732632
 0.0884340852  0.0884392422   27.8134412871354   32.4006474648974   28.4788512718158   28.4268746734285   28.5414981834285   27.2983952379073
#[time: 0.09]
 0.0900904594  0.0901028047   27.8134412871354    20.929006779577   30.2731860067632   30.4633081840811   27.6263839640423   25.3047271894236
 0.0910881463  0.0911117182   22.1521350285312    20.929006779577   33.5904717656278   27.5780783428873   13.2094784372068   13.0816898719226
 0.0925951072  0.0925975064   22.1521350285312   20.1572748500584   25.9218141138982   25.1173355148646   28.4327973253101   25.0898678132852
 0.0928568613  0.0928689529   20.8278806550166   20.1572748500584   22.4857496031519   22.1584309296402   16.8271652271535   17.1911407507116
 0.0964591051  0.0964753335   25.6159579670672   20.1572748500584   22.8532179810953   22.7187218286354    17.753865758014   19.9240790574839
  0.098609625  0.0986373583   25.6159579670672   22.3499774561169   28.6636653259782   25.6032905224109   32.1062956055664   26.4434233414147
 0.0994740687  0.0995245836    25.187562211778   22.3499774561169   28.2186475966429   27.0747675268501    20.767421083331   21.7402481547049
#[time: 0.1]
 0.1007656146  0.1007777139    25.187562211778   24.6626368775057   26.5549792090282   25.8622410112307   16.0127178826443   16.0544005237451
 0.1065600036  0.1066060567    25.187562211778   20.5622682613764   28.5719383811528   28.2444216133836   34.5443775050245   27.7365983568996
#[time: 0.11]
   0.11051987  0.1105662058    25.187562211778   29.1771426406928   28.9495467714559   26.0737915944526   24.0916806661643   21.1364357525136
 0.1110908154  0.1110941753    34.688097089262   29.1771426406928   30.1413057811784   31.9049395053281   29.3805103481482   31.4056667357539
 0.1140906004   0.114105037    34.688097089262   36.8379013436536   37.1294523757321    34.452109933635   32.5638019566257   31.0437857376119
 0.1163781261  0.1164090799   35.1221550165904   36.8379013436536   37.7403262352456   38.1199075605022    42.531494897031   44.6921804931228
 0.1183614891  0.1183720581   39.6074897327318   36.8379013436536   42.0577613577601   43.4249698747159   36.7645477343928   37.3207085890739
 0.1192201656  0.1192442843   39.6074897327318   40.1448660192421   38.2895731490894   38.2674745002213   33.6678945354263    33.259876504239
 0.1194547917  0.1194640491   36.0166998827551   40.1448660192421   44.7745159388327   45.1190250609707   38.2641558458413   42.1280243276858
#[time: 0.12]
 0.1230569378  0.1230632113   36.0166998827551   42.3388782262148   39.4659092423158   40.5330766304363   38.8566807939386   38.7030101230792
 0.1243067348  0.1243097537   36.0166998827551   32.7556377962639   42.8416987241387   48.0100712390447   40.0332911975018   37.5357538866821
 0.1260162685  0.1260245314    33.476110068802   32.7556377962639   39.7422425691086   38.1136318983663    30.454260969333   30.6686907935105
 0.1285387278  0.1285710441    33.476110068802   34.3805790267616     34.58605044582   34.3909992981708   24.8803724552531   24.7754269150445
 0.1286655235   0.128669835   36.0912589284544   34.3805790267616   38.5916160988266   39.0628449267713   30.3051575391673   31.2341265296428
#[time: 0.13]
 0.1307957036  0.1308130887   36.0912589284544   36.6407919874682   35.3973231942146   35.3650198879211   29.4967484849119   29.2655764726704
 0.1330280186  0.1330447016   36.0912589284544   38.2819156929029   41.4701837078882   41.8312208329629   33.9191359306523    32.184397837867
 0.1333071395  0.1333210172   46.0043487669392   38.2819156929029   39.9588387169863   40.7858010478128   36.1833484933465    36.136506806548
  0.135556594  0.1355592217   46.0043487669392    52.864419157092   48.6523085125626   44.1532901988677   49.8825480318849   50.9766161823937
 0.1361018122  0.1361080791   54.0097576593785    52.864419157092    51.286045509658   54.7326373145528   43.8360750064292   43.8123736196239
 0.1367342761  0.1367540676   56.1153008101923    52.864419157092   58.0764038024234   57.5793645054813   47.1245950877512    47.384597631823
#[time: 0.14]
 0.1414521901  0.1414546022   56.1153008101923   50.3313150618315   60.1846597632429   58.0632613883938   62.8539403691803   53.4881018577929
 0.1436074707  0.1436090654   56.1153008101923   56.7198226160341   55.5127653141042   54.0062123676929   55.7429345282553    55.698007903253
 0.1447075384  0.1447317774   56.1153008101923   57.2706853916961   61.5430629776194   61.8214687248393   52.0843114309607    51.696905895481
 0.1466762658  0.1466941919   60.3024287607737   57.2706853916961   57.4457493061834    57.598019695121   56.5034616658114    56.941217785769
 0.1467046798  0.1467664333   60.3024287607737   56.7448190117646   62.9965512207534   62.0225811405126   70.6440057185554   64.9335895595058
 0.1468925208  0.1468933172   60.3024287607737   58.9062129679594   63.1062880303138   61.7524305390999    53.696525848952   54.0129656943638
 0.1474614372  0.1474733655   60.3024287607737   63.5420371034167   62.8553397399066   62.4214445238666    61.775592874927   61.7204406509885
 0.1477474309  0.1477762212   53.9439652645093   63.5420371034167   63.5864304628305   64.3376303619518   58.2769859504297   64.4470419937288
#[time: 0.15]
  0.150309214  0.1503542158   53.9439652645093    59.099936724427   60.3694657269806   66.1823754219077   55.1420176046249   54.0096590007868
 0.1504817763  0.1504911334   57.8017413227099    59.099936724427   59.1118537277246     61.18251372041   60.7338179183138   61.6543831042687
 0.1511399981  0.1511452445   63.0647564776411    59.099936724427   62.2816878699908   62.7848364033246   61.2913574179579   61.1791338399065
 0.1511784673  0.1512310887   65.4912246645829    59.099936724427   63.7018975898738   62.2435394555843   55.2930568332351   56.4004570359012
 0.1564842843  0.1565275586   61.3490171113899    59.099936724427   69.3594258370064   64.9869484051888   51.7158012697814    52.020680699006
 0.1574823137   0.157495332   65.2403465191813    59.099936724427   64.6936788855825   63.4127205044778   58.1378399926737   60.0741782607127
 0.1589536003  0.1589703648   62.2448729498622    59.099936724427   67.9445005362328   65.2516511973105   53.3248469884519   53.0202386311032
#[time: 0.16]
 0.1611956577  0.1612703766   62.2448729498622   64.7140315633927    64.178091419731   63.4036270307642   62.3160950178526   62.1175203069643
  0.161753934  0.1617567939   62.2448729498622   65.3023031517712    67.863179095895   69.4083325295955   56.6766584877521   55.9874754327283
 0.1622022904    0.16220258   71.3681696632707   65.3023031517712   69.0182612387058   71.2789996833073   69.8649946262435   69.0137095937895
  0.162520144  0.1625249796   71.3681696632707   75.6676114328993   75.8491897688099   70.5535960985464   73.9970752896175   75.0664677163616
 0.1626182834  0.1626206572   71.3681696632707   73.8580269594114   73.7706143195004   73.9069277706728   70.1651449376363   69.3418428061439
 0.1631695879  0.1631752779   71.2348979801147   73.8580269594114   75.8292625578611   77.0155594643623   70.2457312437418   69.7249049477539
 0.1633822249  0.1633852725   75.9573751740376   73.8580269594114   77.3917581066797   79.5593293832742   67.2238470700071   67.2418877205539
 0.1639203058  0.1639366736   75.9573751740376   76.5808654023365    76.137728804127   75.5700371837909   70.1887020205279   69.4717546130592
 0.1650104345  0.1650474505   64.3037338615711   76.5808654023365    80.084645906388   80.4427402609283   69.2935726641453   81.7757642175874
 0.1653244451  0.1653393341   78.7993961123502   76.5808654023365   71.4221712878581   77.4242997612613   70.8645155859929   72.4702079517739
 0.1670756699  0.1670767931   78.7993961123502    77.867547653798    80.963375522189   80.5361181285486   74.4637112355435   74.6278312577771
  0.167083512  0.1670887076   78.7993961123502   80.0446493065108   79.8844551462703   79.7313090885193   71.2400345565081   71.2130157856788
 0.1672793997  0.1673298016   90.5130780961073   80.0446493065108      82.0148358275   82.6122293682676    87.623101481261   85.2960674021095
 0.1674683293   0.167488772   90.5130780961073   91.1700327818306   97.2038989771357   89.0210401800915   88.8002323759257   88.5750900598833
 0.1682261295  0.1682387423    90.148528188575   91.1700327818306   95.1300652500016   95.5544201847332   98.5835449041139   100.674560049862
#[time: 0.17]
 0.1728234448  0.1728325697   93.9251284682647   91.1700327818306   93.1372579896562   93.4537126851947   89.9580659982888   91.6344453721335
 0.1751528208  0.1751720331   93.9251284682647   96.4380443704729   94.9789486158101   94.1949150845233   96.9791131578185   97.4713243214058
 0.1763992344  0.1764330819   93.9251284682647   98.3798905096129   96.9373931776133   97.3882142518485   90.0291229687598   88.6738248965866
    0.1769412  0.1769582297   93.9251284682647   95.3971672722355   100.052319126067   102.588800183626   87.7733988524699   87.3521102045843
  0.177861426  0.1778728776   93.9251284682647   87.2549303830127   98.0940755779914   98.7187473470803   93.6639121115261   87.7804223717033
#[time: 0.18]
 0.1803812479   0.180389267   93.9251284682647   100.703647565906   100.299024354168   95.1350841206706   94.6093818669956   94.0034165058064
 0.1815867263  0.1815892828    101.81162852598   100.703647565906   99.1391455893406   101.965649853582   93.0758225033225   93.1165438260129
  0.182209924   0.182224965    101.81162852598   108.897380897547   105.095803139143    104.65525979231    105.11579065638   106.915461895377
 0.1840538817  0.1840704246    112.38076380675   108.897380897547   107.957478535926   111.692607436151   111.244893326592   110.995183113703
 0.1852656387  0.1852718279    112.38076380675   111.424311124299   111.777714473298   111.476035736034   105.220133162819   105.633546916004
  0.188560612  0.1885606302    112.38076380675   105.338095441347   117.881300535921   117.360852387276   117.892097168059   109.513523741634
 0.1890995473  0.1891082206   115.340561732444   105.338095441347   116.417524491146    112.05379344049   113.666387261173    110.32838459669
 0.1897511606  0.1897630343   115.340561732444   122.209821508841   114.154825125455   111.492068247435   118.914593529706   119.229686341527
#[time: 0.19]
 0.1900052321  0.1900146876    123.80340469459   122.209821508841   122.903981859766   127.485897587688   116.926761107285   117.459523547638
 0.1907893468  0.1908148517    123.80340469459   125.633139184833   130.640094686242   129.345428628923   119.919007582672   119.334011402224
 0.1908264565  0.1909030431   128.147881722165   125.633139184833   126.283474437901   126.714264917001   122.306795606636   123.651888375313
 0.1913650977  0.1913657046   126.509961883916   125.633139184833   128.327628671802    128.05264985313   119.150868550771    119.44255330255
 0.1945459271  0.1945478603   121.767199736762   125.633139184833   126.823784626149    126.71814724965   128.641615736152   133.230614466964
 0.1945522421  0.1945595777   117.698396522528   125.633139184833   127.770488830677   129.743804895437   120.577129645955   128.748687764845
 0.1953755005  0.1953782491   125.121161958147   125.633139184833   122.022987239345   124.405032336007   128.788253673873   129.209675088908
  0.195742856  0.1957938823   125.121161958147   126.603682121522   128.471717429012   128.658177200294   118.190178065891   118.474604027817
 0.1959080288  0.1959126317   125.121161958147   123.929092039756   130.541007644638   131.581727436644   121.431218790028   122.173430701451
 0.1981625676  0.1981968625   125.121161958147   127.673749443437   130.893771116179   129.916769213135   130.731320019493   134.513421947916
  0.198693218  0.1986962041   125.121161958147   122.801434375085   129.622775645363   130.577161760366   134.706137382863   131.438748421925
#[time: 0.2]
  0.201611555  0.2016722941   125.121161958147   127.067190914697   132.191898533632   130.378704441796   119.695641295055   118.829918329916
 0.2026005323  0.2026276301   115.805921715459   127.067190914697   127.454796139089   127.962868050792    123.03978667354   128.810884591243
 0.2032306411  0.2032374394   130.100282413457   127.067190914697    123.28718480149   132.448212085438   125.906497194215   126.477334730292
#[time: 0.21]
 0.2114839288  0.2114962679   130.100282413457   140.083376797821    133.13568820115   131.908831702202    135.10356919121   134.857310943257
 0.2163554025  0.2163803123    138.49399466882   140.083376797821   135.130028111289   139.472343901857   140.255520605098   141.118613994611
 0.2171386214  0.2171686766    138.49399466882   141.983255671532   141.679937570346   142.490356031373   137.051442554408   135.942191367642
#[time: 0.22]
 0.2223946342  0.2224229132   146.876851211634   141.983255671532   143.227392481359     144.2805244563    144.02894407876    144.28035771864
  0.223026858  0.2230330695   146.876851211634   164.746054861515   145.591435214234   145.033803291738   153.173678093298   161.984255427891
 0.2237078797  0.2237093853   167.362066748736   164.746054861515   154.308798708119   164.973527912618   165.226049593851   165.359957648296
 0.2248690586  0.2248779666   167.362066748736   168.210349259628   173.254780227448   171.720336687158   160.783625275799    160.72698078968
 0.2261422779  0.2261662195   170.118174793637   168.210349259628   168.258561463083   168.322528659472   160.703600751007   160.474370778698
#[time: 0.23]
 0.2308566293  0.2308680383   167.240359684078   168.210349259628   171.528699855865   170.836313332283   159.541310670506   159.671182933812
  0.232276095  0.2322761365   167.240359684078   156.678227458682   171.586040685312   172.153980032177   165.917105328087   161.315696689483
 0.2331329535   0.233142647   167.240359684078   169.066984633147    169.48622151383   161.848951516104   167.664866713733   167.547494249943
 0.2332516086  0.2332535035   167.240359684078   171.154788385267   173.113436820838   174.188572212185   167.038580908915    166.07047846763
 0.2335043311  0.2335499997     173.4105136473   171.154788385267   170.248352554648   170.692707192775   164.965632517934   165.562848136955
 0.2367808985  0.2367906388   172.946975319398   171.154788385267   174.467527637366   173.760996643746   164.762734209899   164.779729069087
#[time: 0.24]
 0.2418445821  0.2418816827   172.946975319398   175.312851731896   176.553456334344   175.703720377781   164.937368157968   165.210630050887
 0.2424093166  0.2424242226   172.946975319398   172.317100852096   176.226698766378    177.39125892232    174.06557381051   173.571299206747
 0.2494360248  0.2494525164   172.946975319398   177.735312738538   175.353352017659     175.1846642296   174.591837706478   171.421196127191
 0.2495574343  0.2495597594   176.322609706352   177.735312738538   178.019832274462    179.83536873858     167.6219286119   167.861949227405
 0.2498669368  0.2499477011   176.322609706352    178.16229520847    180.13541405233    180.82974144717   175.655528925031   175.040048822887
#[time: 0.25]
 0.2510426122  0.2510492936   176.322609706352   183.146114372358   179.649014550294   180.149263165654   179.019296378959   176.006912219813
 0.2522369538  0.2522371001   175.618120192893   183.146114372358   180.656014323366    184.11243640345   181.720121963295   190.589634510353
 0.2524902508  0.2524937209    189.78315076211   183.146114372358    179.38835853648   179.407614238737   181.671257327892   182.018175262343
 0.2539151403  0.2539180521   186.117697859177   183.146114372358   190.874441753943   188.017208770073   176.046591619494    176.05244013711
 0.2542747177  0.2542792076   186.117697859177   187.514921623378   188.163685059061   187.241116514335   180.112797217475    178.53038865395
 0.2551341973  0.2551993671   193.243414939277   187.514921623378   190.105034228053   190.754127303193   193.460441986848    191.22463289525
 0.2552829424  0.2552889889   193.243414939277   190.259839629304   197.682983269814   193.683813492955   197.793538310833   194.914063905657
 0.2575822852  0.2576019514   193.243414939277   201.817765976387   198.044628554428   196.199546219449   197.778583883937   200.905931329223
 0.2577074767  0.2577277156   205.245469262171   201.817765976387   198.059595520096   204.655562659151    195.46408213088   196.092160888515
 0.2580247107  0.2580254643   199.447353585917   201.817765976387   210.724146127385   208.293093224642   204.780676573399   208.888619473259
 0.2581620092  0.2581627696   199.447353585917   206.435799873108   202.773981132649    203.42798552866   204.217048024604   209.997898732592
 0.2589788271   0.259011131   199.045986942441   206.435799873108   205.929997880278   210.307177746634   204.183621069932   210.197936144538
 0.2592297285  0.2592434839   203.993872480965   206.435799873108   202.776372728169   203.044293422731   211.712258101118   214.785846818444
#[time: 0.26]
 0.2612589575  0.2612589577   203.993872480965   206.435799873108     206.2277395901   206.478874902571   206.270379810202   206.540254427968
 0.2629347586  0.2629542545   203.993872480965   206.146229145504   207.857475811013   208.923042830306   206.019156724849   206.707411280412
 0.2662837158  0.2662943236   203.993872480965   205.681237121942   208.077369435045   208.689481246134   204.604112935296   204.488821251125
 0.2667524169   0.266753373   208.808834050064   205.681237121942   208.167696603665   208.841224402447   199.209466704196   198.889257593599
 0.2668698458  0.2669018225   208.808834050064   211.254253226651   213.854955308724   211.858487822964   201.926048464856   201.627524545743
 0.2687066847  0.2687248789   214.990208950934   211.254253226651   215.230850044928   216.615477346104   205.594877300909   206.784061455967
 0.2690625837  0.2690975024   214.674676037385   211.254253226651   218.917720029991   217.114182986833   218.037015702242   215.834109589038
#[time: 0.27]
  0.271801716  0.2718109315   214.674676037385   216.357342718789   219.831139776495   216.525745909961   209.850518814568   208.812707415881
 0.2743894673  0.2744105977   220.259314318347   216.357342718789   217.424017099455   217.739809049472   217.843887305382   218.067870839443
 0.2753602036  0.2754040623   220.259314318347   221.022229347422   221.853944207641   220.544130889203   217.247704778234   215.759660495462
 0.2784507978  0.2784511632   220.259314318347   227.218216501928   225.287532633378   225.718503454443   223.729328792772   223.717236896806
#[time: 0.28]
 0.2815956709  0.2816078163   230.384728713655   227.218216501928   227.043388458587   231.148631432191   220.435018645893   219.935099353805
 0.2831794855  0.2831795605   230.384728713655   227.662270142075   234.360099681967   232.868767029327   238.987417530556   233.474185598502
 0.2842902796  0.2843231574   230.384728713655    230.94259308231   233.537906307396   231.669529185202   221.333184991122   221.473292570643
  0.285165636  0.2851737413   230.384728713655   231.170410611539   232.984042801237   233.116701279402    231.58032854436   231.646667530608
 0.2879333464  0.2879386702   230.384728713655   238.482746983531   233.655318220685   234.009925330068     234.6190777125   236.008008836674
 0.2887811903  0.2887822693   240.932941870285   238.482746983531   236.177976009892   239.866099285063   235.650918187065   236.823084486591
 0.2887860109  0.2887874201   240.149208768877   238.482746983531   243.512256616414   242.118091254057    230.76660994341   231.357192818805
#[time: 0.29]
  0.293687067  0.2937028848   240.149208768877   240.973793350683   244.790774407872   243.385822776118    234.20983602842   233.582511015328
 0.2960141507  0.2960153884   245.242543074024   240.973793350683     245.3338009475   245.866325085725   235.809715963425   236.800074597652
 0.2972499962  0.2973140386   245.242543074024   244.583249368856   246.198329404381   244.019785281674   240.252849633222   240.664379570084
 0.2997854415  0.2998314316   248.095337373372   244.583249368856   249.716401590748    249.33310997825   249.014021247401   247.909621397477
#[time: 0.3]
 0.3002180334  0.3002186116   248.095337373372   257.731687607783   251.166732022019   249.866800373354   252.194271374508    257.52016477654
 0.3011836296   0.301220792   258.875998887172   257.731687607783   254.239532942784   259.254706461898   258.054538590946   258.089640765546
 0.3021008707  0.3021022914   258.875998887172    248.98075184068   260.444203694526   260.201553759926   263.397429817599   255.194357950982
 0.3036597111   0.303691271   258.875998887172    262.90122542866   257.932796959731   254.381410639577   261.212801614617   262.803450878674
 0.3046837044   0.304690232   266.281896962388    262.90122542866   263.130747681351   264.355106021943   269.232761696469   267.646703982101
   0.30496089  0.3049670481   266.281896962388    267.67180597312   263.788012849042   264.109720514729   262.308819152616   261.418687367132
 0.3052505378  0.3052570184   265.784306778841    267.67180597312   270.310918970973   270.965862460341   267.727264834551    268.11253943292
 0.3066988241  0.3067099523   275.542082419438    267.67180597312   273.231181700342   274.547321966982   274.202467446097   272.072428012582
 0.3097311872  0.3097424337   275.542082419438   281.641965136103   280.098427895482   273.989401103739   278.279189295159   276.988101532216
#[time: 0.31]
 0.3101247062  0.3101276898   275.542082419438    274.22606584128   280.015743624189   281.889967753469   284.699720220945   282.321059819252
 0.3105228525  0.3105328424   276.343214350977    274.22606584128   279.097077869424   278.556911350844    270.47155825277   271.244821248347
 0.3112631777    0.31126322   274.853239213256    274.22606584128   280.891771646121   279.446926347904   273.335730495056   273.402929574244
 0.3135324033  0.3135727201   281.581826936582    274.22606584128   280.595808450561   280.094803446096   283.763331542191   278.360652920309
 0.3182246744  0.3182277707   281.581826936582   289.022729305436   282.077995508032   279.532334197101   285.343991650162   287.759971104774
 0.3194454324  0.3194494738   290.013543412479   289.022729305436   286.810268002872   289.953661611573   279.871012026243   280.139889029154
#[time: 0.32]
 0.3249143665     0.3249472   301.870885725504   289.022729305436   294.163160024952    293.68437263841   298.356336997909   292.526518066195
 0.3255470203  0.3255667908   301.870885725504   303.126722284587   301.096143842812   295.223120064043   293.370824162744   293.025299030523
 0.3290839152  0.3290927278   301.870885725504   305.202202360178   306.349217072474   307.256064871777   301.926271471932   300.744050825386
#[time: 0.33]
  0.330147797   0.330150057   301.870885725504   303.963971260957   305.535954446747   307.000582914452   297.981936195996   295.856499236604
 0.3303343393  0.3303445174   305.630541775503   303.963971260957   306.248201105641   307.026337718884    297.44727183919   298.168916424408
 0.3318148867  0.3318183164   305.630541775503   304.231936387439    309.36199893751   308.451871423303   303.198386527834   303.347499557747
 0.3362765054  0.3363213061   305.630541775503   308.027199859927   306.286648127011   306.062054410886   303.538060824158   302.517051126325
 0.3391112895    0.33911388   306.370798819838   308.027199859927   307.642118831647    307.82060686371   313.388970109159   315.555077844121
#[time: 0.34]
 0.3429197851  0.3429367238   310.162060184993   308.027199859927   310.233065577785   310.902885440685    300.21447151352    300.45233255658
 0.3450454661  0.3450971494   309.998199930756   308.027199859927   312.121711297592   311.511419133396   307.440594727089   307.949513698868
 0.3475284777  0.3475436538   306.092898801612   308.027199859927   311.719762666882   311.010979498752   306.141582386462   305.983010433825
 0.3482292631  0.3482476228   309.983427206169   308.027199859927   310.211168372109   311.120970212623    307.88636696891   308.174591670062
 0.3492325763  0.3492549549   311.203239347712   308.027199859927    316.52119842588   314.773616493258   311.184225036649   310.388125247629
#[time: 0.35]
 0.3540371531  0.3540784991   299.893366497298   308.027199859927   316.976926404731   314.929556528634   304.318698351412   315.582597703907
 0.3553991187  0.3554589842   310.100031644869   308.027199859927   305.640165822039   309.986537794315   304.994146512042   306.022983508673
 0.3574612852   0.357469654   310.100031644869   311.262679158291   314.180638979677   312.727395196016   308.545307696373   307.247516509376
#[time: 0.36]
 0.3607587117  0.3607652352   299.347147231785   311.262679158291   312.693452899669   312.933990819658   305.380111723919   313.711236114374
 0.3619298866  0.3619366841   299.347147231785   311.915530267707   305.731725173088   312.128881347214   305.689720682798   308.986261329463
  0.363710884   0.363768285   299.347147231785   304.265339427304   306.396272049935   317.805720376829    294.71850158849   294.529747500099
   0.36617458   0.366205773   306.223569671545   304.265339427304   305.072659891705   308.317998064555   296.251676051161   296.423911987271
 0.3664959945  0.3664997697   308.579018696898   304.265339427304   311.283459135373   310.167616436387   300.526004742265   302.802675919904
 0.3689097532  0.3689432767   308.579018696898   314.494844987045   313.822294303329   310.085574277886   311.844048569695     312.2147556324
 0.3697521079  0.3697572299   315.700998292104   314.494844987045   314.487885597048   317.628415875394   305.977402461497   305.991609694241
#[time: 0.37]
 0.3708809382  0.3708967494   315.700998292104   310.502742704078   323.376718804527   322.039757440638   323.704772837816   317.188172443392
 0.3709379458   0.370939764   315.700998292104   318.703848422334   318.101019853124   315.766755456191   312.110513392387   310.691409204521
 0.3720824377  0.3720830438   319.833444497538   318.703848422334   319.867991996316   321.300730909107    320.12527104666   319.994064284636
 0.3736470188  0.3736637544   319.833444497538   320.718703224091   324.466995315697   323.656100836626   315.455623248449   315.390861244432
 0.3740381878  0.3740620057   319.833444497538   320.866516379339   322.164795750657   322.407039190631   315.663082604014   315.279807379031
  0.379415283  0.3794723357   319.833444497538   317.014291422288   322.377291813448   322.715621186714   327.787777849265   324.299931864052
 0.3798471729  0.3798849493   316.004943001534   317.014291422288    323.60138032738   322.120331231638   320.996591611618   323.489094499245
#[time: 0.38]
 0.3808771001  0.3808947568   315.157848990877   317.014291422288   320.920930209871    321.40315570109   319.218666383721   325.727552953921
  0.383782801  0.3837898979   315.157848990877   317.898352282038   321.284450689109   322.593476183619   311.726018016631   309.440335957682
 0.3838952718  0.3839110126   310.555462173303   317.898352282038   320.026056010594   321.218007278091   315.991373432968   321.543136073201
 0.3849985897  0.3850804708   320.659291812235   317.898352282038    314.89965346137   320.329726371676   310.638899185233   310.055479726079
 0.3868372779  0.3868983906   320.659291812235   318.183464878412   321.066434901043   320.563508810187   329.677076672482   326.006500597956
#[time: 0.39]
 0.3905970704  0.3905994449   320.659291812235   322.307687879439   322.284514375244   321.625526616514   318.283985492653   316.991953241203
 0.3930240482  0.3930261219   323.025977742501   322.307687879439   322.940739616251   323.261052085721   319.493383843725   319.798952328544
 0.3977321793   0.397760923   323.025977742501   325.245096864613   324.785529741885    324.56822119751   321.867757710255   321.531665096011
 0.3981704473  0.3981768745   326.521201461831   325.245096864613   324.637268354235   324.843810076192   317.784062306137   317.950030427676
#[time: 0.4]
 0.4003035864  0.4003107267   326.521201461831    329.17930742262   327.022420533626   326.867202366513   319.442031702293   319.548983830703
 0.4035576468  0.4035633553   326.521201461831   328.498511944301   332.031984279523    332.88018599622   320.476469282782   319.231522628037
 0.4050163442  0.4050289393   326.521201461831   328.304557304844   329.866688188855   330.578474731647   335.170001941735   338.149302225488
 0.4052022217  0.4052035613   322.415270534313   328.304557304844   330.037228349538   330.954070621211    328.39985890007   336.366513551793
 0.4057364282  0.4057703786   322.415270534313   326.068386969606   330.453853811124   335.217631374923   324.720145682138   325.074379195451
 0.4099240699  0.4099245688   327.713289042286   326.068386969606   327.050125453711   328.349356845674   319.862525445137   319.969889352801
#[time: 0.41]
 0.4110426082  0.4110705002   327.713289042286   323.089607153396   325.961646210164   326.114744750795   335.215791952573   329.768337992548
 0.4110878699  0.4110909861   327.713289042286   326.066846716654   329.498235880755   327.486118198109   319.869127406759   320.302410134513
 0.4118706735  0.4119569642   328.542262601116   326.066846716654   331.350123293242   330.444302310402   318.877802446354   319.785916512987
 0.4122323673  0.4122593072   333.449924729514   326.066846716654   330.768062542621   329.834715709372   332.186860429549   330.233562346902
 0.4130247708  0.4130267319   333.449924729514   338.690478886735   335.591643269298   331.348689766558   332.800348009014   331.211721295064
 0.4137192026  0.4137386297   342.255805777951   338.690478886735   337.504316339205   339.747338482166    337.39571743234   338.386380278834
 0.4147213834  0.4147222946   342.255805777951   346.157896492461   346.025034997467   344.168057594085   342.668070456423    342.24921640012
 0.4157142408  0.4157199511   342.255805777951   344.365147886972   344.683939940741   345.068400036453   343.608016489717   344.100166686759
 0.4163754637  0.4163996065   347.358898789474   344.365147886972   345.227598941689   346.012626294487   337.172453264105   336.868469795814
 0.4165617065  0.4166106661   345.957200889702   344.365147886972    347.80729104411   347.046489378503   340.613501254736   341.577143878491
 0.4193643522  0.4193856415   345.957200889702   351.348807028952   347.014401951788   346.771998356693   349.299591469019   349.995552542181
 0.4194220991  0.4194221035   345.071381655001   351.348807028952   350.217562723602   351.943122456906   349.352048156175   351.393479706327
#[time: 0.42]
 0.4201892298  0.4201969591   354.653341926528   351.348807028952   351.037747590437   356.283550184433   348.435887976942   349.519937095041
 0.4209392795   0.420939566   362.873173581041   351.348807028952   356.973284954841   355.929678455038   365.813040446311   357.964117103454
 0.4227922373   0.422800465   362.873173581041   367.835275109731   363.255120096909   357.893612124795   358.682339622792   358.619763015512
 0.4231488779  0.4231868712   360.865774042349   367.835275109731   368.549914348516   370.949379120411   366.156775654069   373.575395012159
 0.4242798825   0.424323494   373.790956472965   367.835275109731   365.565802120575   368.049567506451   372.847671109666   370.133102006324
 0.4244340398  0.4244376625   373.790956472965   376.554868695265   376.515283062426   370.931100200075   373.320595116735   372.872408053591
 0.4257188909  0.4257216206   379.477732514235   376.554868695265   379.690505722502   381.578036238036   370.152158454488    369.78671033309
 0.4294661131  0.4295274215   377.944049616161   376.554868695265   377.927577716631   377.953639906303   382.027066129999   380.839175686497
#[time: 0.43]
 0.4347329085  0.4347729042   377.199379131935   376.554868695265     380.7331725194   380.302575363549   371.102464055404    371.21709030121
 0.4387576757   0.438777431   375.708472582171   376.554868695265   380.545331358664   380.341679218015    371.45523269722   370.335757621516
 0.4397755172  0.4397975252   375.708472582171   374.880626623326   379.350910784441   379.808173575933   371.910589875728   372.167206083695
#[time: 0.44]
  0.440654295   0.440661382   375.708472582171   378.019440547544   379.103772545953   378.784175446765   373.322801183356   368.730159901177
 0.4437989793  0.4438177184   376.114332459971   378.019440547544   381.038884141676   382.030923364938   379.138403571282   381.153464997556
 0.4444180093   0.444476486   357.367823973438   378.019440547544   380.741528099336   381.469223234591   363.557262283797   379.034345864544
 0.4447482481  0.4447485334    381.46952286459   378.019440547544   366.021124354077   382.175442033061   386.581408618853   383.844760357201
 0.4448430614  0.4449221884    381.46952286459   384.278340006675   385.061887291132    381.86506984379   380.990721883762   380.358629127595
 0.4466297207  0.4466322945   384.903485821936   384.278340006675   383.961915196592   384.742152564585   375.587571229059   375.599458704636
  0.447901621  0.4479685317   384.903485821936   386.337328812843   386.357282062306   386.285150914828   385.695539770791   385.745867214868
 0.4495276276  0.4495277373   384.903485821936   375.168920984251   386.954843985584   387.396323088199   385.383184769613   380.316409617828
 0.4496790879  0.4496792717   400.181809890847   375.168920984251   385.973176584933    380.83747206919   398.392818901688   383.555239641222
 0.4499762826  0.4499794736   400.181809890847   397.973041315611   401.605129267294   384.474948815877   401.321406140671   400.507574687414
#[time: 0.45]
 0.4504877821  0.4505458934   400.181809890847   401.254279139491   401.076783708701   400.524006786433    396.89529820155    396.33018056291
 0.4506009815  0.4506510584   392.974266489133   401.254279139491   402.903863426382   403.631091503767   396.456708801725   409.076211545693
 0.4516718225  0.4516961586   404.680709601725   401.254279139491     397.4843221537   402.204090578909   403.645434009663    403.32426243207
 0.4596316961  0.4596358653   404.680709601725   406.212589793776   407.990918591093   406.491428827349    411.41515349208   413.621901340751
 0.4597101252  0.4597909838   404.680709601725   399.706223500737   406.484495978501   406.634958938999   406.333892196651   402.169013870492
#[time: 0.46]
 0.4625326082  0.4625346197   404.680709601725   407.700495013687   408.273772942433   405.336872717657   404.365739140848   403.512007205025
 0.4629435219  0.4629440141   408.784267978939   407.700495013687   408.682584564029   410.136140033735   402.808376503948   403.220080675134
 0.4630392106  0.4630786437   408.784267978939   411.329741389402   413.155982945669   412.552346400277   411.356679759652   411.959978495889
  0.464980164  0.4649833855   408.784267978939   396.507873015216   411.757128241897   412.470325192835   413.987802912956   400.536370855466
  0.465653966  0.4656605855   408.784267978939   411.726588619996   412.603928987705   403.955036383893   400.769145689383   401.273217446344
 0.4657278189  0.4657350562   419.060557080953   411.726588619996   412.163658525068   412.997278093715    415.68166494876   415.438818328654
 0.4664664585  0.4664679917   419.060557080953   409.491367415403   422.767777634642   418.313188606269   421.515686869066   413.752007004646
 0.4678338618  0.4678354156   419.060557080953   419.957808269573   424.911358113999   416.674125651845   412.493010170709   412.170333356196
 0.4687484881  0.4687653771   417.786684199985   419.957808269573   419.511552301394   419.511906193683   421.309315675928   422.451435037937
 0.4688598415  0.4688670756   425.902428413156   419.957808269573   425.688441939826   427.931465549541   421.276390781424   422.686577790459
#[time: 0.47]
 0.4702364112  0.4702441998   425.902428413156   430.194947711046   424.176729616258   423.426816640975   429.510677753619    430.69142472399
 0.4704169298  0.4704276968   432.642669543207   430.194947711046    430.68519634924   433.359839054799   425.260954549082   425.059281522753
 0.4720635001  0.4721108518   431.916155353263   430.194947711046   435.054188885337   434.051348779283   424.615118731268   425.253019493215
 0.4752990879  0.4753015274   433.853098250665   430.194947711046   434.389590262415   433.820582546917   431.653293949013   431.820724014123
 0.4787572866  0.4787671858   433.853098250665   436.369885901921   440.007055465969    436.66014417589   434.359608058083    433.67891911902
#[time: 0.48]
 0.4839072835  0.4839167864   438.440110265688   436.369885901921   436.041868826894   436.380206648792   430.695058322056   430.873222201096
 0.4840563107  0.4840659381   437.485771350003   436.369885901921   438.684590632567   438.455620155679   433.353474824542   433.591212311599
#[time: 0.49]
 0.4969381407  0.4969475994    437.83870984326   436.369885901921   438.704076072194    438.37088985449   434.949942588983   435.238797129417
 0.4979895083  0.4980030819    437.83870984326   446.229463919336   439.769901541484    439.39508094704   442.401302475413   445.150238179668
 0.4985848684  0.4986278756    437.83870984326   440.740789461872   443.475710403166   446.011732762795   434.192615925547   431.366239809852
 0.4994408699  0.4994450679   444.514758630398   440.740789461872   442.010517781206    443.72112031315   441.139863507275   441.778222111236
 0.4996826506  0.4996847404   444.514758630398   446.685830004493   446.225501118104   445.030693440263   438.102416986741   437.056060968134
#[time: 0.5]
 0.5011441713  0.5011677546   447.867156410133   446.685830004493   447.106159200869   447.480785127592   438.331946822049   438.374511466475
 0.5040585942  0.5041237034   447.867156410133   449.243225697603   449.932697748629   449.458316923915   441.511216055978   441.478931069889
 0.5063377742  0.5063450705   447.867156410133   449.003671965245   455.280242936399     456.6203008935   438.913075863736   438.922430852653
  0.506405519  0.5064098673   447.867156410133   451.939822659249   448.766858016039   448.800774006112   441.714770072448   442.181150724976
#[time: 0.51]
 0.5166475462  0.5166529266   447.867156410133   450.929442406869   453.351400640859   455.442922249379   446.594209038128   445.689101768228
 0.5173883856   0.517425763   447.867156410133   460.162572689242   452.106809615686    453.66357892062   451.474804510193   459.242633119308
 0.5175448544  0.5175539265   447.867156410133   447.125777042992   454.157948637435   461.524441721932   457.977236897469   456.608550601978
#[time: 0.52]
 0.5237168625  0.5237329381   455.141361543179   447.125777042992   451.468502390143   451.180164165703   453.025078146609   450.407390994293
 0.5248782145  0.5248901838   455.141361543179   456.857159090047   452.448699166144   451.721927177985    454.26018270561   453.771085261775
 0.5288519856  0.5288756477   455.141361543179   453.444490885636   458.844838440801   459.431553406648   451.730609153253   452.475824971993
 0.5296014866  0.5296257821   455.141361543179   461.903144045501    462.34105669546   461.096498218873   452.582696900513   453.180716992035
#[time: 0.53]
 0.5303800029  0.5303837793   462.794380377211   461.903144045501   459.975241776506   461.793908349518   458.070540651754   460.000707265888
 0.5317380411  0.5317807988   453.353553959237   461.903144045501   465.961794585738    465.44175626705   460.031621624409    471.08446350006
 0.5344448508  0.5344616051   462.955711955952   461.903144045501   460.263887081306   463.501828004883   473.021653203734   471.523360761805
 0.5350187381   0.535023054   465.290570493326   461.903144045501   465.217758136868   464.959919522848   471.404676114882   467.812943953241
 0.5373228984  0.5373620072   465.290570493326   466.512049798905   466.610026940171   465.713027939484    456.46952002369   456.162811198644
 0.5384989511  0.5384996309   467.073673485728   466.512049798905   468.961321910073   469.447658520878   463.377617536786   463.612829718123
#[time: 0.54]
 0.5402020423  0.5402052113   476.827827035684   466.512049798905   466.839672386028   466.837057266977   472.794936205498   471.983606077502
 0.5411546326  0.5411851865   476.827827035684   477.760108978841   477.986989754466   473.252552950599   468.788980608305   468.821218630378
 0.5427128246  0.5427148408   476.827827035684   476.096062744096   484.725535848512   485.732285648744   467.904601823341   468.116099102298
 0.5431576983  0.5431792924   475.269440784173   476.096062744096   481.095572352525   480.710878513845   479.037548884502   479.499078116383
  0.544826536  0.5448612644   475.269440784173   476.506656002775   478.630790758263   479.164646509216   466.808702852683   467.112257016413
 0.5455375442  0.5455663419   475.269440784173   478.060353976781   482.049416160051   483.063050101281   471.886783680102    470.64962981508
 0.5460282121  0.5460445334    481.61025707773   478.060353976781   481.773204263581   483.637966266107    477.56550338131   478.709554012499
  0.547766177  0.5477895468    481.61025707773   484.552835052771   482.495877626178   480.891419397818   479.800757076212   479.146127293397
 0.5478665348  0.5478858292    486.08238002056   484.552835052771   485.634761999581   486.807162475789   475.841660985262   475.757376373542
 0.5482380996   0.548240069    486.08238002056   487.496536348149   490.143848957334   489.240914158576   477.419981095725   477.670969962746
 0.5497224617  0.5497367257   490.354471804116   487.496536348149   487.409196129901   487.474463026481   487.022949719143   487.653724079958
 0.5499196308  0.5499292131   490.354471804116   487.120201928442   494.387208969463   492.657373009941    485.55704272985   486.046703486612
#[time: 0.55]
 0.5508882127   0.550891833   476.820303301759   487.120201928442   491.388378900974   490.446501749813   483.313272304479   492.229579710419
 0.5521214854  0.5521346555   476.820303301759   477.608275940541   483.540772945418   489.190608378406   467.756414031142   467.669395020439
 0.5526228186  0.5526247156   476.820303301759   471.538285810676   481.496427487419   481.837681336579   483.575075016226   477.582228874521
 0.5528809954  0.5529023788   476.820303301759   471.963610483589    479.36843288129   476.601513973832   482.437695472309   477.918590827259
 0.5562225037  0.5562225039   476.820303301759   471.963610483589   475.931096093204   475.044113947199   475.703325588929    474.93277378864
 0.5568989461  0.5569008188    471.32298571619   471.963610483589   478.432320706771   476.284797019144   465.406959925895   464.718859770274
  0.559232317  0.5592354493    471.32298571619   470.566308776846   474.273469124361   474.471140619476   466.977858316354   467.204063745164
#[time: 0.56]
 0.5626137729  0.5626306564   474.724824250177   470.566308776846   474.589787133047   474.158948078532   466.928587137141   469.273486788421
  0.562775507  0.5627803161   474.724824250177   477.535404143401   478.931079686918   476.446128505979   475.597901316853   475.355952381413
 0.5654675045  0.5655438875   478.475206672807   477.535404143401   479.950920681678   481.364767394658    472.02830549217   472.324910941345
  0.566095006  0.5662184132   478.475206672807   482.290287115104   480.324830169475   480.111592140775   479.587150003298   478.572931926144
 0.5662605678  0.5662703026   478.475206672807   480.268945312635   483.752387465217   485.934163036547   478.586443885363   478.229609104386
 0.5681588912  0.5682012519   478.475206672807   481.890211906691   482.853741620623   483.846694574623    482.42730987256   485.861785858427
  0.569425114  0.5694254633   478.475206672807   480.436538859178   482.522822149635   483.642023647621   471.546343925294   471.391298114547
#[time: 0.57]
  0.570151169  0.5701549015   478.475206672807   482.582411673841   484.483080318004   485.802341472036   477.868838139978   476.074096732907
 0.5727123386  0.5727449295   478.475206672807   480.221781828701   484.269327380044   487.323805877486   476.493952694742    475.36325659907
  0.574061186  0.5741172233   478.475206672807   475.999524472566   481.747910268851   482.394915057947   472.759374382694   474.353918791275
 0.5743537091  0.5743697734    477.33445697858   475.999524472566   479.443482600746   478.932225359804   469.696838301037    469.82086394227
 0.5747903813  0.5748203503   479.397034188871   475.999524472566   478.985250796835   478.685374561063   469.311439400482   469.441480314602
 0.5751786591  0.5751829766   479.115544065357   475.999524472566   482.054036493719   480.200642691692   469.370624762363   470.290600285422
 0.5768161717   0.576816445   478.469819709318   475.999524472566   481.061029460685   480.084214122007   472.253406460986   473.227088173725
 0.5775090846  0.5775387431   478.469819709318   487.674759015867   481.524764827415   480.202971339548   483.111739871881   483.352233233492
 0.5788503191  0.5788515509     491.2947580304   487.674759015867   484.539366139691   491.372652276241   493.672837766139   491.705836449152
 0.5792937074  0.5793758978     491.2947580304   495.394779553619   491.661169876611   491.109241116397   488.759953687436   486.802238909476
#[time: 0.58]
 0.5810976491  0.5811214786    498.78923769659   495.394779553619   493.126083959229   493.023710418721   493.640717167113   494.836071756679
 0.5828520332  0.5828634897    498.78923769659   510.932464151368    502.82852738039   500.612263839567    504.10227531395   514.423094362433
 0.5831395272  0.5831699358    498.78923769659   500.820987916137   506.754532645046   514.237197175794   499.317665384338   499.170149427197
 0.5833690017  0.5833806352   503.017818519079   500.820987916137   501.217794930186   501.613993747701   494.136131417364   496.391016649923
 0.5838427647  0.5838674893   502.425292968532   500.820987916137   505.561606762851   504.842153160348   493.389391666178   493.265374430453
 0.5842123014  0.5842147601   502.425292968532   507.853984461423   506.922029734703   506.143374284443   504.944784811375   506.248957682005
 0.5887900838  0.5887907647   502.425292968532   503.287334824339   507.789097471188   511.221366304328   497.098634470451   493.980806860624
 0.5897486731  0.5897564718   506.426006997348   503.287334824339    504.48682954534   504.714790164158   497.854329790523   497.667768535238
#[time: 0.59]
 0.5901295668  0.5901496437   506.426006997348   508.138835733311   509.081486958572   507.768894096951    504.32578905378   503.560181732436
 0.5902247048  0.5902685628   506.426006997348   502.993953196404   510.882248621393   511.594828806665   512.552211006209   509.670447994477
  0.595467688  0.5954777195   506.426006997348   508.555398502985    509.35215965586   507.657633921345   506.451034144723      506.125434395
#[time: 0.6]
 0.6007923225  0.6007947021   510.095347304062   508.555398502985   509.725169159031   510.523179277682   503.911383074625    504.91477726443
 0.6009023203  0.6009078339   512.855475622248   508.555398502985    513.26286354043   512.634638485781   503.444659491425   503.636875596585
 0.6012328827  0.6012654286   510.532830143234   508.555398502985   517.803530858381     515.0986489481   504.046635053102   504.906683147344
 0.6019901834  0.6019969813   510.532830143234   511.944612086529   515.841395151181    513.85049120558    504.81440956998    504.13487095765
 0.6024825889  0.6025061027   510.705006904429   511.944612086529   514.970548920146   515.695080899673   512.339216721882   513.028404623374
 0.6059433946  0.6059674624   510.705006904429   513.747358912546   511.580502154148    511.63267546217   504.632381725856    504.26068901876
 0.6079862748  0.6079931115   510.705006904429    511.80492404939   517.680210069311   519.366113489916   510.045065187541   509.680047345026
 0.6088472548  0.6088496659   514.736910736408    511.80492404939   512.723444582007   513.025197871246   508.815546616563   510.580537170827
 0.6097778212  0.6097885193   514.736910736408   515.530288791389   518.839219037322   517.108148505281   513.396819746152   513.149582650308
#[time: 0.61]
 0.6110159336  0.6110362927   514.736910736408   516.179167053176   518.830812124693   519.170696020612    515.04011237353   514.977137565171
 0.6126343666  0.6126669887   514.736910736408   515.261375027277    518.81314831397   519.449976152389   510.050416771541   509.870094549863
 0.6126808118  0.6126978588   514.736910736408   517.621856443912    519.10389028017    519.35639498333   508.360372574959    507.76045899368
  0.612966064  0.6129699684   514.736910736408   524.991428441417   519.451008299835   520.991808638073   519.788088945161    523.65287017827
  0.614202871  0.6142177225   514.736910736408   503.888328380001   521.703668637711   527.292522995619    517.11617355832   508.497667014724
 0.6144238486  0.6144300075   514.736910736408   510.910786821388   519.170849419003   511.688751472604   522.166086023807   517.651339227886
 0.6158600132  0.6158821626   514.736910736408   516.856325080327   515.750093218513   514.712896129845   506.958705384002   507.279604627604
 0.6166271288   0.616629229   514.736910736408   516.500548289116   521.354181612528    522.70073561524   507.365964356633   507.074406857968
#[time: 0.62]
 0.6216495004  0.6216497393   514.736910736408   519.507315678319   519.749699742518   521.105954462533   514.792251691504   513.136284361593
 0.6224402495  0.6224504894   522.695278157003   519.507315678319   520.737960747568   522.913014645442   516.194409868451   517.214840490559
 0.6243616782  0.6243917593   522.695278157003    527.30506364153   525.367664752031   523.743892708427   516.171283342071   516.861298901631
 0.6260723973  0.6261511931   529.498435035595    527.30506364153   528.638599196399   531.494383197639   519.571224834864     519.5215621037
  0.626736613  0.6267530454   529.498435035595   530.523957483659   532.353446515392   531.540885467156   521.313110997071   521.064885753998
#[time: 0.63]
 0.6335201128  0.6335201167   529.498435035595   523.952721672162   531.288032939684   531.904291083808   532.797430679467   528.950840863671
 0.6364696518    0.63647231   529.498435035595   526.441803687529   528.981210254757   527.719479628726    531.24647442628   530.655390210515
 0.6375763631  0.6375856149   525.663370706935   526.441803687529   532.129818181483   530.072287468774   520.372757753721   519.751314530253
 0.6388317273  0.6388414261   527.170539096605   526.441803687529   524.635196301833   524.416225401173   521.206939818889   521.318276872414
#[time: 0.64]
 0.6399741491  0.6400292888   529.886823526043   526.441803687529   525.311455083202     525.5285276011   522.063900796504   523.100121749835
 0.6404766145  0.6404896905    525.11662187182   526.441803687529   531.336551608916   530.357280742787    528.36671409547   530.237578544272
 0.6449252792  0.6449369791    525.11662187182   527.093936354465   530.025587620419   530.694265877894   518.032529044294   517.336614649129
 0.6455406648  0.6455622614    525.11662187182   530.216949048668   528.457727068723   528.942522683143   522.563778718308   521.669652427829
 0.6493277469  0.6493439453   530.854672227672   530.216949048668   529.752147496416   532.036444322195    521.51591881345   521.726122674982
#[time: 0.65]
 0.6556768804  0.6557144989   530.854672227672   534.604616340628   535.389206233919   534.904001892744   533.987462942419   534.866604237314
 0.6564757266  0.6564847389   536.794423506747   534.604616340628   536.679154231832   538.473791563923   528.068397043028   528.279865488465
  0.657931949  0.6579509523   536.794423506747   545.038999156847   543.350524059736   541.301184666141   541.411199829269   545.043288454398
 0.6583826106  0.6584041092   546.071831695916   545.038999156847   541.450953678081   542.438191292686   541.000890158729    541.53637267187
#[time: 0.66]
 0.6635245512  0.6635251979   546.071831695916   541.011504685718   548.892621825331   548.352370430511   556.449242516028   549.750072806266
 0.6690277735  0.6690695986   546.071831695916   549.562488626048   547.566552744849    545.89196727707   544.098975859643   542.526941435168
#[time: 0.67]
 0.6731162785  0.6731582548   550.130862619738   549.562488626048   551.581733613653   554.372155316722   548.031854742415   548.144143274648
 0.6770870578  0.6771299838   550.130862619738    546.28458013487   554.042157232711   553.752568868446   557.594712257413   553.358181781786
 0.6782512771  0.6782631802   550.130862619738   554.066388348092   549.923562380895   549.365419079163   552.183510681814   552.332585743632
 0.6787436491  0.6787475022   557.241608516386   554.066388348092   552.531118303772   552.770804038925   547.527932089025   547.673652470495
 0.6798418548  0.6798441633   557.241608516386   558.611542734345   562.836132314247   560.016684533465   565.250426928802   567.055484023792
#[time: 0.68]
 0.6808490109  0.6808512122   538.290021987087   558.611542734345   563.173045753325   564.310767514138   542.697781970405   558.724313112038
 0.6813146962  0.6813148624   552.758727141193   558.611542734345   545.325421379103   559.199500560805   559.028451726885   564.572206502085
 0.6814762827   0.681520795   569.447442064427   558.611542734345   558.070958418181   560.948544875651   567.908706157469   563.818787391709
 0.6843322363  0.6843660264   569.447442064427    570.45398080077   569.381764032343   565.350712461282   563.658370162197   563.455944926733
 0.6862775556  0.6862848627   569.447442064427   573.903303074147   573.831812480934   574.318497017257   570.095593360738   569.015962511739
 0.6865665398  0.6866147939   569.447442064427   574.131866389776   575.276727251475   578.089590885416   569.754740075974   568.576840529245
 0.6874204267  0.6874230713   575.933377112552   574.131866389776   572.798612256548   574.943327701761   567.693028846998   567.921847246118
 0.6893809692  0.6893859443   575.933377112552    579.15539691614   577.656602503915   576.923411736378   577.875780796508   578.250713018047
#[time: 0.69]
 0.6948984366  0.6949206699   575.933377112552   576.781082950965   578.506779640359   578.795997279896   566.956376544072   567.066160782103
 0.6969735416  0.6969852325   575.933377112552    578.22353314202   580.249779266382   580.520276080692    569.91645201841    569.78471345614
 0.6971139104  0.6971318967   575.933377112552   585.343019767969   580.147171941464   581.165603390315   581.387195726287   585.576327596493
 0.6978617998  0.6978692684   575.933377112552     576.8055220835   582.235283958461   589.227046899038   567.445892048088   567.500432318166
 0.6986616164  0.6986670911   575.933377112552   576.572196731051   579.546198981713   580.024291563069   569.449477908868   569.259291614776
 0.6988444205  0.6988532762   580.811248172844   576.572196731051   578.233170021211   578.421799638954   583.509909380736   580.380440797968
#[time: 0.7]
 0.7012001097  0.7012001099   580.811248172844   576.572196731051   582.692290058752    581.04763226942   582.486705297222   580.870226002623
 0.7020306954  0.7020381605   580.811248172844   579.367854436694   584.141748593643    581.45766522628   591.040228905587   588.873718250736
 0.7024058983  0.7024277386   581.550167671298   579.367854436694   580.908251300228   580.782977844027   573.860391541728   573.925001120722
 0.7025611641  0.7025805336   576.800283558647   579.367854436694   586.462866747917   585.072266722777   585.500586688526   589.294514171478
 0.7038342779  0.7038414271   587.724799382502   579.367854436694    582.35748239516   583.551995904912   589.338216529261   583.918629930526
 0.7041910548  0.7041935815   587.724799382502   588.591518281568   586.141376535839   584.376389588798   580.959732526969   580.737386722698
 0.7045104812  0.7045309816   587.724799382502   590.133482161093   590.578043815832   590.973361655152   586.288209281725   584.799837785026
  0.707804515  0.7078459969   587.724799382502    588.85783625845   592.593711242796   593.716574919488   582.808586256103   581.992253311064
 0.7083335242  0.7084024414   587.724799382502   596.615279271018   590.077850963238   590.329650692663   592.799256468846   597.109320596278
 0.7085759802  0.7085865674   587.724799382502   589.005571681282   593.873266090901   600.243104889151   581.034293079758   579.531791564443
#[time: 0.71]
 0.7112308191  0.7112604609   596.427052485047   589.005571681282   592.176431269415   592.560758878252   595.619804300159   593.103721149097
 0.7116170745  0.7116207697   596.427052485047   599.348991992189   599.014290142967   594.902539258673   591.920785546112     590.6294107119
 0.7147523202  0.7147614561   602.899843733627   599.348991992189   599.092941359284    599.71710509029   592.818527636736   592.968436563422
 0.7161819089  0.7162180125   602.899843733627   604.318962349174   604.357983619498   603.170783292256   595.280310982872   595.210254189544
 0.7174597458  0.7174684198   602.899843733627   603.911388955385   610.765389394301   612.121975753347   595.340851884365   595.289582836967
#[time: 0.72]
 0.7219560728  0.7220342939   602.899843733627   608.225907035262   606.985410358332   607.432920025705   604.437541596238   603.590041532446
  0.723688365  0.7237025006   602.899843733627   606.817554388101   608.827455282002   612.453862969402   604.845535901351   604.839080206278
 0.7245044885  0.7245046281   602.899843733627    624.32477533808   608.488925543037   612.815582250808   609.888549704897   621.846101148758
 0.7279394214  0.7279416528   626.149037952391    624.32477533808    610.43195129365   624.389949732052   621.323756330718   623.287205880736
 0.7282682426  0.7283019731   626.149037952391   627.204042352547   629.001720721327   628.063470639907   618.593773468104    618.65428344927
 0.7295516344   0.729559475   626.149037952391   628.793885986679   629.887542368347   630.298616478275   623.847182134228   621.831598012771
 0.7296323026  0.7296442667   626.149037952391   629.783360615818   629.804318852261   630.250835871755   624.386442981746   622.692151587832
#[time: 0.73]
 0.7308137003  0.7308785472   624.291765354538   629.783360615818   628.833832025138   629.788679185539   629.015664749731   632.276382650697
 0.7324429205  0.7324430112   626.217932167182   629.783360615818   629.975651425572   633.835115798434   633.124063726597   637.628662773388
 0.7335269672  0.7336537754   630.892212027365   629.783360615818    629.12615129334    629.63362156133   621.038507783752   620.796008469289
 0.7340651183  0.7340946851   629.036479215023   629.783360615818   634.597580800581   633.918001944811    627.16744149785   626.914510905634
 0.7344625543  0.7344644524   634.529838421259   629.783360615818   633.934152942525   634.370052078656   625.314435063961    625.75927807323
 0.7369919983  0.7370797758   628.448079025062   629.783360615818   639.147194044839   636.187181088299   629.143503686692   629.152081197154
    0.7385178  0.7385205252   628.448079025062   627.917854399334   629.229293036922   629.243204813169   623.055062427894   623.236590130927
#[time: 0.74]
 0.7403456271  0.7403456273   628.448079025062   627.917854399334   628.916327403631   628.878090061998   628.901592517446   628.866005440318
 0.7407625616  0.7407719597   628.448079025062   630.526217938161   632.454182882842   632.276684029678   625.558834327965   625.083620468974
 0.7423005221   0.742376292   630.010577054211   630.526217938161   631.325720415676   631.820443610282   621.533250992017   621.527620210198
 0.7433517554   0.743352185   630.010577054211   627.465766539782   633.918867448097   634.341429523387   639.194105619986   635.913062758752
 0.7472330683  0.7472470341   630.707994276714   627.465766539782   634.760812922413   633.293274582956   624.006238386232   626.101577910183
 0.7480564588  0.7480613218   630.707994276714   634.557414350501    634.68852005181   633.150341964905   639.317671592443   644.359315374579
 0.7495455093  0.7495555413   635.266271539782   634.557414350501   636.146189428823   637.449168619823   625.353579000759   627.377891987613
#[time: 0.75]
 0.7501532098  0.7502108691   635.266271539782    638.23992652209   638.720982627546   638.382994417527   637.819415477252   638.388173585186
 0.7532868633  0.7532922133   641.549604987648    638.23992652209   638.994054731804   640.565283993102   638.932045857313   639.236126815887
 0.7545964341  0.7546293769   641.549604987648   645.121614713746   642.265904088303    641.62563575746   642.061583929131   641.439170532208
 0.7562512308   0.756312327   651.836673010079   645.121614713746   644.022786444491   644.929783253822   645.601350382546   647.026555496565
 0.7567672068  0.7567697715   651.836673010079   653.035426758861   648.936010497952   648.563765711689   645.446678275801   645.244698874145
 0.7578340179  0.7578439993   660.350984784143   653.035426758861   653.665175955919   653.877420723043   657.952330008747   656.955367678952
 0.7583011557  0.7583052475   660.350984784143   660.967923209604   663.383395165261   659.326831780533   653.576220655762   653.178787351475
 0.7586471302  0.7587060295   660.350984784143   665.706087893874   664.886525783529   665.113006804037   661.883160356042   661.002040300743
#[time: 0.76]
 0.7646896278  0.7646932528   667.618380499901   665.706087893874   664.204872798202    665.47205289855   658.973503804707    659.97911651053
#[time: 0.77]
 0.7710506162  0.7710983403   667.618380499901   661.415028307807   668.726600205066    668.15140660577   667.748161077629   664.839843135343
 0.7719647389   0.772008364   667.618380499901   671.426564128785   668.369196521409   665.716005104255   668.499589355986   667.658590856777
 0.7729390328  0.7729390585   667.618380499901   668.266675487909   672.836581451709   675.113873455078   669.472012024443   669.653061255514
 0.7730709927  0.7730709929     667.6183804999   668.266675487909   671.046919277695   671.442139722633   670.843462432287   671.237625735818
 0.7731628891  0.7731792094   672.474526468005   668.266675487909   670.024263105995   670.200657012088   670.773194188293   670.535694636254
 0.7747284024  0.7747322273   672.474526468005   670.274328589406   677.577904916933   675.022340624731   669.926010186847   670.221685202827
 0.7774999937  0.7775035658   671.005043930987   670.274328589406    675.33336643373   674.081522250706   670.918926213001   670.878875141352
 0.7778381663  0.7778879671   668.685550650238   670.274328589406   674.848080281999   674.458132653607   675.449485035286   677.018432808429
#[time: 0.78]
 0.7804124819  0.7804181911   674.206391590667   670.274328589406   672.986305752843   673.880424932543   672.285468453315   672.265445604351
 0.7816029811  0.7816146636   658.266037025014   670.274328589406   675.520292204412   674.169339620616      663.203388385   672.204910206888
 0.7820023626   0.782005838   677.302321016483   670.274328589406   664.918006514945   670.674639707208      674.516367113   674.016395342624
 0.7826025055  0.7826371107   677.302321016483   683.401162934808   682.353908749477   677.357839160483   679.675742167978   679.157647819418
 0.7835453348  0.7835584363   677.302321016483   674.044674205788   681.605337089964    686.31585280845    685.17478885181   681.514571308602
 0.7853214184  0.7853250702   677.302321016483   680.649634076242   677.408452579227   677.102311570015   679.463651134056   679.779349458595
 0.7854855349  0.7855224645   682.012901461374   680.649634076242   683.004934960774   684.313562069174   679.625404453634   680.052840909488
 0.7874203261  0.7874689915    686.26613025046   680.649634076242   687.411066477596   686.677164664457   675.902325321983   674.891576839191
 0.7877461637  0.7877521067    686.26613025046   688.254055357367   687.423258959883   685.435734495507   678.660342488202   678.797209444461
 0.7881099034  0.7881099037    686.26613025046   688.819880286351   690.725558799532   691.550323354695   690.644701565034   691.717028653856
 0.7882744278  0.7882928608    686.26613025046   684.172462790866   690.372995656533   691.633298066548   695.733039718056   690.699496168914
#[time: 0.79]
 0.7914287685  0.7914332724   685.397084086162   684.172462790866   689.338002267068   688.339958243023   677.685231530333   677.579663190074
  0.791467083  0.7914852726   685.397084086162   690.809987661779    687.56669316247   687.231882555884   687.940048173053   687.666072219926
 0.7922143731  0.7922167299   701.468401039618   690.809987661779   691.495305045657   694.514940414593   699.570864907328   695.892834877257
  0.792273853  0.7922847904   701.468401039618    702.15852316047   703.328596584537   697.875909220017   698.319620155297   697.999842123144
 0.7938214798  0.7938764616   701.468401039618   703.351741442158   707.442749715821   707.971275845224   692.764831023333   692.967093655238
 0.7941412359  0.7941515348   706.346370422603   703.351741442158   705.067459612043   705.582535355333   697.655760982776   697.918300570702
 0.7949439341  0.7949647292   697.928259893592   703.351741442158   707.372192513408   706.594370525926   702.926665165048   706.379005196969
 0.7956590539  0.7956630938   707.351380151261   703.351741442158   702.600744401311   705.066216722234   707.099000299689   706.405272660699
 0.7989594294  0.7990113026   707.351380151261   697.614466666401   709.578753956646   707.895306809949   711.934934572332   700.714704292215
 0.7990718488  0.7990870004   707.351380151261   692.499183184286   712.645129093768   705.179619777781   709.706109656931   699.376628171104
 0.7993691983  0.7993860893   707.351380151261   709.204588789977   705.158981606105   700.688375653996   700.258562050055   699.912740336381
#[time: 0.8]
 0.8004539367  0.8004971418   710.231522573705   709.204588789977   715.330788120749   717.006359227006   702.571502890376   702.586219683508
 0.8030864933  0.8031124885   711.643947718498   709.204588789977   715.153835683616   714.586250895285   703.749443635952   704.267440399594
 0.8031204064   0.803133347   711.643947718498   713.413426088871   715.943462364422   714.529677370861   703.871688746078   703.789069132207
 0.8059825164  0.8059932715   719.764066770203   713.413426088871   716.038690107608   716.661454560468   716.478145178046   716.553301582461
 0.8072159826  0.8072675183   719.764066770203   718.622070340393   720.125354472683    718.38185649574   730.250775554953   728.837922615715
 0.8080631227   0.808069603   719.764066770203   721.915102551989   721.340480694108   721.122401975045   711.381378701921   711.811708819249
 0.8083690505  0.8083875358    718.63794860213   721.915102551989   724.633074837511     725.6435658338   717.345704923789   716.644865766818
  0.809498081  0.8095030159   723.333487501085   721.915102551989   720.479605496224    720.58237089765   713.886399035792   715.106822748414
#[time: 0.81]
 0.8112146975   0.811218642   724.632460195896   721.915102551989   725.417314112042    724.90241981663   716.421609266204   716.214053575223
 0.8121913884  0.8122206283   724.632460195896   727.182558451768   727.409119213032    726.32038571228   717.554638277826   717.244208771264
 0.8135518893  0.8135819379   724.558430865655   727.182558451768   726.649793346558   726.996778121579   733.821538729214   737.624530121699
 0.8136681764  0.8137032353   724.558430865655   712.053483520367    730.13614031816   732.106194940233   729.495599495526    716.57579296949
 0.8140290164  0.8140326066   724.558430865655   726.124234183152   727.238804813541   718.555446894394   715.995200769404   716.192634351083
 0.8149695791  0.8150555324   725.435518319639   726.124234183152   727.398374145773   727.774994049855   719.972374814216   719.332156237747
  0.816181479  0.8161900032   725.435518319639   726.421040349228   727.874500405989    728.02625154797   727.053561067676   728.015025119008
 0.8177092103  0.8177118716    727.52395911542   726.421040349228   725.181167459831   725.104666447874   717.278268439597   717.120649781906
 0.8196722334  0.8197083441    727.52395911542   728.323746773891   727.001214310566    726.99774515972    729.23916478255   729.452331377647
 0.8197104184   0.819718931    727.52395911542   734.797529633928    731.36388832754   731.704221122814   728.889013445252   727.877299473269
  0.819843163  0.8198965135   740.635560561602   734.797529633928   731.484445522217   732.185600431653   730.356902464228   729.138795621689
#[time: 0.82]
 0.8213783489  0.8213800686   725.401173730251   734.797529633928   745.926546581166   740.517556534463   729.877868383674   743.336084955992
 0.8223663756  0.8223729739   737.533204050225   734.797529633928   731.625415363758   734.288401800499   736.549586005576   736.440499093569
 0.8230135559   0.823023065   736.642147574676   734.797529633928   742.861265456058   740.219206500508   734.211186893426   734.525491453291
 0.8282632158  0.8282714413   736.642147574676    742.25718098627   737.371156507445   737.078000134216   739.736564138819    741.15695932806
#[time: 0.83]
  0.830030552  0.8300572289   744.131957740653    742.25718098627   743.824910334049   748.222251567394   734.056795695004   734.303048477599
 0.8326461462   0.832656095   744.131957740653   744.880847667272   749.193572101354   747.571262594429   739.162434026241   738.126303243273
 0.8340896085  0.8340898861   742.803203300422   744.880847667272   747.496557100032   747.849431152869   742.749874683442   742.528773986353
 0.8373448425  0.8374513025   748.095858633626   744.880847667272   744.024943958283   744.082351284299   737.870200947458   737.533472615006
 0.8377335592  0.8377438505   748.095858633626   751.033568558975   748.199224649808   747.633159664795   745.054690142962    744.31847339964
 0.8385998308  0.8386082791   748.095858633626   751.769510733502   754.010871765509   756.727856954609   749.930320975095   749.907410126213
 0.8399033273   0.839909736   753.644414872886   751.769510733502   750.965464101131   751.832887879294   744.972903801486   745.483825311557
#[time: 0.84]
 0.8412130665   0.841233292   753.517915423975   751.769510733502   755.002945668023   754.495327399868   748.082379464453   749.105940892445
  0.841790145  0.8418030332   753.517915423975   757.674451865572   757.398321855788   756.390699284805   754.132109114539    753.11232967801
 0.8426067628  0.8426268331   753.517915423975   756.651928901621    757.25059350917   760.244841261007   752.183807468634   751.513802641368
 0.8473353068  0.8473646296   753.517915423975   757.258899778003   756.818120499977   757.590460321173   749.123647606628   748.031231844473
 0.8486251216    0.84862534   754.411368313721   757.258899778003   759.267947445191    761.61736363407    758.32415684992   762.409799200051
 0.8494286473  0.8494445536   761.338317658197   757.258899778003   759.964826821689   761.465593725351   754.789448978985   755.874390044024
#[time: 0.85]
 0.8525599903  0.8525623272   761.338317658197   762.475677286711   759.947094585857   759.648951233823   757.527829798389    757.17998903878
 0.8529235739  0.8529242115    765.66774411085   762.475677286711   766.274221202025    766.92996784934   755.240943504211   754.577086420632
  0.854199616  0.8542051182    765.66774411085   770.800868677598    768.44787471457   767.244820952297   765.952453083164   764.006471295513
  0.854354066  0.8543548864   772.942654003672   770.800868677598    769.87848816017   771.442246201899   778.652457236388   776.901283654586
 0.8563186098  0.8563431922   772.942654003672   775.937821508492   776.643293821121   775.373573958151   767.121175893976   765.637133003458
 0.8596889214  0.8597192675   772.942654003672   783.284000051652   775.886601132195    776.52430907059   778.617567176279   781.034364552868
#[time: 0.86]
 0.8604085131  0.8604147231    786.70184207994   783.284000051652   778.228796916683   785.793193614401   776.697398970723   777.367358334932
 0.8605058206  0.8605254482    786.70184207994   799.424458856755   790.352786451885   788.403401373258    793.32827482635   796.641561704819
 0.8625179852  0.8625698432    786.70184207994    783.36161882281   794.120989510556   800.312632477401   793.428859006695   787.654522599722
 0.8639687027  0.8639834398    786.70184207994   788.213144032376   791.404394439032   789.269912430392   778.148392521456   777.847454311095
 0.8644507299  0.8645300579   791.782307706276   788.213144032376   790.606512109075   791.261791442925   784.345018896056   786.071385768994
 0.8655405285  0.8655762165   791.782307706276   794.549846773028   795.325220395435   793.390418162219   792.983235993565   792.219411133267
 0.8678290105  0.8678329749   795.133156854666   794.549846773028   795.578242471968   797.112081693909   790.679428711419   791.100399890995
#[time: 0.87]
 0.8710310978   0.871050375   795.133156854666   799.307895587319   796.331951729112   796.257836917435   796.551312166936   796.333448888644
 0.8722597912  0.8722742766   795.133156854666   796.054033402944   800.238325934716   802.105677992642   796.695959239795   796.932659238252
 0.8723041138  0.8723060308   795.133156854666   798.136108211561   798.994422235331   799.253538497668   791.436864780939   789.519737522557
 0.8740710908  0.8740719109   795.133156854666   796.127322836901   800.812133171356   802.456109504165   797.926425067211   798.305810353393
 0.8762648201  0.8762822105   796.894283742684   796.127322836901   796.867609915708   797.027682751106   792.271498411755   792.365998707387
 0.8763492945  0.8763651879   799.336900981063   796.127322836901   799.254395816307   798.894133131909   789.683292532823   790.695465884952
 0.8766060302  0.8766073646   799.336900981063   802.772732552176   803.522942087085   801.326546569058    800.51690941503   799.886703424774
#[time: 0.88]
 0.8803468914  0.8803696994   799.336900981063    813.07641108222   805.427474828144   807.211741487106   804.650533704526    811.77222272003
 0.8840340262  0.8840413129   799.336900981063   800.166933180251   806.075052371418   816.093811232106   792.163609805329   791.826808620812
 0.8843040063  0.8843077403   807.368960377404   800.166933180251   801.498731434023   801.794011662682   797.837235372015   799.406606267161
 0.8845290282   0.884554376   807.368960377404   803.358486737879   808.693625089835   804.433436345949   816.723835450131   810.637939353138
 0.8877201814  0.8877262437   807.368960377404   813.865931063579    804.95680114672   805.282355697824   810.292036761895   809.640665995204
 0.8878836351  0.8879010753   814.468180383086   813.865931063579   815.069090917825   821.818118787902   810.882115623505   811.067397183238
#[time: 0.89]
 0.8919176994  0.8919295778   814.468180383086   817.201261901371   815.285454562936   815.149328912867   811.497740819936   809.863809834811
 0.8942173874  0.8942181221   824.291626214751   817.201261901371   821.063660759525   822.912995922907   821.806734816368   821.034039219285
  0.895361743  0.8953949165   824.291626214751   826.626431173004   830.475676860255   821.726631025584   820.130975921104    819.63842903927
 0.8962662968  0.8963611331   824.291626214751   827.477082503782   829.077464151581   830.023493322816   818.363914305576   818.012391306635
 0.8988095927  0.8988201424   828.794107393656   827.477082503782   826.545931854171   827.069161721968   820.853054794644   821.440216122284
 0.8998513967  0.8998758387   824.032869082357   827.477082503782   834.517743018172   833.598064817281   832.119407249577   836.359709355562
#[time: 0.9]
 0.9025661716  0.9025969414   824.032869082357     830.7130714394   824.063663936233   823.580580813589   826.018918824163   824.444360586417
 0.9029317766  0.9029875559   828.274790155811     830.7130714394   827.497945093651   829.073402393077   821.788498900245   821.730971853088
 0.9055740385  0.9056136069   838.983543048151     830.7130714394   831.006271119698   831.390784589364   840.170955493957   835.450060647932
 0.9056298405  0.9056812873   834.925754634298     830.7130714394   841.790649930021   837.444790486264   835.266785705896   834.081827400002
 0.9059566233  0.9059604395   833.235540032434     830.7130714394   841.300986686892   837.768776228261    823.92857723552   823.481080157268
 0.9064161764  0.9064526089   833.235540032434   834.267625972851   835.989122058405   835.027977941514    824.94046803734    824.52786618944
 0.9069306075  0.9069487877    836.23248461715   834.267625972851   835.062608577485   835.375929644572   826.651300529016   826.624174333927
 0.9069912688  0.9070277488    836.23248461715   838.108576558559   839.785733377528   838.840719696894   835.147293792695   834.857586787201
 0.9079144911  0.9079212737   839.802407122406   838.108576558559   838.855029073013   839.346723341513   837.869570686841   838.227115248336
 0.9081435455  0.9081480014   844.350105932757   838.108576558559   840.811678613105   840.412266228207   844.229349826229   842.206014988242
#[time: 0.91]
 0.9100727052   0.910085485   844.350105932757   845.369733642752   843.951451355802    842.45425065873   837.026935555362   836.722410259788
 0.9102767149  0.9102806243   846.389121978687   845.369733642752   847.112983582077   847.506122591309   839.429038371683   840.489240962553
 0.9120337795  0.9120444845   847.764399941482   845.369733642752   848.401513358942   848.148818258971   840.487852747228   840.988358244715
  0.912550415  0.9125570483   847.764399941482   834.757671233335   849.424866751098    848.65955288566   855.338756049493   840.183724377158
 0.9132122709  0.9132278678   847.764399941482   851.452974669738   851.685763286924   841.712358509369   845.075867089523   843.351151925446
  0.913676627  0.9136850918   852.835021061919   851.452974669738   849.916793681535   850.166151225641   855.551556132828   854.739034912905
   0.91501876  0.9150187602   852.835021061919   851.452974669738   855.685284047821    855.23879721553   855.893577774591    855.46998213483
 0.9162651679  0.9162781138   852.835021061919   856.014003622457   858.995785885708   857.982753648926    854.11976514034   854.007295050259
  0.917056551  0.9170573529   852.835021061919   857.485065640805   856.859519940509   858.782849166568   852.115816061397   850.388322265202
 0.9184558576  0.9184590694   852.835021061919   855.126286712654   858.004871400189   860.628555267433   852.305003983384   851.677249045225
#[time: 0.92]
 0.9203259642  0.9203376534   852.835021061919   855.608840102105   857.215231688565   859.152418238665   852.951197344308   851.162158135708
 0.9216466924  0.9216684958   858.361222533197   855.608840102105    857.63003061875   858.832028196783   855.834025327606    856.21676949761
 0.9226484127  0.9226540864   858.361222533197   862.632267396528     860.5838895379   859.586276268834   858.059100327842   856.585862429688
 0.9283490615  0.9283590682   863.410806624805   862.632267396528   860.742146892184   861.065848191917   853.100448071214   852.909957539489
#[time: 0.93]
 0.9329630681  0.9329759232   865.056505547219   862.632267396528   864.052685222254   863.954795335967   864.348496745752   864.133330646259
 0.9390186019  0.9390562802   864.199454089646   862.632267396528    867.62050236465   866.585504111865   871.399049376469   869.508934180564
 0.9399584198  0.9399994169   864.199454089646   868.100489018216    867.34952520852   866.253206852675    864.98718077022   863.541478314347
#[time: 0.94]
 0.9401403969  0.9401588011    871.55005099553   868.100489018216   866.116538717542   866.094124426033    864.40060607741   865.840386096323
 0.9417594874  0.9417645525    871.55005099553   874.602680924236   871.370565329053   870.658548391227   870.133044063588   868.867480917496
  0.943618938  0.9436485705    871.55005099553   877.730751216801   877.164954751987   880.039638366155   867.744567107645   868.178122680527
 0.9495355422   0.949555642    871.55005099553   863.096905148695   879.736520602702    886.47018197524   874.577603345212   868.484056732685
 0.9497779498  0.9497814681    871.55005099553   873.420736089618   872.670886932484   868.228724592836   864.235484631827   864.250474791562
#[time: 0.95]
 0.9505928634   0.950617666    871.55005099553   875.392310772214   877.259944875684   878.380300481323   866.085870121044   866.006520844925
 0.9561113326   0.956115553   877.631163582034   875.392310772214   875.643708059023    877.84323772663   877.161565462274   876.991748026576
 0.9569348961  0.9569594564   875.908517666063   875.392310772214   881.326832265472   880.153118817224   872.193863199559    872.34068377957
  0.958836455  0.9588598413   875.908517666063   884.324495677614   877.730802368323   877.577579182769   880.493667729947   883.322403521918
 0.9598511972  0.9598629032   891.569250259311   884.324495677614   882.508007396446   885.422285930364   888.951579293957   888.208070847715
#[time: 0.96]
 0.9613941667  0.9614137477   891.569250259311   890.737484252471    897.25742213292   892.065661568625   883.800896522202   883.849197441188
 0.9642749039  0.9643719097   892.018632053015   890.737484252471   891.660856118675   891.616775349695   882.577496821783   882.611838184996
 0.9657738563  0.9657762951   889.877511948865   890.737484252471   898.094533046004   897.052632181906   887.470170972724    887.23211836337
 0.9689724257  0.9689982521    889.84287601579   890.737484252471   894.263948451393   894.823227013062   897.860084734813   899.802432613386
 0.9694480544  0.9694597552    889.84287601579   897.083000177628   894.794116050395   895.252024133407   893.581897700438   896.543403636384
#[time: 0.97]
 0.9700788435  0.9700892764   899.566739785908   897.083000177628    894.69874693603   896.504162372232   894.983479273905   895.505389709245
 0.9705478542  0.9705883831   899.566739785908   901.730755760161   901.097770156365    900.57232143754   896.412526849415    895.44232006325
 0.9714591992  0.9714594614   899.566739785908   900.748213719556   904.372332683639   905.773942357738   899.087706436052   899.011181211478
 0.9731498641  0.9731596087   907.155644655455   900.748213719556   902.238639953892   902.621313152953   907.414141303379   905.015397583343
 0.9732858129  0.9733030259   903.989691906567   900.748213719556   908.679861939422   905.847629362147   901.926230594242   902.089354040509
 0.9759580276  0.9759648359   903.989691906567   905.843905977092   906.295863224304   904.997942932747   900.355265910851   899.891295381924
  0.976390363  0.9764319972   903.989691906567   905.057848475803   908.196081041929   909.078489997555   900.174250124518   899.904300442107
 0.9795592112  0.9795780426   903.989691906567   904.718943769219   908.153378164928   908.709838787066   903.069488720314   902.841998099792
#[time: 0.98]
  0.981040821  0.9810420844   903.989691906567   905.008392960671   907.725066137839   908.085152597249   898.627494033083   898.261736259501
 0.9831699179  0.9831953219   908.378564519317   905.008392960671   909.791327244265   910.419521273213   901.498268840556   902.877720465084
 0.9842283461  0.9842343808   908.378564519317   910.081491222332   912.243340554477   909.603658607311    899.99571593247   900.245564918302
 0.9848788335  0.9849215447   901.690937077864   910.081491222332   913.539036112474   914.530598778884   905.618831205169   913.081728480422
 0.9878719098  0.9878797873   912.100963700595   910.081491222332   907.534477143869   911.152247407531   904.332026453195   905.324079373344
 0.9881317888  0.9881353114   912.100963700595   912.889031632261   914.451937891585   913.634765118447   903.904211466787   903.530630820751
  0.988335354  0.9883481336   912.100963700595   909.409726705956    919.72185975382   920.462724611318   920.380582758401   916.082621085614
  0.989201682  0.9892336287   912.100963700595   915.933642155238   913.350246245643    912.47518714703   912.999865775862   909.905583962638
 0.9894919956  0.9895272438   912.100963700595   922.289363442075   915.629828447803   917.284903020758   917.630839600992   919.560498917606
#[time: 0.99]
 0.9902164625  0.9902175491    925.26434830316   922.289363442075    917.83578494765   924.039289372821   919.176593936137   921.386885477351
 0.9911737364    0.99118443    925.26434830316     931.5346922953   926.737188545052   925.918589330692   928.221316416468   927.876853481395
 0.9949201882   0.994992178    925.26434830316   921.956527359584   931.932775450566   936.901006139936   934.669444214979   930.494100708659
 0.9970623478  0.9970879541    925.26434830316   927.428201436623   925.845404733456   925.219574666997   920.650560996947   920.483615826535
  0.998138333  0.9981475127    925.26434830316   926.162842684158     928.4312823355   929.130133990556   922.587962936623   922.304481045585
 0.9984576082  0.9984874053    925.26434830316   918.094499007833   931.650298672347   932.360404729555   930.539515832296   923.163224942973
   0.99976668  0.9997936476    925.26434830316   923.859439571952    926.30745302147   923.325083982228   928.989011142023   924.009456482185
