# command line: ./generate_stepping_data --k_b 1000000000.0 --k_ub 100.0 --cb 0.6 --cm 0.4 --ct 0.2 --ls 10.49 --lt 23.8 --eqb 120 --eqmpre 200 --eqmpost 224 --eqt 0 --dt 1e-10 --label paramSearch-highcb --seed 1.0 --runtime 1.0 --framerate 1e-10 --nomovie --exp-unbinding-constant -2.0



#********paramSearch-highcb__k_b-1e+09,k_ub-100,c--2,cb-0.6,cm-0.4,ct-0.2,ls-10.49,lt-23.8,seed-1,dt-1e-10********
#time_unbind, time_bind, nbx_bind, fbx_bind, nmx_unbind, fmx_unbind, nmx_bind, fmx_bind
#[time: 0]
 0.0010267698  0.0010276688                  0   3.19487658878991  -3.85951191226344  -3.54288942038413  -2.39923778302179  -5.12544185607919
 0.0018220734  0.0018220736 -3.01980662698043e-14   3.19487658878991    2.1586415965333  0.291471727088392   2.42197658881536 0.0541112375905497
 0.0040242422  0.0040242424 -3.01980662698043e-14   3.19487658878989  -3.40778224119165   4.57338782710507   -2.8821964919356   4.14411855506367
 0.0044439789  0.0044465555  0.969503691511231   3.19487658878989   1.90903197182865   2.11547043280088  -3.80503325208424  -4.07785083529591
 0.0061573797  0.0061666827    6.0006129443645   3.19487658878989   3.12936445084335   3.59882111552862  -3.72468407363145  -2.11103693978759
 0.0087239116  0.0087245923    6.0006129443645   7.82375607606219   6.86798399266178   5.64309247522161   5.29374072714494   4.51791131686494
#[time: 0.01]
 0.0101771494  0.0101771496    6.0006129443645   7.82375607606226   6.91073691336827   6.89663716544348   7.11079666599375     7.447460982147
 0.0102796133  0.0102796135   6.00061294436447   7.82375607606226   7.53726424258905   5.01984224302555   7.44734829992898   4.44014806115024
 0.0121872516  0.0121881558   6.00061294436447   5.32869435082489   7.02372552900885   7.13582879056019   2.94202794642789   5.54811123028046
 0.0128359473  0.0128359475   6.00061294436461   5.32869435082489   4.41518144189795   6.62412997553389    4.4737215930485   6.52723738191097
 0.0138986857   0.013900313  -10.2968286114379   5.32869435082489   5.68106148751938    5.6794691089322  -1.63485031318872   10.0395688249698
 0.0145219987  0.0145222437   10.0612557231751   5.32869435082489  -3.28066961031327   6.88145489979928  0.994487520248233   1.63517157564182
 0.0169724225  0.0169736256   3.93142328035963   5.32869435082489   9.65177962328146   8.62761812959761 -0.671923746336344 -0.922368089519176
 0.0181754594  0.0181789207    9.5434718851616   5.32869435082489   5.35356835091538   4.47102919827924 -0.787347732638935  -1.43875524349031
#[time: 0.02]
 0.0232992309  0.0233152806    9.5434718851616    10.755171877653   5.46339910642155   7.63135727920648   8.15657672630633   6.83320818754518
  0.024698058  0.0247073834    9.5434718851616   11.7625198917243   10.5161725245606    10.938473679551   3.40940129017895   3.04815304524797
 0.0256289621  0.0256305504   14.2816222027422   11.7625198917243   10.7553450793198   10.8703365644055   11.6327987758221   11.7726484830832
 0.0287528594  0.0287531898   14.2816222027422   9.32800891259728   12.6183263592125   13.6704292438389   12.1209090674557   10.9783312717509
#[time: 0.03]
 0.0312044961  0.0312045338    10.302202131668   9.32800891259728   11.8659987981425   11.8366906267448   7.90060630518227   8.21843009964238
 0.0340292138  0.0340306487    10.302202131668   11.1154440694799   11.4526179396996   11.2925551334556   3.10961748079338   3.15205714304112
  0.034963762  0.0349646744    10.302202131668   14.5809592074932   12.4933451090966   10.1621865198685    5.5376404192524   5.32852917375808
 0.0349824732  0.0349847277   13.0066877550687   14.5809592074932   12.7572969352983    13.112001062291   13.0905181778641   12.7841191084001
 0.0351054442  0.0351067698   13.0066877550687   15.8541593933079   17.1126197331211   17.8482346124259    5.1010639036642   5.50152054879016
#[time: 0.04]
 0.0427477363  0.0427491941   20.6512647636323   15.8541593933079   12.2340080148582   11.8110581997322   12.2188419663366   12.9376843560278
#[time: 0.05]
 0.0505892249  0.0505905739   18.8185164029331   15.8541593933079   17.7408056866778   17.9570672316956    8.8969937668073   9.38424841930862
 0.0519160253  0.0519178525   17.9069539593179   15.8541593933079   20.3704203529825   13.9792654302297   10.3986396524733   11.0450157743638
 0.0553246822  0.0553248731   17.9069539593179   19.3228213168682   17.4709229761257   16.4463161224909   19.4514613564779   19.8051245934366
  0.059886074  0.0598872412   21.5954758957397   19.3228213168682   22.3552932224888   22.9055277885537   15.8506821157953   17.3687875089618
#[time: 0.06]
 0.0625623114  0.0625654246   21.5954758957397   24.6899900930276   20.5875011650008    20.458835378423   17.8314077431107   17.4349045771629
 0.0670146533  0.0670172421   13.2671931401841   24.6899900930276   23.1893330858412   22.8482013122637   17.8965652995942   20.1632122486586
  0.067252638   0.067258232   26.5839599484003   24.6899900930276   18.5300310116052   19.8320274004876   20.0320846279665    21.721818775996
 0.0675049127  0.0675049129   26.5839599484004   24.6899900930276   28.3512145968493   24.4545612047208   28.5316643486652   24.5907169304779
#[time: 0.07]
#[time: 0.08]
 0.0852829095  0.0852831485    23.699896004767   24.6899900930276   25.4204919505656   25.5104977668288   16.3281617350957   18.6687947238426
 0.0862083035  0.0862104466   25.2343908960058   24.6899900930276   25.5002718102966   25.7778476658205   16.1511735761339   16.4792124206264
 0.0876761052   0.087679644   25.2343908960058   27.8492291300776    26.338012652464    26.077499979271   22.5370595185839   21.3019088289943
 0.0885527137  0.0885527216   22.3745313086543   27.8492291300776    26.314888618291   26.1736163422516   25.1460244747422   24.4627356870512
#[time: 0.09]
 0.0902098204  0.0902098206   22.3745313086544   27.8492291300776   25.5091462430994   22.6750702130817   25.4693990190278   22.5606291783213
 0.0912091558  0.0912149552   22.3745313086544   25.5136191551394   26.7031153134871    29.048632427732   14.6362562728382   15.4511248756584
 0.0927187894  0.0927187897   22.3745313086544   23.9730563169355   23.9299706399012     25.33005359886   24.8142845322205   25.8716414925761
 0.0929808994  0.0929868021   22.3745313086544   1.87645411167149   23.4240679917506   23.6975815327856   22.4157159034238   4.54913461963482
 0.0939321089  0.0939347132   22.3745313086544   24.0120381497903   21.4493542378073   7.45476174197336   17.3477648588883   16.7947698936056
 0.0965837399  0.0965886305   -13.324239962199   24.0120381497903   23.7738505425183   23.8821654069398  -5.37856776667094   28.0829509614879
 0.0987359658  0.0987361959   1.79913141913356   24.0120381497903   -8.0031667739307   17.4980937002405    11.222642657991   20.6886139165323
 0.0996041623   0.099604299   22.9675663316259   24.0120381497903   5.95627426400509   23.0344850171797    23.415862667612   23.4085313801122
#[time: 0.1]
 0.1009029982  0.1009040458   22.9675663316259   22.4392751717664   24.9066621471118   25.1247377525298   17.2757997464057   19.3936224579958
 0.1066989011  0.1067079609   23.7651766556207   22.4392751717664   25.2651402492118   21.9603499224113   23.9381138973747   20.8799290010191
#[time: 0.11]
 0.1142421385  0.1142425652   25.9811492502157   22.4392751717664   24.1522116174052   23.8924763856444   16.9410789362626   17.6149939459852
 0.1165318779  0.1165339511   25.9811492502157   27.2876457907913   24.2937505984562   24.2814780598294   23.4552683337099   22.8834446808771
 0.1193793531    0.11937993   30.8727095924635   27.2876457907913    27.023504967695   24.3524968193491   21.3705183931097   21.6769854513547
 0.1196171528  0.1196171942   30.8727095924635   25.6610853687633   33.3785117885894   32.0084004340129    35.375604381854    31.266114913438
#[time: 0.12]
 0.1232206569  0.1232258038    23.006218357729   25.6610853687633   29.3421590259268   28.7988118761312   22.5176735955419   22.0295249720719
 0.1244707483  0.1244707529   21.0691099263318   25.6610853687633   27.1266864221337    29.062152922893   23.2841968288259   26.9030551303435
 0.1261807067  0.1261848099   24.3075950277468   25.6610853687633   25.0191698329525   26.4992660680299   23.3693796964382   22.7619668913795
 0.1287037495  0.1287053515   24.5703644701753   25.6610853687633   24.8633744496923   25.2629826026099     16.83634886762   17.0809336455533
#[time: 0.13]
 0.1332004156  0.1332028753   24.5703644701753    23.429308413382   26.6178914114491   27.1058221205195   18.8155492026341   19.9385822514332
 0.1357331065  0.1357332934   24.5703644701753   19.5867723082935   25.6385551643628   25.1758507949639   23.5606369943804   20.5507544374912
  0.136912117  0.1369193759   24.5703644701753   26.1181155370865   23.6868401110181   22.8944616281276   17.1107345661358   16.2233407148807
#[time: 0.14]
 0.1448879919  0.1448908351   24.8898727271551   26.1181155370865    27.474517748891   22.8071809752417   20.2251462190713   19.9119266506703
 0.1468905633  0.1468938008   26.9688667552634   26.1181155370865   26.8376463224609    27.015341079073   18.5751556674232   19.9374280571722
 0.1476556286  0.1476579641   26.9688667552634    24.316147726928   27.1773999743262    27.104029459925   21.3617417918717   24.4755285079411
#[time: 0.15]
 0.1505087668  0.1505089013   26.9688667552634   15.3295156047761   25.7156888736017   25.6432450047364   23.3658884814415   22.2903770484977
  0.150687595  0.1506875952   26.9688667552634   15.3295156047762   28.3373109201454   17.5687951373448   29.0451853421717   18.0699340948214
 0.1513470715  0.1513471058   24.5763787924358   15.3295156047762   27.4924208190206   22.4524816966472   22.3132842716988   11.4423707032858
 0.1513863118  0.1513919619   24.5763787924358   20.3200717628034   22.9313512975602    18.311428093605   24.9319396838467   23.8491406673924
 0.1566989591  0.1567144462   21.5697749849766   20.3200717628034   23.6107142800943   22.1367776499568   11.7860073280492   12.1262707994266
 0.1577009835  0.1577031036    22.861082986018   20.3200717628034   21.2015666924746   21.1582141991387     17.41236625225   18.4848294624549
 0.1591737137  0.1591747997   28.0677245104867   20.3200717628034   24.6735443607152   23.9105118718713   19.7882325802767    20.829062987687
#[time: 0.16]
 0.1614179438  0.1614199788   28.0677245104867    33.320517327337   25.9591077389401   25.3085799061257   31.2435138097498   32.0031885900766
 0.1619866508  0.1619868181   28.0677245104867   32.6413379068109   32.0039291436555   34.3140835565671   28.4268494668795   26.6034468358834
 0.1627532979  0.1627688245   31.7380056368092   32.6413379068109   30.2091925478069   32.1187165634698   32.9768248812406    33.123122719401
 0.1628502551  0.1628515153   35.8219593745815   32.6413379068109   31.9301940777232   31.8918516797034   28.2482619327006   30.0782357608371
 0.1634017504  0.1634017506   35.8219593745815   32.6413379068109   36.4905499018211   35.2960944944226   36.5063680460071   35.3543371634737
 0.1636152372  0.1636158962   35.8219593745815   35.0397280817391   34.6890929429056    34.139399608834   31.7168434914716   31.9436775062405
 0.1641536983  0.1641595957   35.8219593745815   37.2036701192498   32.9249130399582   37.5240073472242   31.2944844679122   29.6451684010565
 0.1652453396   0.165264881   35.8219593745815   32.4571035314234   36.7277755457302    35.608329167856   30.4756019185671   31.4050778390371
 0.1655620248  0.1655627862   35.8219593745815   34.7373304843171   37.2028039944106   31.0238260738913   29.9512053574824   30.3635101764993
 0.1673230654   0.167323216   35.8219593745815    36.957145803486   36.2567735208048   36.0922123660637   30.7139648461864   30.1018699785615
 0.1675196467  0.1675215052   38.6615799786769    36.957145803486   36.5769296372377   35.5539512208978     31.84507933039   32.9734849570503
 0.1684761555  0.1684782272   38.6615799786769   40.7935520268189    38.448160378543   38.0621714111397   32.2305528996617   31.9748627015645
#[time: 0.17]
 0.1730749467  0.1730752541   45.4504273052784   40.7935520268189   42.0905672911711   36.4785345866487   34.9877918310695   36.2532259035176
  0.175405553  0.1754070607   45.4504273052784     48.33041314889   44.8452569204076   43.5694914459967   40.0047615564273   39.2242455403341
 0.1766543946  0.1766553125   45.4504273052784   47.7847067118755   47.7099630472584   48.0843386598685   39.4570329400283   37.9822375488973
 0.1772011766  0.1772011768   45.4504273052784   47.7847067118755   43.4234183260685   51.2323671917903   43.1846739435054    51.274215385001
 0.1781238225  0.1781240907   48.4818612344338   47.7847067118755   47.1886125084269   45.6584081628058   40.4334700668463   41.4849881551215
#[time: 0.18]
 0.1824755137  0.1824787725   52.7153305346497   47.7847067118755   50.1005379481952   49.9032695236788    44.216587029505   44.6608484961954
 0.1855351536  0.1855352207   52.7153305346497   50.0733666950465   48.8644180930345    49.919653086886   48.6980681279538   49.9000161722684
  0.188831133  0.1888459254   52.7153305346497   53.4353700130092   56.9329561954753   55.6335968082426   47.0380942430559   46.6871435256173
 0.1893682025  0.1893682027   52.7153305346498   53.4353700130092    55.937687976927   56.3387637961215   55.6820804114632    56.095199217289
#[time: 0.19]
 0.1910621629  0.1910634852   56.8422947032835   53.4353700130092   55.8969135422632   56.1974482253826   47.3082991922055   46.4356625653191
 0.1911026626  0.1911114082   56.8422947032835   60.1501572670109   50.1612057280096    55.927614088759   51.8097749581268   51.9922196815257
  0.191651116  0.1916511162   56.8422947032835   60.1501572670109   58.6285720808492   58.6773977076142   58.5801712418233   58.6153678564735
 0.1948320193  0.1948336562   57.3894690542488   60.1501572670109   57.7692881775681   57.2976831710316   56.9463719499487   55.9704700793286
 0.1960305823  0.1960315626   62.0609803215317   60.1501572670109   59.7438040949075   60.0550511766822   56.3443768511144   56.6362937062862
 0.1962030807  0.1962037465   60.7942896671347   60.1501572670109   65.4968279271773   57.2851780998489   52.0349739215582    51.876970028571
 0.1984582066  0.1984626391   60.7942896671347   63.6442944131116     62.34016971725   62.0587895233917   57.7994938340301   57.3138586209818
#[time: 0.2]
 0.2019121534  0.2019123736   60.7942896671347   64.5346269706679   66.4486454969912    68.245391078126   57.2140086571659   54.6675384999302
 0.2029096642  0.2029121152   60.7942896671347   61.5336027448232   61.9968548635845   63.7837951119439   55.4753855274956   55.3017376871488
 0.2079573518  0.2079606795   55.6754687537573   61.5336027448232   65.6657700948161   58.9800816487902   58.8602016922783   59.1269347187783
#[time: 0.21]
 0.2117969367  0.2118089946   57.8598000696183   61.5336027448232   59.8227990799632   62.0881448775721   54.6745546441035   54.4743274263666
#[time: 0.22]
  0.223351976  0.2233530502   65.5007394086636   61.5336027448232    59.602981809688    59.554345768998    55.407513861135   55.2226170841756
 0.2264697592  0.2264715276   65.5007394086636   70.6533532799381   63.5486191477319   63.5285596987618    61.856231373626   61.5751548060067
#[time: 0.23]
 0.2311874152  0.2311933417   73.2633510495317   70.6533532799381   68.2478966512177   69.4209322542028   63.8426224632801   68.7927449238831
 0.2326076162  0.2326124084   73.2633510495317   74.3206907624491   75.1721721520456   73.9802979219874   68.3236755891441   67.9885784457411
 0.2338369182  0.2338375916   73.2633510495317   75.7475100150003   75.0425772862621   75.1644703783504   67.4534654875378   67.3362245751392
 0.2371195584  0.2371198167   73.2633510495317   76.8035519858312   74.1111989687649    75.754030501382   69.6854079361059   66.5769023165864
#[time: 0.24]
 0.2427545986  0.2427614054   77.3298568231661   76.8035519858312   74.7436093355435   74.5261686070335   69.3003785657879   69.7958820036156
 0.2497825436  0.2497836342   77.3298568231661    58.123828858314   74.9037670825531   76.6739038778133   73.9726162293428   64.6851669791533
 0.2499060785  0.2499083214   77.3298568231661   78.6213427243939   73.6203887835189   64.8813538185968    69.098880939234   68.3371999300834
#[time: 0.25]
 0.2502156592  0.2502158092   77.3298568231661   60.4513372761577   78.8974730379088   79.6945166502956   71.4342111476287   63.2215208940025
 0.2512133345  0.2512133474   77.3298568231661   69.0481532573413    74.311724317966   66.6566559011075   74.9908521134741   73.5276201259892
 0.2512424303   0.251244511   77.3298568231661    82.035592786917   72.9163371522334   73.2569411620259   72.2190871550981    71.943800660491
 0.2514024741  0.2514075568   85.6082635816555    82.035592786917   80.4135759281435   81.4134206695704   75.7078437828797   75.9207302644566
 0.2525971498  0.2525982028   85.6082635816555   87.4962621240166   83.5164750574734   83.9678882541652   84.1335319394366   83.7895645966688
 0.2528502993  0.2528505316   76.8680161767027   87.4962621240166   84.5336369974272   83.4578156200952   82.4371733580386   87.8356327012143
 0.2542758042  0.2542758197   76.8680161767027   83.8024747866336   80.4466065903457   86.2467759988369   81.4548964101517   91.3103209708423
 0.2554959365  0.2554964042   86.6759667662231   83.8024747866336   76.2742093233281   84.2339559473036   76.9545343758656   80.0568426800087
 0.2579542527  0.2579564657   86.6759667662231    88.294667576629    88.391036373612   87.0884733088921   81.6217214449073   80.4411570871264
 0.2585394984  0.2585407421   86.6759667662231   88.4931644950193   87.4578425437741   87.4431081327113   79.9669467594947   80.0146171827602
  0.259612101  0.2596121462   77.7578126431788   88.4931644950193   88.8037123908184   84.7853297443755   80.3694456080309   92.7347416314792
#[time: 0.26]
 0.2601043609  0.2601076529   90.3643076638436   88.4931644950193   83.7405493876717   86.5466095710697   84.2093410957147   85.0517811079527
 0.2616428693  0.2616428695   90.3643076638437   88.4931644950193    90.444171101544   90.0787703863117   90.5767791977154   90.1727401382074
 0.2666705356  0.2666731248   90.3643076638437   88.7025665583311   90.6536368839527   90.5668285303639    83.320480676854   85.0913850959203
 0.2690996127  0.2691011655   90.2821325816905   88.7025665583311   93.6517316753229   93.0621584353935   82.0839114348298    84.914997105895
 0.2694577871    0.26946229   94.4552197262986   88.7025665583311   92.7099207676315   92.2379374698735   84.1730208323564   86.1990515003863
#[time: 0.27]
 0.2747909055  0.2747925718   90.2511213342011   88.7025665583311    93.140114136379   86.0894028047759   87.5355019961683   87.8148701936275
 0.2788616205  0.2788618074   90.0477824043038   88.7025665583311   93.2544777744766   92.5391235796497   81.1393982702342   82.2792562154516
#[time: 0.28]
  0.284702932  0.2847029333   90.0477824043038   89.0724429485623   90.2443928130523   89.3992249155058   89.5656196232932   88.6449907025942
 0.2855831407  0.2855873829   88.3707220874668   89.0724429485623   92.5803202753631   92.1043495584187   86.1426875324073   85.7820130475695
  0.288351577  0.2883526389   83.2955927759627   89.0724429485623   88.4552967114041   88.7889556373518   86.0815745378458   86.2537981877364
 0.2892000056  0.2892001439   93.8781431577222   89.0724429485623   85.5178008673399   85.1415688528789   84.1799990272649   85.4093575404257
 0.2892049719  0.2892051579     89.77448889121   89.0724429485623    95.892021925992   87.2506147232093   85.4905413873712   89.7615490887233
#[time: 0.29]
 0.2964354948   0.296435495     89.77448889121   89.0724429485622   92.1577862135049   91.7077594662544    92.132711016933   91.7120411397569
#[time: 0.3]
 0.3051310569  0.3051310571   89.7744888912102   89.0724429485622   92.5742171443747   92.1244211204563   92.3209127314567   91.7992306840414
 0.3071488319  0.3071557907    89.887318786533   89.0724429485622   93.4077496762597   93.0831231006898   88.5857458352112    88.604123246826
#[time: 0.31]
 0.3101819622  0.3101819624    89.887318786533   89.0724429485622    93.203030020255   92.7228474805438    93.408581334856   92.8567011130705
 0.3105771627  0.3105775605   90.9483874130299   89.0724429485622   89.6636848333917   89.6297431733067   86.2710887260967   86.4860140503849
 0.3109756386  0.3109769325   90.9483874130299   92.3448754508664   92.5697366256527   92.1595289392147   91.7369393440095   91.7709030496478
#[time: 0.32]
 0.3260305906  0.3260305908   90.9483874130299   92.3448754508669   91.7889210659719   91.6789299281716   91.9108443160623   91.6257819980935
#[time: 0.33]
 0.3306176655  0.3306202937   90.9483874130299    92.304538949008   88.4775424684462   93.6173543369081   82.9965215535197   83.0103366843424
 0.3308041996  0.3308041998   90.9483874130299    92.304538949008   93.3407619238722   93.9055667336128    93.149791566472   93.6903756181162
 0.3367482018  0.3367611997   92.8132872725752    92.304538949008   91.9177700765454   92.0805256964807   83.6479129005211   84.2514079969249
 0.3395873501  0.3395921255   96.6663878404245    92.304538949008    93.777164838386   93.6303376491605   90.3361520643717   91.7552655933509
#[time: 0.34]
 0.3433955856  0.3433964692   96.6663878404245    95.848817204378   97.3284385601328   95.9147612379994   96.7323357591097    96.663148973321
 0.3455234975  0.3455270168   103.891841720607    95.848817204378   98.6826151067948   98.4477214111732   93.4525112261169   93.6439857437378
 0.3461262815  0.3461264142   103.891841720607   102.139745092391   101.706860693554   100.729955270634   102.431417651826   103.386569181737
 0.3480134463  0.3480239768   103.891841720607   105.267080911052    104.07300774424   103.085549881595   98.5194054893111   95.1984248860659
 0.3487150569  0.3487150571   103.891841720607   105.267080911052   105.857622083731   106.269740122438   105.800708248958   106.185196745001
 0.3497209908  0.3497216662   103.891841720607   105.353970337402   105.383375558181   104.714187209216   104.851718463577   104.912287838964
#[time: 0.35]
 0.3545288012  0.3545308641   103.891841720607   93.7921188103462   107.984965445249   108.463976647538   101.971944638598   99.9438523771414
 0.3545462501  0.3545489923   103.891841720607    104.53883695873    102.71421280179   100.543717783835   95.1723835098429   95.2914924475699
 0.3579668207  0.3579728941   98.9511758221032    104.53883695873   104.350498525727   104.371314628865   98.3764353845779   98.0608964025674
#[time: 0.36]
 0.3612646924  0.3612674387   105.291039218374    104.53883695873   102.167379138212   102.484384459844   103.331218468041   103.453674530518
 0.3624364509  0.3624389749   102.761720281268    104.53883695873    106.57213879643   106.345127026291   103.516447706922   103.450487058437
  0.364218079  0.3642284772   102.761720281268   72.1103331597968   106.675949533687   107.558724014934   102.045062144032   79.4958334288204
 0.3650511232  0.3650559101   102.761720281268   100.585622746307   100.563394053465   78.3827987303567   101.959758912477   100.366835546742
 0.3670134474  0.3670135973   102.761720281268    107.11898298931   105.887863961509   104.490570193807     98.62139655189   97.5800085922386
#[time: 0.37]
 0.3702752393  0.3702765028   95.8779745684335    107.11898298931   104.676165159697    105.73331079362   103.204167543698   107.653548248658
 0.3713807765  0.3713901629   106.453245332649    107.11898298931   101.092969177409   104.019342725966   99.4968679387737   99.4967829268624
 0.3741723138   0.374172314   106.453245332649   107.118982989311   107.974971334125   108.439345059792   108.009047339272   108.407281648162
 0.3745659126  0.3745672032   106.453245332649   105.912537340244   107.507133554726   103.308258522737   98.1684299771172   98.1927928128889
#[time: 0.38]
 0.3803863718  0.3803898946   106.453245332649   105.617989725625   108.902752457463   108.634093369256   98.6986186142264   98.8251836461511
 0.3814214572  0.3814268211   106.453245332649   108.778734251617   107.878340045223    107.70373091798   102.137160381499   101.554716642031
 0.3873991275  0.3873992857   109.960512893679   108.778734251617   108.529535657247   108.951255051455    107.86184451595    109.96882845887
#[time: 0.39]
#[time: 0.4]
 0.4041346312  0.4041378776   109.960512893679   109.257795547454   112.738514889532   112.446031579257   102.561464463594   102.721501569292
 0.4055936793  0.4055937082   114.331720326983   109.257795547454   112.382327055123   112.022902239696   116.423209680491     109.9181886098
 0.4063158426  0.4063199052   114.331720326983   118.268479437591   117.003125406156   114.978288378285   114.641132688632   111.086514557832
#[time: 0.41]
 0.4105077939   0.410507854   112.500012979035   118.268479437591   117.637316353164   118.363205316487   115.815918521373   120.156996712669
 0.4116263874  0.4116332638   112.500012979035   114.447873362379   114.647891185239   113.824524819688   105.991113295402   105.249003731667
 0.4116747711  0.4116792106   112.500012979035    109.68477181854    109.24428489336   117.329638238546   106.018963081494   111.867926695357
 0.4128312348  0.4128318503   112.500012979035   115.159195777048   112.151001704912   111.187714108806   107.679935689157   106.194717917069
 0.4163197336  0.4163197908   112.500012979035   113.869202274228   112.984063415714   112.471872084961    107.41014331998   107.035788985204
 0.4169816838  0.4169816861   112.500012979035   113.712826959192   111.592573496356   112.569183090714   112.940401895216   111.150317186343
 0.4171713989  0.4171743439   118.333861865406   113.712826959192   112.087746399631   112.800669678715   108.931791899338   109.402920003344
 0.4176873404  0.4176873406   118.333861865406   113.712826959192    115.44224222342   116.033096128372   115.831163283323   116.002639906472
 0.4199809411  0.4199868542   118.333861865406   120.648341730103    117.06904472477   116.573924665826   111.996677958963   111.519274295159
#[time: 0.42]
 0.4200409014  0.4200411381   118.333861865406   119.950325106509   119.195711800049   120.841179353067   113.045174874248   111.987070866992
 0.4215591205  0.4215631326   118.038246476727   119.950325106509   121.456051751426   121.834506496028   120.558282748449   120.875076988228
 0.4234116019  0.4234175025   105.156527150205   119.950325106509   119.742939247155   120.205550210609   113.261403966358   123.334566071222
 0.4237687416  0.4237695398   110.277551504565   119.950325106509    111.45346826304    120.65011015661   115.016696673616   113.785942301418
 0.4250655834  0.4250690951   124.009965129615   119.950325106509   115.812436320045   114.306088866693   115.050346256192   118.038828460589
 0.4263504923   0.426351067   124.009965129615   127.629219778145   123.875097911395   122.720661010217   123.199606824401   122.515142888801
#[time: 0.43]
 0.4300980367  0.4301015203   129.059715744582   127.629219778145   125.323792482955   123.830653596146   120.324212432756   120.259749449713
 0.4353729477  0.4353744395   125.538700491198   127.629219778145   128.801693730176   128.534001679778   130.237133130577     127.2831075628
 0.4355778774  0.4355783996   131.868984364139   127.629219778145   127.012433012159   125.178600635296   124.659057632613   125.182351808268
 0.4394032353  0.4394067966   131.868984364139   135.890056524983   130.473475075027   130.010715730132   125.689626673024   125.623116003713
#[time: 0.44]
  0.440423408  0.4404316254   133.607917054245   135.890056524983   134.481825380496   136.401252905956   134.414579978774   134.123570336607
 0.4413042844  0.4413084577    138.17247463172   135.890056524983   136.695783446888   137.342865896688   131.598378920046    132.72849289923
 0.4450708758   0.445070876    138.17247463172   135.890056524983   141.657388119359   140.289866743056   141.704795410291   140.291267623543
 0.4455040426  0.4455040428    138.17247463172   135.890056524981    138.34617131086   135.793986665234   138.166094844079   136.339355622591
 0.4473018179  0.4473102939    138.17247463172    140.62306702555   134.375258178201   136.982181708415   133.830943983139   131.799962997131
 0.4485730828  0.4485777301    138.17247463172   136.889947578521   140.117875194532   140.413204914694   131.667169046559    136.06741642608
#[time: 0.45]
  0.450208116  0.4502115182    138.17247463172   137.553341524294   137.598837494492    136.64665433933   130.724206703155    127.33013577701
 0.4503591268  0.4503592422    138.17247463172   137.198203243011   138.709192608089   138.567955701043   141.437600585681   140.170544690972
 0.4512899565  0.4512902118    132.58493622433   137.198203243011   137.600578043709   137.649688560288   137.494766778522   139.538863289339
 0.4523680075  0.4523690277   129.494391545434   137.198203243011   135.157218295061   136.586489591078   133.502195220074   133.758887949225
 0.4581156365  0.4581178752   142.249243013789   137.198203243011   133.665053635958   134.941095414394   134.459926036357   134.441418971364
#[time: 0.46]
  0.460330958  0.4603342471   142.249243013789   145.970719215119   143.779420603113   141.935285229397   144.315336875702   145.087376652728
 0.4604096848  0.4604108605   142.249243013789   132.558100836437   144.286688881864   144.367890619598   137.064880452682   137.355191442274
 0.4637498832  0.4637500226   142.249243013789   145.791094306443   141.218096444192    138.66104717971   141.671045890386   139.543436708107
 0.4656962963  0.4657019387    147.55532916228   145.791094306443   143.751769190155    144.93332825256   142.241247582033   142.335575666486
 0.4664447537  0.4664464233    149.37151243531   145.791094306443   145.696107159724   145.942372500435   142.028680042548   143.300955688938
 0.4694668834  0.4694707692    149.37151243531   154.613525378281   145.556535134885   147.488481404444   149.767275442373   147.108172126636
#[time: 0.47]
 0.4709576369  0.4709576371    149.37151243531   154.613525378281   144.151083029908   156.274498032522   144.196413970813   157.333250793599
 0.4727873625  0.4727894884    156.22353055197   154.613525378281   151.033594113456   153.709559040567   149.042071429275   149.361996525748
 0.4760294587  0.4760318146   156.442296303998   154.613525378281   156.244639748315   155.295049396859   149.562083752005   150.053972859699
 0.4794877718  0.4794939939   156.442296303998    155.81350078611   159.990113670262   158.519489443544   154.414157014891   153.367481791415
#[time: 0.48]
 0.4846384996  0.4846427362   156.442296303998   160.805033425324   154.551249487738   156.033137087151   153.718789314631   153.617900094219
 0.4847882895  0.4847904481   163.440607722586   160.805033425324   158.796808805051   159.015944119812   155.250325680025   155.242286413178
#[time: 0.49]
 0.4976711693   0.497671817    163.02526636521   160.805033425324    164.41022219756   156.162020413036    155.83044715004   156.373747715984
 0.4993210579   0.499322283   159.150790592219   160.805033425324   161.157299809266   161.390293280369   153.642526511802   153.590416348653
#[time: 0.5]
 0.5004255707  0.5004277545   160.186924617544   160.805033425324   161.016453858582   161.858286507545    152.13749346334   155.407642933456
 0.5018870988  0.5018880331   160.186924617544   161.002605621403   160.171039529393   160.140821552826   155.310167038466   155.182732314585
 0.5048048557  0.5048048652   159.624936337551   161.002605621403   160.061882291681   160.323816643812     160.4404444251   160.624942629947
 0.5070933754  0.5070938867   159.624936337551    164.96257227132   162.934259206519   163.671422303791   154.912924408673   161.465503386876
   0.50716228  0.5071622807    158.34495187333    164.96257227132   162.064769537449    161.94424732293    161.93759298777   162.141287541346
#[time: 0.51]
 0.5174048792  0.5174050856   166.795716337054    164.96257227132   162.976237132431   166.029368173033   156.830289409224   159.439077056349
  0.518146456  0.5181464562   166.795716337054   164.962572271319   168.335744266237   167.294347992157   168.000024068806    166.99874066299
#[time: 0.52]
 0.5244819059  0.5244828976   170.428210063311   164.962572271319   168.247569271997   167.720684337183   161.214708193361   160.645304327302
 0.5256454866  0.5256456757   170.428210063311   172.667261447763   166.027910427079   166.454606465204   164.610289312994   164.173683010923
 0.5296209367  0.5296279769   175.872777095004   172.667261447763   171.660878483315   172.041124132838   165.665941717797   165.893674207923
#[time: 0.53]
 0.5325138696  0.5325138711   175.872777095004   172.178863689019   174.653012438783   173.892416072648   174.282451255318   173.489812563682
 0.5358033544  0.5358062707   175.872777095004     172.6543667423   175.540764905038   174.955685274822   171.387789468462   175.615852143849
 0.5381077231  0.5381101802   175.300969011531     172.6543667423   173.969985999251   174.063937634057   164.869256726116   164.441697159608
 0.5392891003  0.5392957155   161.090457494685     172.6543667423   176.273735967462   174.804153559592   165.491256555115   169.592655783459
#[time: 0.54]
 0.5409915153  0.5409920583   177.062688588112     172.6543667423   160.340050094612    170.49630789659   166.573884460922   170.755348763197
  0.543952121  0.5439524649   177.062688588112   181.863229338327   177.763957436788   176.111803107084   177.433207628608   176.471341892114
 0.5456239595  0.5456239802   180.567507614608   181.863229338327     178.7600350271   179.531021398814   182.174822707746   182.479466813771
 0.5468345193  0.5468390797   182.713004272336   181.863229338327   184.276251860841   185.018830948604   175.126427738858   175.327246601867
 0.5485742555  0.5485742657   177.171315657913   181.863229338327   181.963806469486   182.199878479281   181.065177925129   182.488355867687
#[time: 0.55]
 0.5505369174  0.5505369552   177.910841725565   181.863229338327   179.147799097297   179.016183558655   177.820936659075   177.141477378834
 0.5507363199  0.5507363201   177.910841725565   181.863229338327   181.623314671058   183.595726468011   181.922935064681   183.946929233274
 0.5517062599  0.5517084366   182.561609322479   181.863229338327   179.810176664509   179.670443420701   172.813386585653   172.772645006978
  0.552939806  0.5529398062   182.561609322479   181.863229338327   182.915635262158   182.702128982027   183.349818062391   183.096773182182
 0.5534430285  0.5534441379   178.153180190923   181.863229338327   184.755438971723   184.621900729758    180.30110504168   181.087984562955
 0.5537013323  0.5537016172   186.665132593279   181.863229338327   180.355780377558   179.243575844653    178.44307080221   178.712465091392
 0.5570459187  0.5570459189   186.665132593279   181.863229338327   182.856757104898   184.744579954373   182.586528870754   184.884093742798
 0.5577223611  0.5577242214   186.665132593279   185.313253703995   184.294799343017   184.268476868254    182.67970905666   183.143789994976
#[time: 0.56]
 0.5600557418  0.5600576876   186.665132593279   188.956982024508   187.362215895887   186.975559104352   179.718019125786   178.477279523468
  0.563437397    0.56343741   186.665132593279   191.924989697458   188.559422881012   190.054361229855   187.939037396983   185.228757574663
 0.5636014034  0.5636014833   186.665132593279   193.923617349853   189.422836718751    190.08966668558    187.97968360001   196.277246171775
 0.5662940561  0.5662940563   186.665132593279   193.923617349853   191.508381755243   193.263865636859    191.51801996247   193.521479119723
 0.5669326482  0.5669351864   186.665132593279   187.562715271234   188.958455190169   191.742581469959   181.232149080201   180.259007535121
 0.5690148055  0.5690176283   186.665132593279   187.681975553522   184.902145301674   189.353938317937   179.376010927985   179.305458103461
#[time: 0.57]
 0.5735745044  0.5735748434   186.665132593279   181.812519688005   190.567827244493   191.346052457248   176.509547165646   175.712433128591
 0.5749280747  0.5749290876   184.766318594751   181.812519688005   185.795080321315   185.020066876608   177.497082080391   177.980082608502
 0.5752282472  0.5752311605   184.766318594751   186.583815836081   184.563425303636   184.260813179934   182.880740836751   181.840783833357
 0.5756668084  0.5756668086   184.766318594751   186.583815836081   186.672932455834   186.924974927072   186.681663834447   186.928901688602
  0.576059404  0.5760616055   184.766318594751   185.874758465015   186.161877686934   184.908043452789   182.624216968642   182.486160619196
  0.577697205  0.5776972178   184.766318594751   179.017254054073   187.329670625467   187.573819303673   183.524600211714   182.721197585133
 0.5783901458   0.578390146   184.766318594751   179.017254054073   181.773222451973   182.037852205979   181.756348612163   182.032263709947
#[time: 0.58]
   0.58017892  0.5801841983   184.766318594751   186.709042735219   183.015725209923   182.513967057154    184.91624127902   182.858421776115
 0.5819938718  0.5819947194   185.158243005067   186.709042735219   186.002389111745   184.784026807277   182.105942377168   180.506382982404
  0.584040577   0.584041736   185.158243005067   183.580242017974   187.816871445795   188.232783536975   175.755208610251   176.887847033667
 0.5842739883  0.5842812332   182.347001270483   183.580242017974   185.614232444137   185.124405598646   178.597673666069   178.470108729147
 0.5847483997  0.5847538507   184.347159266975   183.580242017974   184.137912607025   184.244095852165   182.358879367865   182.425529199149
 0.5851208792  0.5851210841   184.347159266975   182.648814389618    180.80098394542   188.120433445648   177.176061111743   177.458965174933
 0.5896990658  0.5896992326   184.347159266975   183.735896556434   185.137226835217   183.834123851853   181.967929625171   179.025620366938
#[time: 0.59]
  0.590657714  0.5906594042   184.347159266975   177.343252459289   183.529994865594    183.58458753248   182.734591693339   181.047228560878
 0.5910394454  0.5910409496   184.347159266975   183.712834142491   183.021320917641   181.449573689924   183.825413954872   183.846126207596
 0.5911372387   0.591137734   184.347159266975   187.876610968721   180.609522504608   186.553574139501   177.601169418945   178.349641317123
#[time: 0.6]
 0.6017127593  0.6017149707   192.318306324064   187.876610968721   186.658821007267   187.599592245651    196.82398791998    185.68941114606
 0.6018228191  0.6018232364   194.402207610416   187.876610968721   193.204330275367   191.570673719032   185.004770304428   186.273687728557
 0.6021541166  0.6021541342   194.402207610416   185.433568192687   195.265470217313    189.27597386732   196.387633287792   183.688488135473
 0.6029159514  0.6029245234   183.130557381151   185.433568192687   198.598610007901   188.359389112016   182.425885098971   181.488005927597
 0.6068724916  0.6068808353   183.130557381151   179.796200889495   184.026086033474    183.79088682493    180.49848557083   180.604038347719
 0.6089175987  0.6089190781   183.130557381151   176.033239755459   185.788391586226   184.503590066079   185.446173037259   173.143084916787
 0.6097793044  0.6097795249   183.130557381151   181.010578243443   180.239569713389   179.744253180148   179.334547286753    180.08894990586
#[time: 0.61]
 0.6119497446  0.6119508843   183.130557381151   191.079101581666   182.834888169525   182.686564479415   186.619574802127   185.942908215945
 0.6135708642  0.6135720123   189.402012571492   191.079101581666   187.129519773489     186.9780707973   187.668569481534   186.262095655293
 0.6139093707  0.6139106368   192.347663992236   191.079101581666   192.106332937213   192.866718947362   191.580760217357     191.4713844701
 0.6151465052  0.6151465378   192.347663992236   195.131561285944   193.257481740417     192.9918038054   193.970569427148   191.067780445728
 0.6153697779    0.61537266   196.155002049117   195.131561285944   195.221030577493   195.747002873958   195.866065261285   195.811522944541
 0.6168064285  0.6168064543   193.036174827928   195.131561285944   195.209114569512   196.141349153291   188.290334616061   191.661380559199
 0.6175769405  0.6175801682    191.12050333979   195.131561285944    197.20507867643   190.188115827166   191.983024507558   195.016775073688
#[time: 0.62]
 0.6233899861  0.6233900129    197.21192741614   195.131561285944   193.573672312087   196.417550501779   189.517007275435    194.83614646874
 0.6253127151   0.625313895   195.882866888655   195.131561285944   196.606574014124   196.012264431835   186.836438041059   188.780172586385
  0.627702772  0.6277082639   195.882866888655   199.205941347083   198.029495196778   197.749745478151   190.590234154602   189.309077138678
#[time: 0.63]
 0.6344879067   0.634487907   196.650964020454   199.205941347083   196.516272264368    197.11831306885   196.628097296405   197.229271892649
 0.6374374479  0.6374375191   185.170017605248   199.205941347083   195.732433392672   197.750089286989   186.978221650466   196.217676892941
 0.6385446298    0.63854463   185.170017605222   199.205941347083   188.149105285045   197.306644378027    188.70420602843   196.936659869027
 0.6398014318  0.6398080116   203.827218447432   199.205941347083   185.199778572616   194.415904816056   194.200764660451   193.898326892616
#[time: 0.64]
 0.6409444204  0.6409445482   203.827218447432   211.247671687177   200.012900452939   201.105556262751    207.54218385306   209.848230003625
 0.6414544549  0.6414553435   212.190753734138   211.247671687177   207.593939617074   210.156998952084   201.888612396684    201.89776389755
 0.6459049498    0.64590495   212.190753734138   211.247671687177   214.044634005703   213.736888638965    214.13644785783   213.812459635173
 0.6465220391  0.6465235892   215.948700241102   211.247671687177   211.795852469448   211.782599911855   210.073900872322   211.044713054058
#[time: 0.65]
 0.6503118653  0.6503128514   215.948700241102   220.187390829913   215.488247208979   213.756059568338   213.292354978258   212.295752076207
 0.6566631617  0.6566642445   223.796434382229   220.187390829913   215.906900378014   222.551547771354   223.736090475035    221.83630669148
 0.6589245102  0.6589303895   223.796434382229   229.584227297714   225.370043709367   223.601776528093   218.871008547898   219.127769721772
#[time: 0.66]
 0.6645220611  0.6645269712   233.426731545524   229.584227297714   226.857713094254   227.522202098803    222.95862568498   225.472441954446
#[time: 0.67]
#[time: 0.68]
 0.6818668597   0.681874479   235.614123982018   229.584227297714   235.172928233509   233.638185710023    226.45536050158   225.994304938887
  0.682493598  0.6824941345   235.614123982018   233.919565819868   233.512262328108   232.927807413707   236.978873334218   235.999299807511
 0.6875959911  0.6875983129    231.06958160414   233.919565819868   237.098159551239   233.881722539018   224.935247183096   225.228265525425
#[time: 0.69]
 0.6904171591  0.6904172405   230.053134326089   233.919565819868   231.893779408454   233.455366373564   233.681282660458   239.854883733738
 0.6959353384  0.6959376639   230.053134326089   235.882660629771   232.465246949892   232.734501554673   224.836184330072   225.564111724635
 0.6980131678  0.6980156803   224.692545910864   235.882660629771   235.046403432075   236.676028614032   230.028584419483   232.978936964511
 0.6981549896    0.69815794   232.621969546223   235.882660629771   228.339521820438   233.522034778627   231.309794654466   230.814027876705
 0.6997060054  0.6997067036   232.621969546223   227.964541261593   235.074722876356   236.182068872743    227.58878568437   228.468182638365
#[time: 0.7]
 0.7030770068  0.7030772961   232.621969546223    230.09506782997   230.676024481991   230.270568454155   234.989131528036   229.600729955789
 0.7034534537  0.7034536843   237.676892309315    230.09506782997   231.333772557537   231.343382753907   228.054653113714   227.900846309148
  0.703611616  0.7036121912   237.676892309315   240.555037548022   238.872649480789   235.132007291853   231.253671899901   230.689806892279
 0.7055645947  0.7055705517   233.187503078878   240.555037548022   239.746735198991   238.007274573635   236.328423997908   234.165500517441
 0.7059196332  0.7059225615   219.377237437829   240.555037548022   237.521789910006   239.251275383791   227.438278677577   241.956967654666
 0.7093952669  0.7094025331   245.552320625308   240.555037548022   222.507995209029   238.050121222069   235.210968183161   234.108108992703
 0.7096463287  0.7096463289   245.552320625308   240.555037548022   246.311716047107   243.467599218616   246.174166286494   243.365243181681
#[time: 0.71]
 0.7123026592  0.7123033531   245.552320625308   238.446628343425   246.941577467636   245.766143287905    242.29961593849   242.063598574486
 0.7149843229  0.7149843231   245.552320625308   238.446628343425   242.943489402824   241.727910703238   243.063447152882   241.774486389157
 0.7158289514  0.7158314214   245.552320625308   243.555463621588   242.570432000422   242.226787219054   237.986334845307    242.53627321316
#[time: 0.72]
 0.7230398821   0.723041012   245.552320625308   243.054408882717   241.283732204331   248.256537474021   246.624453050904   245.820751471546
 0.7293653644  0.7293741989   245.552320625308   243.574771140966   246.022086039142    241.14422065721   245.163773118996   244.784313072124
#[time: 0.73]
 0.7307342077  0.7307358276   247.053285686545   243.574771140966   247.096102678405   246.670573107499   237.442950304867   238.255485032356
 0.7319170688  0.7319192452   247.053285686545   248.385539847653   243.544066231546   245.676761204302   242.531454322953   242.159874701802
 0.7335551615  0.7335559567   251.354164517323   248.385539847653   248.663320326877   249.737327272855   245.855626055933   246.713221195687
 0.7346391363  0.7346396993   251.354164517323   249.868653628199   249.826489707901   249.857650590065   248.295734843915   249.501751541285
 0.7351951348    0.73519529   251.354164517323   255.746713818577   254.653151120671   247.592898949774   249.033672718557   247.925819738762
  0.735597239   0.735599241   251.354164517323   259.250307715693   254.446987189672   255.400212113538   248.766697590514   249.068874960135
 0.7381267701  0.7381267703   251.354164517323   259.250307715693   258.549310021071   261.536827665547   258.694161374429   261.787527866522
 0.7396648277  0.7396710722   261.048885917158   259.250307715693   255.250305286413   255.171007286533   253.105164703703   253.707170851329
#[time: 0.74]
 0.7414922125  0.7414922127   261.048885917158   259.250307715693   261.054360765389   260.385477649661   260.955309224078   260.345124748912
  0.741909147  0.7419126661   260.389528816469   259.250307715693   261.627917369827   257.204763306295   255.619916137965   256.080708501184
 0.7434480907  0.7434484639   260.912199515088   259.250307715693   261.488624350688   260.955347447899   251.092548510642   254.511134935125
 0.7445100897  0.7445108903    260.54996759583   259.250307715693   263.399406415793   260.375269095242   250.066496458465   252.032913150089
 0.7483913346  0.7483919058    260.54996759583   263.252877873587   263.204682169643   262.604783740047   262.617062282228   262.745795778797
#[time: 0.75]
 0.7513158701  0.7513225045   268.472825351926   263.252877873587   263.376340743989   264.840700751278    258.31829835141   258.202635622888
 0.7544570451  0.7544596008   268.472825351926   266.633175816017   265.432489970834   265.836663758228   263.230617795096   263.658524017459
 0.7557670982  0.7557846898   268.472825351926   269.037304070517   268.789990548768   268.298651766479   261.503094004886   261.261337416604
 0.7579486804  0.7579507912   268.472825351926    273.19498571211   269.265387624109   268.788690083017   267.743223605618   267.601672686188
 0.7590156094  0.7590172068   268.472825351926   271.716657557094   270.764968022319   270.619670564496   262.681951278025   261.434521386744
  0.759830616  0.7598320303   268.472825351926   273.151261054952     270.6342637967   271.456332063805   271.544172202084   272.085918207594
#[time: 0.76]
 0.7658812976  0.7658910892   272.449730111073   273.151261054952   270.987049361725   271.541017270588   267.643422703384   267.123553006897
#[time: 0.77]
 0.7722415926  0.7722415987   272.449730111073   269.539754137323   272.603452022567   273.450786290076   275.995499057842   274.158977956013
 0.7741429972  0.7741461815   272.449730111073   273.391418342209   272.820191179782   271.661506531013   265.378567135975   264.089826620837
 0.7742745929  0.7742745931   272.449730111073   273.391418342209   271.636647271322   276.670415201385   271.619589651177   276.481347670826
 0.7759344008  0.7759355717   272.449730111073   265.660562577848   274.932227695295   271.263382284756   273.956076134081   269.886095129072
 0.7787064471  0.7787104522   264.237328409326   265.660562577848   272.096835142854   266.849513673485   264.480027551647   263.051535928973
#[time: 0.78]
 0.7828172349   0.782817708   260.350107256904   265.660562577848   263.179403848851   262.885620442477   263.472210512068   263.766241664455
 0.7867090278   0.786709028   260.350107256904   265.660562577848   265.199471721419   266.341194561096   265.182166005241   266.224481778918
 0.7886487572  0.7886492566   260.350107256904   258.436432704702   266.118177317416   268.371262016171   261.541112480617   259.683376520746
  0.789510361   0.789511726   260.350107256904   262.480446601683   260.205035859152   259.870718552744   254.409406520631   253.299605955867
#[time: 0.79]
 0.7926672015  0.7926677618   260.122417431462   262.480446601683    261.46681922033   261.574655367041   259.921442364177   258.552185879813
 0.7927061594  0.7927080307   270.935298794169   262.480446601683    262.75792628499   263.214162638823   265.258601292584   266.116484324677
 0.7935155528   0.793517674   270.935298794169    271.80369500465   270.190807859593   267.408397154164   263.575625071937   263.144169675712
 0.7961957182  0.7961978106   264.529285432576    271.80369500465   271.232507390494   271.536215901472   268.294533089734   270.344783618395
 0.7969134507  0.7969134643   259.498043054003    271.80369500465   268.194889167089   269.496192648016   265.474579756378   270.465203376574
 0.7978865054  0.7978900466   278.153408549586    271.80369500465    266.15926404903   267.579786558253    277.72254794429   276.472768243711
#[time: 0.8]
 0.8002139048  0.8002139272   278.153408549586   275.809067728374   278.491618376931    271.71191508264   277.039891905284   275.675151702456
 0.8084958084  0.8084991846   278.153408549586   282.941981620633   277.668381322491   277.483048231237    274.07296405531   273.901645898325
#[time: 0.81]
 0.8107880485  0.8107901579   288.176208635628   282.941981620633   278.197333084372   276.400490508318   278.721194947016   278.204008812612
 0.8125050739  0.8125061104   288.176208635628   292.145226711775   286.103560143479   285.716047441783   285.787848314489   285.313910566072
 0.8134821308  0.8134821879   288.176208635628    295.69453061947   291.628015534611   293.164109137574   285.885051309772   297.702658987409
 0.8148469935  0.8148563121   302.389345266319    295.69453061947   291.863084262431   289.594360166606   292.448389765509   299.132426768655
 0.8149663668  0.8149727239   302.389345266319   309.651570903102   302.859905740466   299.409337616932    304.65046364856   304.050743013998
 0.8162729408  0.8162793957   302.389345266319   304.077889183878   307.138066490232   309.348331531404   306.900229367967   307.783220362888
 0.8174961087  0.8174961197   302.415131438005   304.077889183878   302.857263903512   305.249214348336   302.397973527936   301.979022714577
 0.8190250626  0.8190261107   302.415131438005    306.43066393472    303.96382285274   302.214799074173   300.933293962673   300.240828956644
#[time: 0.82]
 0.8209883759  0.8209921763   305.251133195713    306.43066393472   303.064063102346    302.29488175574   302.348092406513   302.081661064986
 0.8227076148   0.822714678   305.251133195713   307.617409414705   305.843307176329   305.909450402653   298.240523550527   298.246326470622
  0.829594067   0.829597598   305.251133195713   310.038992330793   306.651064476082    306.73637033886   302.301247519405   302.664062157904
#[time: 0.83]
 0.8339814501  0.8339878559   305.251133195713   308.817460781067   306.792214885412   313.962960203028   299.392003988116   298.378066726107
 0.8354256812  0.8354258323   305.251133195713   296.350827861556   307.483279656935   308.627116533628   302.982792708426   295.945281009575
 0.8372011981  0.8372043159   305.251133195713   306.821562334852   305.871483196822   302.580194051846   297.967523717359   297.505344155068
  0.838680541  0.8386805412   305.251133195713   306.821562334852   303.805104473165   303.368161951603   303.836933025245   303.364230037319
#[time: 0.84]
 0.8412565784  0.8412601422   305.251133195713   309.914368905407   306.515798794518   307.080783023991   300.392225445886   299.762231011699
 0.8425668199  0.8425712541   312.500316694482   309.914368905407   307.741366487016   308.004833700064   304.800383204072   305.630071154785
 0.8439646112  0.8439663035   312.500316694482   319.985830634114   312.066722694748   309.169043845733   311.271787768248   310.673026457607
   0.84869555  0.8486984214   319.145067487246   319.985830634114   316.659586684459   318.260805612804    308.89939921684   312.165034540371
#[time: 0.85]
  0.850792688  0.8507986576   319.145067487246   323.620217558231   321.905919120116   322.226182373692   318.943618965602   318.204507162294
 0.8539254347  0.8539257524   325.317335284496   323.620217558231   320.782757596587   318.901976931465    316.32679024313   315.999909295179
 0.8576852919  0.8576862379   327.430628876224   323.620217558231   328.006340489674   321.563643565911   318.648348427239    319.42657089024
 0.8577029148  0.8577041774   327.430628876224   325.741014457051   327.727390330697   326.710416920513   328.766197386932   327.252234935903
#[time: 0.86]
 0.8618807037  0.8618807058   327.430628876224   326.636062198061   327.550137170115   327.148450705419   327.004693823271   327.012083720822
  0.863895733  0.8638983894   327.430628876224   329.512529297375   326.076998847948   325.647967926818   322.787219615347   321.966441371215
#[time: 0.87]
 0.8724350033  0.8724350035   327.430628876224   329.512529297375   329.094278762195   328.055877229176   329.144188305215   327.743277070889
 0.8736663729   0.873668195   333.985753224511   329.512529297375   330.512032147848   331.137716480392   327.575307721443   328.548526215239
 0.8737123642  0.8737132192   333.985753224511   339.050764981377   335.129408021969   333.530781147726   329.567785756382   329.016903193639
  0.875479489  0.8754806687   333.985753224511   335.043830833877   339.290957491774   341.475131597851    325.75773879325   325.410861310601
 0.8776732555  0.8776760088   336.920229091995   335.043830833877   334.424963635824   334.403722406789   327.965614698232   329.576510642546
 0.8777598144  0.8777598386   336.920229091995   333.883018312135   335.182549873882    335.65905403604   332.439827815915   337.035146430592
 0.8780187641  0.8780192679   336.920229091995   335.993683449478   337.355628010785   336.934105395828   328.270927316697   328.236746100807
#[time: 0.88]
 0.8854502698  0.8854515691   336.920229091995   336.258962824228   336.235471610554   336.281497118268   330.582007995018   330.536701848698
 0.8891418156  0.8891495816   336.920229091995   335.585598190353   336.142772717548   335.757446874621   331.362815234199   331.906921678752
#[time: 0.89]
 0.8933416974   0.893342045   336.920229091995   328.202564781111   333.247228995584   338.055551190116   341.718993091839   330.026700751744
 0.8967875056  0.8967903375   336.920229091995   339.007643890329   331.723700347413    329.25967061772   331.142463503595   331.000144990856
 0.8976964844   0.897699156   336.920229091995   338.483228763575   340.629212518957   341.584760021191   332.476498003505   331.587221620063
#[time: 0.9]
 0.9002528616  0.9002528618   336.920229091995   338.483228763575   336.616120565222   335.001162501075   336.664385284293   334.796052391627
 0.9040144387  0.9040151234   339.874847550791   338.483228763575   337.704941799493   337.588158220008   329.770296181418   329.561868458211
  0.907095631  0.9070971882   339.874847550791   337.778293429184   341.989553709053   341.575463750405   336.720949475578   337.315045713981
  0.907429236  0.9074296803   339.874847550791   340.590425893946   343.030975250721    341.99586551851   333.706081235887   330.912523250942
 0.9084090041   0.908409212   339.779613144342   340.590425893946   336.899126867045   342.734381524329   341.146495454009   340.466095033984
 0.9084721797  0.9084849541   343.064899947562   340.590425893946   341.331327959829   341.674846623697   335.709745265688   336.577823348377
 0.9096289933  0.9096294661   339.527289709557   340.590425893946   342.758092891551    338.21493901124   336.953834521713   336.745313828131
#[time: 0.91]
 0.9135220428  0.9135234296   339.527289709557   342.137609377536   338.665194294669   341.114906584739    334.42546879712   334.918882825171
 0.9140399369   0.914043252   348.008398811804   342.137609377536   341.193881864359   341.388739289549   338.744903965459   340.567149884559
 0.9151687177  0.9151782083   348.008398811804   342.379054051213   344.961115186513   345.082236413457   345.382269506413   345.335407465837
 0.9165111191  0.9165111193   348.008398811804   342.379054051213    347.18440135984   346.158230986536   347.602735122204   346.507528084958
 0.9185507737  0.9185515035   346.047744170127   342.379054051213   347.692298202103    345.27562965811   336.449824829192   335.620605025957
 0.9199501128  0.9199572004   346.047744170127   347.527545066214   346.031295849772   344.181026529777   337.620897363297    337.35063612175
#[time: 0.92]
 0.9231440637  0.9231440639   346.047744170127   347.527545066214   350.830046553503    351.51159747301   350.135137739138   350.740419869863
 0.9298484748   0.929848475   346.047744170127   347.527545066214   347.182985137931   344.929957836429   347.978191259437   344.689229011848
#[time: 0.93]
 0.9344640433  0.9344640435   346.047744170127   347.527545066214   346.723278863338   346.610594941515   346.755688744025   346.708475157277
#[time: 0.94]
 0.9405212518  0.9405233218   346.047744170127   349.513571729789    346.65793996322   346.504780312977   340.038479044968   339.885916233241
 0.9414661418  0.9414717451   356.478072465374   349.513571729789   347.814000328239   348.020130682769   354.780868292687   352.336654690504
 0.9416534043  0.9416534218   347.283020368456   349.513571729789   354.217447448158   346.754715354033   348.425857478975   348.500926900061
 0.9451350977  0.9451380293   351.315779747721   349.513571729789   348.761395835544    349.48160403247   342.988680391228    342.94386382526
#[time: 0.95]
 0.9521166561  0.9521172295   350.439901969761   349.513571729789   354.523721740598    353.57497402052   345.102101628902   345.743436401171
 0.9584626417  0.9584649314   346.372133672047   349.513571729789   352.351369639467   352.051462867651   346.995369320113   343.772348266839
#[time: 0.96]
 0.9603672948  0.9603783831   346.372133672047   349.636945617963   350.795965571022   345.632107431692   342.615308098871   340.069397419645
 0.9658119899  0.9658125171   343.440636357415   349.636945617963   348.076744157875   348.146325218584   345.392299340921   348.362047486226
#[time: 0.97]
 0.9705234146  0.9705239822   343.440636357415   341.398357067785   344.629902366213   352.257219229973   343.586306963763   343.179232512114
 0.9710024895  0.9710024897   343.440636357415   341.398357067785   342.241481148495   342.331035314335   342.240045473375   342.329295521082
  0.971634953  0.9716360554   343.440636357415   345.498482221521    341.23022907262   341.797393387562   335.620721004873   336.110957206186
 0.9730223948  0.9730253949   349.665749582203   345.498482221521   345.319259183515    343.99372522268   339.802769811966    341.65155613939
 0.9747127724  0.9747129434   349.665749582203   348.564324378813   349.260787041745   347.362711795652   352.912562162242   352.142062102298
 0.9748499796  0.9748503262   349.665749582203   339.930941216621   347.292470024577   349.432183919468   355.664305093639   346.204853436849
 0.9775246575  0.9775297383   342.934413588146   339.930941216621   349.931505904383   344.502794413874   332.690368486648   332.710761976962
#[time: 0.98]
 0.9811326523  0.9811348618   345.541750307235   339.930941216621   342.737891460302   342.287545758345   338.602200272589   339.926471803957
 0.9826163738  0.9826166299   345.541750307235   349.520309528339   344.904907971572   342.057520211883   344.808343948427   343.279998323449
 0.9864590025   0.986459695   345.541750307235   346.153821173609   345.666533228872   352.885668450488   343.505689099916   343.384781374335
 0.9897192405  0.9897220273   349.010095086467   346.153821173609   346.947409442719   347.139084338023   341.199689601547   342.094649709241
#[time: 0.99]
  0.991086051  0.9910938526   349.010095086467   346.398230512391   344.670493375208   349.635825672678   340.414446642948   340.014781229625
 0.9986721865  0.9986721867   349.010095086467   346.398230512391   348.351501178837   348.184521141596     348.4239992564   348.243430439157
  0.999751892  0.9997536925   349.010095086467   350.332608676339   345.686833997814   348.930303278082   344.275010406882   343.837035446008
