# command line: ./generate_stepping_data --k_b 100000000.0 --k_ub 100 --cb 0.1 --cm 1.5 --ct 0.6 --ls 10.49 --lt 23.8 --eqb 120 --eqmpre 200 --eqmpost 224 --eqt 0 --dt 1e-10 --label paramSearch-highm --seed 1.0 --runtime 1.0 --framerate 1e-10 --nomovie --exp-unbinding-constant -8.0



#********paramSearch-highm__k_b-1e+08,k_ub-100,c--8,cb-0.1,cm-1.5,ct-0.6,ls-10.49,lt-23.8,seed-1,dt-1e-10********
#time_unbind, time_bind, nbx_bind, fbx_bind, nmx_unbind, fmx_unbind, nmx_bind, fmx_bind
#[time: 0]
  1.75163e-05   6.08438e-05   2.72487095695206   1.50503168415352   2.34602118147025   3.12301100693121  -6.70138416157634  -6.06799399494422
  6.80949e-05   8.16107e-05   2.72487095695206   7.28896634416447    10.293612370675   9.26854336714258   4.46081428694466   4.12309629715158
  8.16928e-05    8.2397e-05     8.032458319113   7.28896634416447   8.06055850739487   10.7406108318737   10.5897699727077   9.98026354385768
  8.46605e-05  0.0001270885  0.904623709726879   7.28896634416447   13.8869322934736   13.3823337534357   3.44394824813832   9.94996569319133
 0.0001275976  0.0001326754  0.904623709726879 -0.737295035288424   8.85036996628708   15.0030585958516  -8.54524640625788  -8.04169217040913
 0.0001486359  0.0001561417  0.813449493108864 -0.737295035288424   8.27740211575242   6.38363834285775  -8.58226061280946  -8.60125063949081
 0.0001594863  0.0001712451  -1.32737068213096 -0.737295035288424   4.66320223634112   3.84661875793326  -4.58053240997479  -4.85898434198104
 0.0001713415  0.0001717845   3.71529156292452 -0.737295035288424   4.84986103002178   5.37325762304188   1.13212868820915   1.27415343576666
 0.0001725099  0.0001846105   3.71529156292452 -0.390409683325696   8.49021660285829   5.48780996903657   3.79165662887313   1.04368589943573
 0.0001889504  0.0001938339   3.71529156292452   6.99855372132511   7.69598060333009   5.74961502143926  -1.21041268600407   -1.5141546033542
 0.0001989991  0.0002330499   1.91061004522724   6.99855372132511   12.0341102321554   15.4725502872736   8.14095162571368   12.6052409502167
 0.0002330534  0.0002633471   6.32485101233911   6.99855372132511   9.01541275284522    12.584336867252   2.34725365666814   1.95611652653838
 0.0002654266  0.0002728365   6.32485101233911   8.56917940203422   10.4599051986673   10.7775221489383   3.72236305484441   2.89131781496855
 0.0002759982  0.0002955143   12.7046584517308   8.56917940203422   10.4487234189297   11.8905919368277   5.02514108088495   5.68469601740951
 0.0003012506  0.0004265269   12.7046584517308   15.2250911197474   20.9534841119227   17.1965924780169   11.8172259393924   10.8741952691045
 0.0004302083   0.000432473   26.9737117994104   15.2250911197474   17.8034513453155   18.7714889414645   26.5187593519272   20.1253917289773
   0.00043268  0.0004453277   26.9737117994104   36.6149429213295    26.983890311972   20.8800566320389   31.9008656590924   36.7551119001174
 0.0004472245  0.0004815056   33.2975793238523   36.6149429213295   33.5866740774916   40.5132820986438   35.9955230655878   40.9952904947137
 0.0004852778  0.0004944705    39.209834717544   36.6149429213295   40.2927186114825   42.7585837330092   29.4377809218969   29.0100145527308
 0.0004973407  0.0005090524   39.0095267576785   36.6149429213295   45.3128301595452   43.2790924911057   28.5638176986168   28.2678471326955
 0.0005116987  0.0005198464   39.0255652034222   36.6149429213295   44.0491604681886    42.128238150298   30.3857836406833   30.6838593619881
 0.0005213552  0.0005589049   39.0255652034222   40.9420972282708   46.3416620075804   44.2740876317367   33.9676604773752   32.9890999598116
 0.0005593555  0.0005975458   43.4906582238487   40.9420972282708   43.7906113404072   44.6824425526051   33.3258693141989    32.722717442674
 0.0006045616  0.0006134408   43.4906582238487    44.120817968078   46.2870321053247   45.0720469017882   34.3253904489697    34.304933629164
 0.0006179804  0.0006224256   43.4906582238487   46.3545641469791    49.006988983472    49.448291601621   43.3896440721501   42.2778899442898
 0.0006243548  0.0006483218   46.9487476773437   46.3545641469791   50.7404093025519   52.6068342414627   40.2841658183567   40.7234792229901
 0.0006515519   0.000673383    47.482870516561   46.3545641469791    49.869917001383   49.6235096237154   45.2197379797386   45.4568142601246
 0.0006858698   0.000687101    47.482870516561   54.8743042713768   57.0819326560162   55.7852429988454   51.0346801564569   50.6917157256503
 0.0006881285  0.0006881287    47.482870516561   54.8743042713768   54.5865366455081   58.7332985804587   54.5287271176376     58.70539794845
 0.0006886054  0.0007340928    58.024691860286   54.8743042713768   51.6992501286764   53.9753114346999   58.8336985676038    57.612477441079
 0.0007411965  0.0007447738   56.3898452328944   54.8743042713768   60.4946579766373   59.1933092025383   47.0784476410903   46.7191826159415
 0.0007448621  0.0007621301    55.775595874958   54.8743042713768   60.7365685800477   59.7642810992565   46.3205761007326   46.1363231977033
  0.000764881  0.0007792788    55.775595874958   58.0855820614988   59.8860278794592   59.4441945583633   56.2780681582256   55.4902494725768
 0.0007883294  0.0008020577   60.7261293988339   58.0855820614988   59.4972791959234   60.4068298785071   56.9093437995493   57.5047988216165
 0.0008101772  0.0008126462   60.7261293988339   62.5258689834497   67.0961698517055   64.8143382989787   55.4300674983687   55.0246840965662
 0.0008130274   0.000838177   60.7261293988339   61.7942817090224   66.6070598374284   67.7536026533381   60.5701537207429   60.5008388241259
 0.0008390623    0.00085379   62.4669520397882   61.7942817090224   68.9924626970934   69.8726540200209   57.4943579592162   57.8422977121415
 0.0008573179  0.0009163036   64.1594485194999   61.7942817090224   66.3678955453923   65.8339748121405    57.770665880164   59.0933815598313
 0.0009197682  0.0009341713   64.1594485194999   60.9282327086706   71.9332722062987   69.7264662266526    72.766887051827   68.1397561939798
 0.0009364408  0.0009375921   64.1594485194999   68.3673755276917   67.9979053745253   66.2613365802321   63.1229654067127   61.7894100378514
 0.0009381073  0.0009440013   58.2865764952147   68.3673755276917   70.9405554499301   74.1227602381007   62.7601600118455   72.1482106830808
 0.0009440585  0.0009903973   70.2641519476524   68.3673755276917   64.3771094695391   68.5356243700553   67.6199013873915   68.0917343990541
 0.0009911689  0.0009919076   70.2641519476524   69.2755760976032   72.7615869175332   71.9140840022297   60.8911917055904   60.7922252447545
 0.0009994643  0.0010070415   70.2641519476524    75.259644179682   74.7521122915138   74.1507873319567   72.1254042401442   70.2676194089206
 0.0010101405    0.00105671   84.2131925392502    75.259644179682   75.0014288199155   76.7812584023605    80.295196185844    79.933170909593
 0.0010575716  0.0010872019   84.2131925392502   87.0460799707597   80.0290575657178   79.8725068593338   83.3189418154712   82.3760494657704
 0.0010915857  0.0011166323   88.4356274095542   87.0460799707597   86.0003281243992    86.154573663274   87.5031493624405   87.5554718350795
 0.0011187041  0.0011254821   95.9625690669318   87.0460799707597   91.8585913401021   90.9767947077868   96.7585770218032   92.2868774492338
 0.0011261937  0.0011872482   95.9625690669318   98.8764927210963    99.701347958198   94.0923874231068   96.7547131675922   96.3355402843791
 0.0011914962  0.0011914964   95.9625690669318   98.8764927210963   100.035311283245   101.440382514206   100.408955578483   101.869413343971
  0.001192792   0.001216845   95.9625690669318   98.7038024389957   99.7632606799136   100.671232202412   95.2113545684082   93.7872875288302
 0.0012281327   0.001241433   100.059653364243   98.7038024389957   101.831149664279   104.123543603616   91.3441605088295   91.2694663852734
 0.0012480337  0.0012562276   100.285876271791   98.7038024389957   108.947715926952   107.554965211389   110.768604038154   108.943244600867
 0.0012562296  0.0012614337   100.285876271791   101.458118158311   110.442621183879   108.500798060678   91.3706390478609   91.6025796786091
 0.0012637318  0.0012902277   100.285876271791   101.664576456109   106.050923981277   106.908641085753    93.556409510109   93.2914460014732
 0.0012907189  0.0013277675   103.653959283242   101.664576456109   106.337978976471   107.145249068351    95.294329777264    96.852436219853
 0.0013319405  0.0013975147   102.605573259258   101.664576456109   109.203003348886    107.93109528005    98.285961033155   98.4945116102142
  0.001409292  0.0014097104   102.605573259258   109.664360564795   108.119908508225   107.497243595316   107.108964708327   110.251394604816
 0.0014100999  0.0014278927   118.898446961931   109.664360564795   110.614987762059   115.706015838126   118.501784422632   112.560250556128
 0.0014280134  0.0014282056   118.898446961931   120.504132153967   116.321963538985    114.56028231057   116.342300098594    115.83593375359
 0.0014320026  0.0014349962   118.898446961931    126.41736529055   122.840705082608   123.583845695551   123.596012082291   126.399203650249
 0.0014355581  0.0014450015   127.399079788391    126.41736529055    126.99285654395   133.263305222241   117.500763764487   118.906009803622
 0.0014478559  0.0014584892   120.565713873295    126.41736529055   134.290424883978   133.555161355809   127.971442630283   134.632575368925
 0.0014628477   0.001478064   128.134582742025    126.41736529055   126.650550131569   129.667806588649   127.028729700154   127.053979462545
 0.0014820644  0.0015446356   128.134582742025   125.678185138841    130.66032152745    129.77004542117   119.926888210297   120.197990818201
 0.0015461436  0.0015486195   128.134582742025   114.436940651179   132.031678343674   130.519604810067   131.212972608785   120.642424779744
 0.0015486238  0.0015577495   128.134582742025   137.057154967579   133.438422384107   122.918278168853   132.714938803369   133.426904154603
 0.0015587907  0.0015681302   139.013126283083   137.057154967579   135.701067664633   141.399946195985   134.128911687561   134.814875304466
  0.001570718  0.0015903969   139.013126283083   141.350735332402   145.212604982684   143.807275172848   140.433224860911   140.575399051344
 0.0015917561   0.001599016   143.190141333098   141.350735332402   146.867442763591   148.818100210885   135.189128608268   135.708477899057
 0.0015993608  0.0016279798   143.190141333098   145.524328911562   148.789939257739    147.67403479558   136.059602518843   135.628587837227
 0.0016293654  0.0016319577   146.892585538255   145.524328911562   149.812209731311   151.582821383272   142.410114103729   143.175094931092
 0.0016354247  0.0016541921   150.717756218755   145.524328911562   151.589405459115   150.714099374557    142.26743157393   145.129343187639
 0.0016584847  0.0016756212   150.717756218755   149.413705981371   157.808131786013   152.903562201949   143.372797234154   143.813385881834
 0.0016814091  0.0016900656   153.418771836377   149.413705981371   154.656295077493   153.896160977498   145.550984253344   146.099450583104
 0.0016911499  0.0017357707   153.418771836377   171.790573320731   158.581614494602   156.017137266079   162.014038506568   165.182057881565
 0.0017358609  0.0017483896   170.806529662425   171.790573320731   162.136138799049   172.924067917677   177.218897997685   178.972978392246
 0.0017525215  0.0017590969   168.439049458234   171.790573320731   174.395250073309   174.822959521312   172.262372007253   174.661594198698
 0.0017602161  0.0018139088   178.989508339541   171.790573320731   174.091469678649   176.254395392729   180.323939748664   177.190726872532
 0.0018143745  0.0018317869   178.989508339541   182.471218386753   183.875915102908   179.162275846675   182.430500546282   183.583475197146
 0.0018357887  0.0018461282   175.711070153363   182.471218386753   186.783998752908   189.356001800307   180.084355798494   183.871636968483
 0.0018462766  0.0018464468   175.711070153363    177.59077196366   182.978271094644   189.618590976912   177.703298867019   177.979825544316
 0.0018500887  0.0019042025   180.272505018636    177.59077196366   180.473786731499   181.668137779118   180.458887255903   179.987760548851
 0.0019059827   0.001947168   180.272505018636   182.382972976208   181.192007783051   180.601368242848   173.463909894248   172.005203258654
 0.0019515517  0.0019636835   182.886499314172   182.382972976208   184.789242199791   186.342039856142   175.424369878925   175.411668199787
 0.0019653842  0.0019824241   182.886499314172   183.985893705867   190.594467600835   190.186687797489   181.499051881028   180.622709392813
  0.001982796  0.0019931466   182.886499314172   183.734368129861   184.222423852615   184.368881292461   174.735448155885    174.59978900493
 0.0019984811  0.0020020305   184.502630992299   183.734368129861   186.721084713317   187.598679898725   176.292068679524   176.816501676031
 0.0020064571  0.0020108914   185.379940867486   183.734368129861   190.142564880243   189.529654972133   181.899788315042   182.658415816197
 0.0020146165  0.0020387263   185.379940867486   194.150585248173   192.252758386808   190.654071884437   189.427561048836   193.369552130643
 0.0020388966  0.0020464979   185.379940867486   188.961662525979   191.417068030515   194.797219951463   188.040229001877   188.817573436871
 0.0020471483  0.0020743555   190.085761078664   188.961662525979   192.924439564179   195.429774155632   181.315988202616   181.184833872255
 0.0020755718  0.0020817818   190.085761078664    192.21004011498   194.639444749179   193.861050977257   185.975985782076   185.122075353925
 0.0020838871  0.0021090846    205.97324988519    192.21004011498   195.698096689164   197.400000003964   200.910723828712   198.801744781833
 0.0021091755  0.0021300321    205.97324988519   207.897324913424   206.734427984136   198.879680568691    201.63351540046   201.291809313207
 0.0021305518  0.0021309782    205.97324988519   212.612717109772   210.260958927415   211.144536882394    209.54370593599   214.902977348131
  0.002131691  0.0021338374   213.727530326059   212.612717109772   214.365805802252   220.795207831031   216.422124078852   215.942956800437
 0.0021356595  0.0021356659   218.964820939238   212.612717109772   220.389696313987   219.115554034493   225.492680095126   219.813587686973
 0.0021371099   0.002158641   215.177963891415   212.612717109772   224.257214646504   220.322898438875   219.588600597379   216.728521949658
 0.0021602133  0.0022548322   218.820749247665   212.612717109772   221.062529381159   219.377083747667   215.461613660885   215.576585032034
 0.0022562925  0.0023445753   218.820749247665   220.028527361582   219.165497744494    217.77630458557   213.116262641122   212.753049649111
 0.0023454613  0.0023520968   216.378340405701   220.028527361582   226.103745980191   227.162827347365    226.19401555734   230.515439902493
 0.0023520969  0.0024061117   216.378340405701   217.754596596694    226.19401555734   230.515439902493   218.671272918546   218.905278299354
 0.0024107379  0.0024719069   218.993946043809   217.754596596694   219.734484608324   220.271056352477   220.145579218673   219.847404692243
 0.0024755348  0.0025144891   218.993946043809   220.361832391591   225.021901360748   224.266780199996    210.88210947363   210.888443250404
 0.0025185924  0.0025303048   218.993946043809     221.8140928541   226.160440468082    227.59059208698   213.516495189364   213.173792195457
 0.0025307909  0.0025481127   225.729332997275     221.8140928541    223.78493742953   225.572794898701   220.125078385828   221.443758160485
 0.0025490557  0.0025514268   225.729332997275   228.810882280314   229.735099825057   228.025763663589   222.316984300458    221.64507971967
 0.0025567085  0.0025844616   235.792099757756   228.810882280314   231.431100816368    233.55036909873   228.801858512402   230.358188678866
    0.0025845  0.0025845002   235.792099757756   228.810882280314   241.236616542898   236.947530308945   241.100155016046   236.884851610492
 0.0025849233  0.0025850048   235.792099757756   240.193917403941   238.405823574262   233.684036858811   242.077331241299   245.825173476042
 0.0025914285  0.0025979792   241.493489668283   240.193917403941   242.764708126487   245.255106997896   236.456487226468   236.952222339401
   0.00260148  0.0026243748   241.493489668283   243.318890937019   247.421664054729   246.649081149277   237.624605442218   237.183854721121
 0.0026310529  0.0026313082   243.966593652443   243.318890937019   246.220063660385   247.402618770554   237.989125165116   238.396783717491
  0.002632941  0.0026715516   243.966593652443   245.019850579276   249.681026129801   249.275878049631   238.589461833879   238.321195454341
 0.0026751376  0.0027021954   243.966593652443   245.418484262585   251.806219483014   252.855931064413   237.627862582773   236.649251531917
  0.002705565  0.0027202944   243.966593652443   242.704135832078   248.457894001788   249.314864731393   240.124256213464   240.426086005267
 0.0027225359  0.0027760727   243.966593652443   249.592110756769   246.204216670378   245.794252447484   247.363853458556   247.946118760815
 0.0027761355  0.0028315702    252.32452556295   249.592110756769   250.949845169406   253.331055908535   252.034473826134   251.784563783834
 0.0028347877  0.0028446442    252.32452556295   254.142986371215   256.163751379087   255.169970314139   251.607223840622   251.058572632136
 0.0028504265  0.0028802993   257.185053602639   254.142986371215   256.407387269499   257.286914075927   248.819698346197   249.593712336394
 0.0028832003  0.0028988796   257.185053602639   259.359462709369   263.501429935343   261.673165558119   251.793312925529   250.734554112553
 0.0029005102  0.0029349915   263.743516699484   259.359462709369   262.794570974821   263.950213727757   256.476233621136   257.073382579117
 0.0029401093  0.0030058195   263.743516699484   266.064031639824   267.889738670262   266.137774276501    259.54767965982   259.403794094698
 0.0030060716  0.0030490324   263.743516699484   265.441516221553   270.870590455522   273.154007070918   262.004411667678   261.567755584819
 0.0030505637  0.0030535609   271.787691985119   265.441516221553   270.372892957608    271.62021265558   270.407787003791   268.972688978076
 0.0030537662  0.0030665589   271.787691985119   275.721054160865   277.943378955269   272.942017027654   264.988103213603   265.952428215754
 0.0030677027  0.0030705194   279.548890674357   275.721054160865    277.73713530508   280.174289374108   269.999095571342   271.395082736095
 0.0030769224  0.0030777195   279.548890674357   274.106098148156   284.999989516684   281.954503316565   284.647173585801   279.453311501447
 0.0030847447  0.0030983738   278.795046748638   274.106098148156   288.272510401043   282.692588811634   278.752274053427   277.395948443332
 0.0031004672  0.0031202771   278.795046748638   281.214454718666   283.311441132509   280.733770312877   277.946829650664   277.548966547951
  0.003122348  0.0031265491   278.795046748638   266.580201427215   283.072946642713   284.264222380212   282.030356759289   271.124883944262
 0.0031266111  0.0031695244   278.795046748638   280.234154561334   281.229172114531   274.979903292736   270.641190997497   270.186626693222
 0.0031741704  0.0031793554   282.080735269049   280.234154561334   285.729191654767   286.757255868125   274.672153486978    277.22464965592
 0.0031806433  0.0031837008   282.080735269049   270.966952144096   289.793455062258   288.393680205177   285.841295547623   277.493346684133
 0.0031837045  0.0032085701   282.080735269049   285.933431473561   286.392112612935   277.593912087273   279.158091041918   278.120602812822
 0.0032177017   0.003245145   288.937750099669   285.933431473561   287.995094378259   290.225733127046   280.178374420982   282.584807026774
 0.0032591918  0.0032965186   288.937750099669   287.958621263463   292.750980746159   290.888299235629   293.620026059295    293.01860054304
  0.003311551  0.0033408235   288.937750099669   291.298913845164    295.06083044793   294.486583691578   285.746031361938   284.652858152708
 0.0033478789  0.0033508892   296.506491606072   291.298913845164   293.847402659323   294.905286266813   288.226463890718   289.931381218917
 0.0033525408  0.0033654192   296.506491606072   305.227999740664   301.926681660293   296.863277157606   300.291538676196   305.185361285636
 0.0033658367  0.0033876338   306.378190772385   305.227999740664   301.977583024068   304.033926378596    299.98170662781   300.733187427553
 0.0033888094  0.0034651556   306.378190772385   278.205467350378   313.012663903347   311.770355830451   307.375481603166   286.977454738688
 0.0034651644  0.0034655084   306.378190772385   303.662604597144   306.778932615833   287.143699066193    315.78445808881   312.639013437462
 0.0034655096  0.0034665962   306.378190772385   304.885693937695   316.133300439096   312.923715390538   301.166760518616    301.59914625622
 0.0034671032  0.0034738229   306.378190772385   299.961288226729   311.675721473666   310.740672817158   311.913643027201   306.602764974387
 0.0034741823  0.0035210521   306.378190772385   310.189890596535   309.249140432169   305.433034758623   307.240275432301   306.432558734677
 0.0035231305  0.0035337456   312.413554043334   310.189890596535   313.404910248469   316.688930664798   310.792808045386   310.893570629978
 0.0035387809   0.003577369   318.327741908893   310.189890596535   317.843373959935   315.960756861346   317.264864800958   314.516611887403
 0.0035779676  0.0036118558   318.327741908893   317.750030249566   320.652950843239   315.780923385723   321.137330296977   320.760082874535
 0.0036167754  0.0036548302   318.327741908893   320.210763503831   324.649740540237   324.163351159188   315.099859356791   313.427034100831
 0.0036558325   0.003666115   322.812374784837   320.210763503831   322.266063929208   322.905557448424   324.230298239051   323.309777878838
 0.0036701722  0.0037003193   322.812374784837   325.352644628994   325.993008788755   324.617464480556   317.177230775039   316.082317197358
 0.0037039788  0.0037892458   322.812374784837   322.073876297303   329.488499396704   331.316477546757   319.000051949578   319.198669328713
 0.0037947722  0.0038051275   322.812374784837   324.355644071584   329.753641578834   329.213264715969   315.198968433452   314.944239344788
 0.0038051925  0.0038103553   326.967676847692   324.355644071584   327.921161187336   328.686550366715   317.148488859177   316.835053676171
 0.0038196142  0.0038439363   326.967676847692   329.920905873652   332.145169155086   330.583555822117   318.880918176982   319.449155791931
 0.0038445915  0.0039039135    317.99528076939   329.920905873652   333.305047319253   336.065950074196   323.578928003781   335.655256832882
 0.0039039596  0.0039169506   348.793539530066   329.920905873652   324.842629039752   334.660242851866   346.056251519471    336.41107110821
 0.0039169577  0.0039222837   348.793539530066   350.733693390246   347.491298376007   335.614211682418   353.126557112795    355.24388524718
 0.0039240831  0.0039478028   346.808487207668   350.733693390246   349.804270829156   349.815409787912   350.386779387534   353.651365286058
 0.0039482149  0.0039617609   359.571035423977   350.733693390246   351.553981419758   353.512581321418   355.004100725747   355.085675920391
 0.0039618153  0.0039649431   355.833916571658   350.733693390246   367.499357835903   358.846030516829   350.378476675814   352.138492971174
 0.0039663973  0.0039733853   355.833916571658   362.753204456862   357.785425936921   355.470353317576   358.563544026326   357.920082898445
 0.0039765975  0.0039787951   366.548543489845   362.753204456862   361.973158020993   366.947165308594   357.568713122417   358.330003105899
 0.0039793675  0.0039793677   366.548543489845   362.753204456862   375.394461815779   371.459801923209   375.311226174354    371.28206390663
 0.0039794455  0.0039982872   366.548543489845   368.203548077235   363.510433878474   364.052193208516   370.726477549999   372.134482302503
 0.0039983529   0.004032279   366.548543489845   367.086447070912   374.716198321773    376.59318984522   360.720847662453   360.598528897609
 0.0040341557  0.0040412444   369.692900150916   367.086447070912   371.797217637456    372.12644027268   367.198600146693   367.559006436563
 0.0040438874  0.0040714036   369.692900150916   371.312172403602   376.884094621782    374.62478426201    360.98864199555   361.166149069414
 0.0040751411  0.0041064238   372.894079868977   371.312172403602   375.144474453455   376.346114561329   366.623093462685   367.071510291465
 0.0041072544  0.0041074097   372.894079868977   366.805997774192   380.666203706901   379.240224413143   377.117244388997   372.326528374456
 0.0041076788   0.004113322   372.894079868977   369.120865882218   378.469861187882   373.881685967136   378.178357165522   374.662799193712
 0.0041134261   0.004151547   358.105812346229   369.120865882218   380.629708440838   376.852609384618   361.307516116215   371.600072490908
 0.0041522436  0.0041528927   373.373518070779   369.120865882218   365.158487753921   369.063604295857   366.807519625479   369.392119365804
 0.0041562057  0.0041858894   371.077826578356   369.120865882218   377.970447593517   375.311078989707   360.991889145856   360.565397019462
 0.0041879372  0.0042065284   371.077826578356   368.621446867065   378.118970974476   376.312535508849   374.352654384952   372.355415835241
 0.0042170037  0.0042202635   384.208421722493   368.621446867065   380.297597300112   377.898792941101   383.895930513565   374.814947371551
 0.0042205816  0.0042637459   384.208421722493    385.47012828546   390.482993697349    376.58910028197   376.040156927211   375.795655252075
 0.0042731877  0.0043071432   386.976783968355    385.47012828546   387.101541905507   387.350707437137   387.124021353453   386.891721470005
 0.0043101317  0.0043196954   386.976783968355   392.640668560207   388.905469048507   388.509330620031   390.119229428418   390.815704051851
 0.0043200737  0.0043358159   393.331243660337   392.640668560207   391.306971703742   393.001338847639   384.401914596166   384.548376363206
 0.0043400474  0.0043522784   393.331243660337   397.389904189349   400.694339185158   400.239150499622   395.998127061208   397.060518197718
  0.004357213  0.0043647608   401.146879785594   397.389904189349    395.91397501723   396.196060443103   391.336635443628   390.834723997238
 0.0043672983  0.0043857612   398.708659135793   397.389904189349   404.908440574959   403.096505315868     389.4537124913   389.724523392442
 0.0043912629  0.0044552449   396.148782276635   397.389904189349   402.309458520852   401.826532082457   397.641621245731   397.869081383209
 0.0044559503  0.0044680612   398.950823537435   397.389904189349   402.608006380909   403.633455031004   391.318845531831   392.324696264677
 0.0044727897  0.0044970715    393.99712223614   397.389904189349   404.069885487601   403.163090191135   399.860050007409   404.399496194424
 0.0044980183  0.0046260614   400.103816482515   397.389904189349   399.005010200086   401.335155873281   391.322745926286   392.081170433327
 0.0046289393  0.0046415869   398.584195528842   397.389904189349   406.955041313958   404.367148577348   390.010029557711   389.991438919121
 0.0046432425  0.0046708672   395.904471010962   397.389904189349   404.890870008943   403.929347279073     394.6330193378   394.103095303799
 0.0046770269  0.0046873288   398.234399626058   397.389904189349   403.136120386857   404.208148892829   389.499386127442   389.455254154465
 0.0046907147  0.0047359825   398.234399626058   401.799518588135   402.839530320738   402.375213028012   396.061088177003   394.873288680711
  0.004737193  0.0047687451   398.234399626058   401.615430034852   405.872358118907   408.905410243469   397.915391153291   396.545658878902
 0.0047713672  0.0048058597   386.677709307723   401.615430034852   401.271084890453   401.864772815976   391.970114611879   402.669753317001
 0.0048060647  0.0048095407   400.848514269243   401.615430034852   395.227064139222   404.138845243663   405.735942023797   406.657580783628
 0.0048123473  0.0048414383   407.073011427319   401.615430034852   405.104346684391   405.356915053169    400.04712889721   401.166456645421
 0.0048420168  0.0048963487   408.647116125391   401.615430034852    416.80769349311   410.915860689796   410.565574151673   406.560573712834
 0.0048972823  0.0048974992   403.245353117426   401.615430034852   414.144129301574   407.962514665825    396.76746142213   397.561095226301
 0.0049016126  0.0049063448   403.245353117426   405.017152848769   407.345437227843    406.20968200497   395.876659127379   395.658063030929
 0.0049104097  0.0049138251   407.570534019171   405.017152848769   410.409590811459   411.812124687075   398.384634227727   398.945360098581
 0.0049213741  0.0049664573   406.999789380575   405.017152848769   410.706763380759   409.584961662707   403.042893204752   403.851531801309
 0.0049690863  0.0049732085   406.999789380575   408.040739569907   411.957677160254   410.423850763352   401.583051786435   400.810537664133
 0.0049811741   0.004981272   405.498642097333   408.040739569907   413.441229067778   414.253185003545   406.582417656481   406.460236516132
 0.0049847207   0.005065539   414.614068947638   408.040739569907   412.873339384033   414.773964835204   409.880336560984   410.794540892141
 0.0050660013   0.005069994   414.614068947638   419.958640862704    419.33482181307   414.827870185985   417.862272340119   418.964983850754
 0.0050726796   0.005092507   422.737946908493   419.958640862704   421.003988623403   424.827613720809   417.289634755744   418.498781602952
 0.0050963887  0.0051094591   417.513660906102   419.958640862704   427.266102215215   425.512098147095   419.225272047845   419.342241034293
 0.0051096211  0.0051675372   415.410885093316   419.958640862704   421.822987951534   423.159507107827   420.612900493123   426.084427781531
 0.0051703652  0.0051981048   425.235306606848   419.958640862704   422.173362076974   424.984797554411   423.644875632494   422.988078672205
 0.0051985038  0.0052312952   425.235306606848   428.753565124606    429.86027329023   425.998444341693   419.652265649422   418.537064052235
 0.0052406369  0.0052536772   430.747331488224   428.753565124606   434.551712177719   438.726179534934   422.872880790594   423.802018588468
 0.0052583992  0.0053189338   430.747331488224   434.789142050266   435.834387583459   434.394036198827   424.064390986006   424.949641107379
 0.0053227764  0.0053858946   441.120183200381   434.789142050266   434.932391162137   436.275635466475   436.000318190215   437.733085540072
 0.0053888257  0.0053950678   441.120183200381    439.05012573557   444.732629091997   441.427443408107   448.273816348933   446.013133797143
 0.0053996417  0.0054006914   441.120183200381   433.042784152516   444.654378721398   443.917660556177   442.177208855888   438.200084619361
 0.0054007236  0.0054029583   441.120183200381   443.671001788179   440.863865447322    437.76991670331   436.613891191118   435.787096406497
 0.0054053416  0.0054093114   440.195371228358   443.671001788179   446.010609688541   447.061499938523     447.2949010253   451.253318670295
 0.0054167745  0.0054246465   445.521529572326   443.671001788179   445.390184124705   446.904819324232   436.785859863561   436.490531102589
 0.0054270874  0.0054349769   445.521529572326   444.253856348986   448.929112930528     447.8132951599   436.415799705274   436.128693356143
 0.0054376871  0.0054499218   447.840425639784   444.253856348986   448.630688195131   447.878513670622    446.02335006398   446.033720505843
 0.0054503541  0.0054537086   447.840425639784    441.13049361328   449.899741514529   448.453797567489   449.563662593098   445.581633944529
  0.005453877  0.0054769189   447.840425639784   451.292923195216   456.280813643524   449.454129569853    449.29781847137   449.140773788239
 0.0054793348  0.0054819933   447.840425639784   448.780651529379   455.164662936132   457.980128622419   440.624141610287    440.27524365954
 0.0054864398  0.0056143446   447.840425639784   451.041084074084   453.243299900908   453.820810230017   448.605969032312   448.337577451893
 0.0056168706  0.0056175334    442.98034215236   451.041084074084   455.097790481126   457.030937531906   449.966959796484    459.69172681302
 0.0056179647  0.0056208726   452.167398808106   451.041084074084   450.095974582062   456.938408470832   453.154623911229   452.744457878922
 0.0056276472    0.00563595   452.167398808106   455.231090811898   460.287437866628   459.288858444514   453.405637436032   452.841518042179
 0.0056362189  0.0056398408   460.831890627457   455.231090811898   456.613353290625   458.463467256028   451.711785211026   453.218246136883
 0.0056446947  0.0056705796   471.594451117472   455.231090811898   466.953372872381   462.272122200943    468.54168254817   462.571630139192
 0.0056706387  0.0056717055   471.594451117472    473.68697601215   467.784566160481   462.683324017356   463.262752724343   463.566704385877
  0.005672102  0.0056735035   471.594451117472    469.39146146414   477.306321161577    479.34070490747   479.575383302164   477.205684932329
 0.0056831854  0.0056882246   471.594451117472   479.143902457865   477.809428100075   476.251636625197   475.532334501115   476.924504356467
 0.0056884652   0.005714953   481.447817308214   479.143902457865   477.680110108788   480.819043217736   471.821547089052   471.398708913937
 0.0057156308  0.0057412682   481.447817308214     486.8614098298   486.990350446253   485.521938619139   485.244908246083   486.042544907825
 0.0057414638  0.0057426487   481.447817308214   484.670664781482   487.699876791953   491.041204605762   483.931138213649   484.927879698543
  0.005747592  0.0057487762    486.96181241689   484.670664781482     484.9639144612   485.773538490817   478.709317524782   478.380323310041
 0.0057505025  0.0057783701   488.756823348214   484.670664781482   491.452153889022   489.813225138648   484.313524147393   485.619161700528
 0.0057805471  0.0057807567   486.820485308113   484.670664781482   493.973693409702   490.867246668315   489.480383058418   488.345163687473
 0.0057858813  0.0057861105   486.820485308113   481.647008767925   490.092095489521   488.904721878373   496.497786752273   487.510486145136
  0.005786111  0.0058194454   483.468241753296   481.647008767925   496.643217907234   488.661356718181   488.456744463908   486.624670595135
 0.0058219847  0.0058627232   489.339820098885   481.647008767925   487.092365003204   486.160815107938   484.052777911255   485.274250130617
 0.0058636198  0.0058653339   493.808360923805   481.647008767925    496.91993592147   488.696499441013   493.306311596759   488.316830187779
 0.0058657331  0.0058671939   493.808360923805   495.103145239304   496.930723712524   488.434132275965    488.08515920917   487.764164157809
 0.0058728446   0.005882381   493.808360923805   495.364203262848   500.266463221931   501.118633841928   489.775705590596   488.794690380059
  0.005882529  0.0058825985   493.808360923805    491.88115032575   499.847369399137   500.956229460619   500.353427901897   497.963708390845
 0.0058851379  0.0059148937   493.808360923805   488.514390991896   499.048218498687   497.927739650221   503.880442264833   494.725124044816
 0.0059161831  0.0059229672   493.808360923805   492.142558831067    498.88091434391   495.282343338229   490.689876420776   491.610596020625
 0.0059253476  0.0059426769   493.808360923805   490.915850980588   498.194957400319   497.432315264051   501.201737087338   497.915999541224
 0.0059447459  0.0059458544   493.808360923805    496.98844573343    497.05755320154   495.637797941948    486.91794308492   487.123853937703
 0.0059482474  0.0059674737   508.925175742213    496.98844573343   501.133652181216    503.73155193084   508.101086786553   501.622845505823
 0.0059687887  0.0059891064   508.925175742213   511.007445477319   507.374938418719   503.989618718672    502.72317982466   500.883237834948
 0.0059902075  0.0059998013   511.603796683789   511.007445477319   515.940226319513   517.409353591221   507.063537904079   507.219287211839
 0.0060011855  0.0060142668   511.603796683789   510.246104334787   518.722141405616   518.276698165056    512.29297933344   512.036577046691
 0.0060173937   0.006024116   511.603796683789    513.44048818178   515.848075146489   515.249686978735   505.135590852122   504.643962845311
 0.0060248717  0.0060501462   528.238458893636    513.44048818178   515.320451825906   515.803295236531   527.320478762248   519.250018374197
 0.0060502563   0.006069205   528.238458893636   528.757011085877   531.236251344827   520.444260489009   524.862387981514    524.67804378556
 0.0060779243  0.0060883545   531.701324636472   528.757011085877   535.681965206014   536.160371521875   530.683251086239   530.539104590543
 0.0060890288  0.0060992683   531.701324636472   532.695903614106    537.69073193317   535.696226180599   524.665839378502   524.663315125989
 0.0061122286  0.0061641055   534.900710714161   532.695903614106    536.99326584662   537.465318209295   528.443877142794   529.054985565613
 0.0061653055  0.0062142376   528.144824861922   532.695903614106   543.608477286368   541.116741232604   533.347336010074   535.841588351618
 0.0062151959  0.0062634496    536.35680334563   532.695903614106   533.331396557903   535.259834665413   536.330897751028   535.439127150692
 0.0062639458   0.006288729    536.35680334563   539.869056709928   539.584349271528   538.122412701308   532.897586842814   531.885620765674
 0.0062975924  0.0063140464   540.919791476444   539.869056709928   540.348464149617   541.813245069517   530.905858506606   530.821739478084
 0.0063183802   0.006323666   540.919791476444   545.478212119999   547.549726126062   546.747906333007   541.670300261983   540.347687942404
 0.0063250396  0.0063538145   540.919791476444   542.265275306527   545.867453418282   548.105705850527   535.312465983058   534.532425810392
 0.0063551521   0.006417731   537.949414996896   542.265275306527   544.805281726804   545.476631845473   542.104634001681   548.009254683026
 0.0064182832  0.0064571055   543.336107137539   542.265275306527   544.171875274833   547.635926671125    533.78469423785   534.090279360688
 0.0064605084  0.0064685471   543.336107137539   544.572186252902   549.361366963786   548.672845833625   546.069608257704    546.40431520121
   0.00647083  0.0064710422   543.336107137539   544.362298937012    552.33300132059     553.3615963222   543.094801805187   542.950286065662
 0.0064747942  0.0064860898   546.152274744646   544.362298937012   548.908642090273   549.544312653255   536.175163859169   536.714560600054
   0.00648737  0.0065050083   546.152274744646   549.633224657589   551.914101643892   550.525986868431   544.021837038271   542.927809508859
 0.0065067548  0.0065177053   554.556199032329   549.633224657589   553.526227643926   556.026275539354   551.363923192187   551.682744177752
  0.006521486  0.0065304875   554.556199032329   551.025836598203   560.284785002579   556.153344489066   560.551185307394   555.956215083057
 0.0065346796  0.0065387274   554.556199032329   557.054809593132   556.827053944464   555.840757115357   547.010016591973    546.88604314392
 0.0065416407  0.0066279983   545.018080476836   557.054809593132    561.49581280062   563.285984088204   550.685840322404   558.955349537396
 0.0066280986   0.006630264   557.980183340918   557.054809593132   552.779630240368   561.231385583555   548.206321300473   548.303503785475
 0.0066338562  0.0067091513   557.980183340918   560.258791179168   562.663329154807   562.162553675617   561.202153930525   563.278217214604
 0.0067097213  0.0067100718   562.937669078982   560.258791179168   564.846976404621   566.560466711664   559.434763744017   560.457258771586
 0.0067107709  0.0067391955   562.937669078982    561.50134790357   569.566859346522   567.566389342525   572.341097436979   569.733422944289
 0.0067405505  0.0067554148   564.474838176855    561.50134790357    568.36898250825   567.752291356383   560.653244719833   561.326144183706
 0.0067558948  0.0067567425   564.474838176855   569.948189666415   570.314365380029   567.521105952003   568.659681521384   569.882417631135
 0.0067580297  0.0067785078   573.029838944622   569.948189666415   569.067534667192   570.179327466102   572.234067708029   571.951282488149
 0.0067805362   0.006804237   573.029838944622   569.116836781945   578.452878305553   576.405233055823   579.231106678204   573.480500762601
 0.0068065954  0.0068083278   573.029838944622   575.644173550369   579.782908337565   576.966409338528    565.39252549331   565.846478070228
 0.0068137634  0.0068394082   576.145188579651   575.644173550369   579.130227247997   580.438609997682   569.738219606208   569.788809598907
  0.006841016  0.0069847595   576.145188579651   579.814474230477   583.360556643767   582.945244511986   570.071143694608   569.470964633177
  0.006985762  0.0069995332   580.677070410613   579.814474230477   582.316598774359   584.751882447383   572.348811844601    573.36150230005
 0.0070125999  0.0070155293   580.479192952009   579.814474230477    586.57704894066    585.91763140284   571.409075402114   571.500382945935
 0.0070222091  0.0070267058   581.056185704099   579.814474230477   585.362362945262   585.080492391335   575.303539438744   575.836676670856
 0.0070276528  0.0070426639   581.056185704099   583.726737406194   588.400118368258   587.569769395789   577.698340531174   576.494628059008
 0.0070491383  0.0070495508   581.056185704099   582.394503825123   589.365828607685   592.129106293635   579.053431825895   578.048078989759
 0.0070519752  0.0070753341   581.056185704099   582.353781233778   587.640336666837   588.506634960323    573.70219334371   573.915852465961
 0.0070831974  0.0070933595   581.056185704099   584.559084954338   584.141205354628    584.62573230861   577.449265982399    577.21306281565
 0.0070951419  0.0071021286   585.644814648486   584.559084954338   586.559722395995   587.779822646758   575.294494774977   575.323417911729
 0.0071068296  0.0071466824   585.644814648486   588.069844679556   592.930552530719   591.944190553937   577.201974354684   577.887680957061
 0.0071501907  0.0071629735    590.07716224647   588.069844679556   590.742113475549   591.934585005581   590.964173371521   590.566530508745
 0.0071632821  0.0072287127    590.07716224647   583.875514728643   595.020868246296   594.086627146436    594.08252007493   587.557766638693
 0.0072295959  0.0072364214   580.439089239352   583.875514728643   595.303533508565   590.214190352912   588.328912109981   593.060715814473
 0.0072380548  0.0072508593   580.602292103429   583.875514728643   586.534745860498   588.968148784071   585.896041867497   589.382286344976
 0.0072537666  0.0072559973   580.602292103429   581.275058049762   587.348293739943   590.176332434722   579.282585405664   579.082111011584
 0.0072569984   0.007261514   580.602292103429    583.25237619723   587.274479800583   587.729135603077   587.820361311359   590.829301256251
 0.0072625255  0.0072825566   577.659450685371    583.25237619723   588.275962985694   590.310127231892   584.280893173266   591.098493763513
 0.0072827993  0.0073262002   582.479340246737    583.25237619723   584.708555026195   587.748668184721    580.28387034024   579.941099316419
 0.0073262818  0.0073377222   582.479340246737   586.386735218265   589.233226250792   589.797678029618   581.949803586103   581.212516746846
 0.0073402911  0.0073571309   589.498241585816   586.386735218265   587.035054596752   588.083510916974   599.105301455331   595.485900826845
 0.0073605465  0.0073680127   589.498241585816   590.311941837929   592.903476240215   591.599001399642   596.003212763002   597.769371914009
 0.0073934127  0.0074088322   593.643219724045   590.311941837929    596.91182924054   597.527195271442   585.240595613932   585.145094689932
 0.0074090721  0.0074315097   593.643219724045   594.887965178129   596.655611780202   595.065173849111   592.497321555978   592.286013399098
 0.0074335259  0.0074520691   598.216232884471   594.887965178129   600.217566550818   601.498844268874   593.223209180412   594.205732807208
 0.0074535491  0.0074566246   598.216232884471   595.445911282911   604.685421148525   601.910377096976    602.46110091596   599.778814702575
 0.0074582776  0.0074888172   598.216232884471   603.550256436855    603.36046259196    601.11801705635   601.288392354381   603.117786672563
 0.0074890846  0.0074950758   605.559695861197   603.550256436855   605.797464917152   608.858141469854   598.368579208939   599.260853536218
 0.0074961716   0.007513398   605.559695861197   595.963925804639   610.698377124347   609.602817401475    611.65204165921   600.277563126219
 0.0075139459   0.007518903   605.559695861197   607.677336530895    606.46225241561   601.954721408894   608.480455810317   609.280815911276
 0.0075228449  0.0075291618   612.467848926107   607.677336530895   612.662748235562   614.149913896641   607.428602730602   608.959257931843
  0.007531746   0.007534346   613.216478640434   607.677336530895   621.645457269344   616.242633237236   612.076251044907   611.405115066723
 0.0075370822  0.0075516232   613.216478640434   610.166592865961   618.844977855391   614.351785724725   617.275379447563   613.957204894175
 0.0075535663    0.00755397   613.488075865108   610.166592865961   620.662717197044   618.353448038637   610.842216808738   611.414942523234
  0.007554138  0.0075542156   613.488075865108   620.514931082741   614.481113025113   613.387706012093   618.147519040743    620.40880420372
 0.0075547929  0.0075911532   621.892663543613   620.514931082741   618.417698551411   622.656976145022   616.895336198273   617.732155257816
 0.0075964589  0.0076319831   621.892663543613   624.684281973236   627.473517630026   626.537132589486   614.729922442807   614.482435926437
 0.0076415278  0.0076421782   621.892663543613    624.20633065699   629.082686303673   631.129545068434   616.370853643006   616.058401368037
 0.0076425561  0.0076521498   625.501512583697    624.20633065699   625.466417550014   626.040693799782   621.654230708632   622.322623461856
 0.0076532089  0.0076836578   625.501512583697   626.593527569297   629.876402826376   629.191167739411   618.169538293335   617.041507596747
 0.0076924753   0.007730134   628.488715933394   626.593527569297   633.377290041428   634.485034982453   621.613135950199   622.244166491277
 0.0077430671  0.0077924627   628.488715933394   627.294193802929   636.155571080936   634.653715630808     637.5845091752   636.076006481049
 0.0078080996  0.0078164658   628.488715933394   630.950785180483   635.385151345842   634.151982926275   628.424849013378   627.830339921137
 0.0078179668  0.0078392679   613.360557067009   630.950785180483   632.472585001807   633.158691093547   620.823662235326   635.490891881481
  0.007839677  0.0078413908    631.49205873398   630.950785180483   622.005565513164    632.02074009395   622.453372631731   622.453870328189
 0.0078434157  0.0078577677   634.954612409525   630.950785180483   635.607770168147    635.28109311064   632.094355405814   632.488825838411
  0.007859457  0.0078614293   634.954612409525   636.053169885837    636.19208163283   635.136838703658   627.755041630793   627.501081086265
 0.0078628263  0.0078676212   633.975206385671   636.053169885837   640.230410459428   640.909894200569   643.738641365425   646.459459501742
 0.0078676218  0.0078830842   633.975206385671   636.380979518557   643.882762497183   646.419325590055   627.653588973855   627.603841268057
  0.007886221  0.0078983296   633.975206385671   645.155960503469   642.364103388991   645.058174661647   639.098339029426   642.278164746063
 0.0078984863   0.007914369   649.283027111299   645.155960503469   641.420948037207   648.482369972238   644.983065204248   645.508354276958
 0.0079144884   0.007957792   649.283027111299   651.062948805442   651.326086450179   650.290525196524   644.582852175768   643.320194154946
 0.0079616866  0.0079640504   649.283027111299   650.918561932174   656.242525715491   657.618838158338    643.45843739618   643.252089130961
 0.0079652105  0.0079925188   660.066636149605   650.918561932174   654.733815058798   655.803718615964   653.219273047726   654.379512844004
  0.007993713  0.0079937486   660.066636149605    660.65390928043   662.107854763324   657.751924981028   665.347561906351   666.351742850965
 0.0080042613  0.0080374819   662.032090361484    660.65390928043   664.602182205771   664.994145793531   653.241894031377   654.043138645815
  0.008039106  0.0080537891   668.238703116532    660.65390928043   668.705337771337   667.226161745359   666.898461889726   663.838059185974
 0.0080549357  0.0080618219   668.238703116532   673.696805188621   668.900246765315   666.236216059816   668.904303395008   666.913940080573
 0.0080633664  0.0081091847   668.238703116532   673.241825068867   676.692109615721   681.951561501914   664.497629441484   663.812265486642
 0.0081125931   0.008124249   675.992335696476   673.241825068867   674.229104776346   676.774989291895   680.687499707533   677.731949768148
  0.008124506  0.0081258024   675.992335696476    678.33625730712    681.14949132303   679.128642577874   671.397762072984   670.560332627532
 0.0081259646  0.0081827758   679.815216193355    678.33625730712   681.754785135651   683.460952396849   671.341373921581   671.421619661417
 0.0081887267  0.0081928259   685.376212939911    678.33625730712   684.493089811725   683.541810281677   678.120879287781   680.113332333388
 0.0081956496  0.0082365101   685.376212939911   688.770416464734   691.466226827889   685.925305194796    685.06677785017   684.282377318125
 0.0082398511  0.0082415602   695.172212717001   688.770416464734    689.08368565565   690.676916715099   691.449682833668   691.933201182235
 0.0082421387  0.0082500607   695.172212717001   688.971864173619    703.23511216522    697.45492054462   697.274111678359   693.684169204185
 0.0082502256  0.0082575012   695.172212717001   700.205109334722   697.682492252448   694.111196880819   697.823206447144   699.603988867191
 0.0082638476  0.0082910247   699.579983601324   700.205109334722   701.955085457884   705.938710698418   690.850516105736   690.911388716407
 0.0082973231  0.0083320604   698.706635908962   700.205109334722   704.617151213514   705.006034339528   700.126513649012    700.25056169649
 0.0083442579  0.0083501966   696.488954158661   700.205109334722    707.29681440837   709.003555240899   701.540175521124   704.228047369534
 0.0083504019  0.0084221544   700.905431429681   700.205109334722   702.942438680188   705.317672281426   695.729435479382   696.018967415911
 0.0084280626  0.0084607347   700.905431429681   703.473365671761   703.069882265915   702.812439300955   694.931350907918   693.672283813319
 0.0084612082  0.0084717194   686.743246451146   703.473365671761   704.963370650281    705.92962123184   692.370588204368   705.655253480661
 0.0084718516  0.0084850281   706.461004491069   703.473365671761   694.704742999775   706.069882184504   697.501571463562   697.540239630738
 0.0084855613  0.0085221755   706.464096739191   703.473365671761   714.302111023976    710.82776282147   703.678734240285   703.962744770962
 0.0085240128  0.0085304473   706.464096739191    707.66508765434   709.109771779816   707.894521733918   715.085858277942   717.353250087335
  0.008531631  0.0085329265   706.464096739191   705.618594040805   713.417571420059    714.57629340926   709.285676633078   708.931963220427
 0.0085387329  0.0085466594   706.464096739191   722.812536925387   714.492004904269   713.712194862307   712.933543790965   723.665265129682
 0.0085466761  0.0085578643   729.039219116888   722.812536925387   713.823613821189   727.953721461612   731.409434629538   727.270703325047
 0.0085591196  0.0087406606   729.039219116888   731.115937857915   736.849144675603   729.435615945331   721.412910587191    721.23050492804
  0.008741095  0.0087464929   729.039219116888   729.540060565623   736.966034692548   738.635186504938   719.530664126716   719.607255333752
 0.0087470149  0.0087503254   727.202776706716   729.540060565623    735.71835541833   736.109226401518   733.202930460507    735.37691296475
 0.0087542479  0.0087646609   733.875946964389   729.540060565623   734.381418359046   736.138440179243   724.928638831807   724.932156894338
  0.008765996  0.0087740475   733.875946964389   736.487817177622    735.13919123179   734.270075994484   733.481589697266   733.197244336468
 0.0087834877  0.0087853508   733.034412600791   736.487817177622   738.816065739812   740.405413721409   737.242024966679   742.240985730425
 0.0087855021  0.0088046271   737.434672207682   736.487817177622   740.041490851296   742.759480470694   728.296665648386   728.608989805215
 0.0088093407  0.0088569169   737.434672207682   729.533105627445   742.513868012271   741.859294513492   747.790145558391   737.813605306382
 0.0088569182  0.0088622184   732.629122660195   729.533105627445   747.661571991973   737.434372679125   722.944632787019   722.843743884962
 0.0088663049  0.0088663696   721.423505630309   729.533105627445   736.158258430907    734.64556567005   726.796790055618   734.146076256053
 0.0088666836  0.0088668436    730.92483323673   729.533105627445   727.624167006273    731.66560174729   732.743708816693   732.386051586208
 0.0088686966  0.0089097904    730.92483323673   732.037039756874    732.36328034262   731.955971624492   723.437658298412   722.981888817363
 0.0089151624  0.0089290067    730.92483323673   731.461954065203   736.514722844354   736.932932644491   731.405074572926   731.432851783144
 0.0089290622  0.0089471324    730.92483323673   733.523203555725   737.035989076912   737.419383192818    723.46114900691   723.711977264831
 0.0089511291  0.0089661406   735.014677608644   733.523203555725   737.983213906177   740.167628065444   727.577656869007   728.338614823416
  0.008966541   0.008975563   735.014677608644    739.20561320621   740.222723633126   738.995026133263   737.028562678115   736.382278278797
 0.0089763586  0.0089843351   735.014677608644   736.584148548374   740.937622677594   742.856102368581   729.202076434004   728.899319002848
 0.0089850894  0.0089949109   741.023428554965   736.584148548374   738.282704004052   738.924200293073   737.298839654195   737.774165756292
 0.0089993671  0.0090062991   741.023428554965   747.685053270438   741.857076897549   740.851061887754   744.476742852927   749.299305971884
 0.0090063376  0.0090191787   750.333787624542   747.685053270438   747.318205722145   750.715723778826   744.282967234641   745.179351315408
 0.0090208643  0.0090431649   750.558204556944   747.685053270438   753.214373525343   752.245040469057   744.461929069256   745.119719336248
 0.0090458563  0.0090823826   750.558204556944   753.933884546026    752.72622139618   751.653281996178   754.225129544474   755.802744815913
 0.0090833304  0.0091193178   750.558204556944   752.886979734075   757.724512547999   759.879500531245   743.755687249792   743.602283483516
 0.0091221163  0.0091456469   753.546235003445   752.886979734075   757.697560314042   760.383633525554   746.110292922246   746.377165210547
 0.0091541129  0.0091571987   755.188022298844   752.886979734075   757.841844257647   757.472309467282   746.557082358396   746.858031297633
 0.0091592435  0.0091606618   755.188022298844   748.563538514992   760.047963707511   758.454832185443   764.243314605463    756.54545954331
 0.0091611745  0.0092000914   755.188022298844   756.597120126312   758.631406052745   754.917258440183   747.183325018709   747.052272772843
 0.0092159901  0.0092310841   760.433894449517   756.597120126312   760.688601028015   761.560048153967   757.873195096061   758.206712372775
 0.0092331025  0.0092376575   760.433894449517   762.783027972005   760.357630295485   759.921474863742   752.791617421828   752.699245861191
  0.009238055  0.0092401384   760.433894449517   763.015713853991   766.141527786528   768.014014236161   760.881083222733   760.496870855119
 0.0092432585  0.0092899738   765.180450230895   763.015713853991   764.042058944541   765.033281149926   755.295930579589    755.08633220387
 0.0092900829  0.0092920189   750.117546651115   763.015713853991   772.122629917913   770.168652920687   756.733334277672   768.616824507872
 0.0092922391   0.009311201     765.7818299308   763.015713853991   757.607995091348   771.620300291255     765.7635672151     765.3259305393
 0.0093113232  0.0093142159     765.7818299308   767.408915820539   765.494490811391   765.140894316762     760.7794241433   760.594146549741
 0.0093143951  0.0093582925   771.563711730571   767.408915820539   770.935635774755   771.705354266604   770.773586650283   769.729282859492
 0.0093598981  0.0093614543   759.534931638775   767.408915820539   777.853580856888   774.817537655666   764.051054214409   769.477446543237
 0.0093619146  0.0093631727   766.673506552216   767.408915820539   766.581430092818   771.253934907519    774.09267876415   776.488243189953
  0.009364851  0.0093653373   768.718421551261   767.408915820539    768.24735053891   768.330958723431   770.963905091166   770.528110269659
 0.0093657961  0.0093790566   768.718421551261   774.028652332381   772.487184341794   771.913067231633   769.098755885481    768.09733271204
 0.0093835517  0.0093937444   768.718421551261    770.10944546714   775.902127503143   782.564707304305    766.24569639199    765.85016841318
 0.0094089979  0.0094306372   769.440799350899    770.10944546714   774.093986969521   775.167737517888   770.172098685926   770.197682376535
 0.0094367995  0.0094510624   771.078033781005    770.10944546714   774.364134145193   774.758719268877   761.997388311084   763.665476762753
 0.0094526043  0.0094814528   778.036194444636    770.10944546714   772.320470195171   772.058485271579   775.436605699932   774.447184726182
 0.0094815038    0.00952025   778.036194444636   780.997008641948   783.572289413162   778.816806739563   773.090294749998   772.872946080641
 0.0095206974   0.009523633   775.778425779316   780.997008641948   785.655108845826   787.934081176986    779.32203231218   783.823746035908
 0.0095248754  0.0095737112   784.074384123898   780.997008641948    783.58790594316   788.639569076227   780.590803876041   780.929800665467
 0.0095770259  0.0096414531   784.074384123898   783.250018962305    785.42122443708    784.62258136918   775.673939603696   776.086127243635
 0.0096511733  0.0096585001    787.33488396355   783.250018962305   787.927557310962   787.433869149706    780.39201196466   782.455180061192
  0.009661815  0.0096733753    787.33488396355   787.979476630501   787.459457095476   786.768750991893   783.179915140499   783.045597186951
 0.0096929608  0.0097249692    787.33488396355   793.596472172219   794.362628597762   794.779272943545   788.846596583592   787.975103334804
 0.0097254924  0.0097354416   799.737865279839   793.596472172219   793.046552048493   798.423963195687   794.415827503391   795.512368158754
 0.0097385366  0.0097507958   799.737865279839   799.148484535782   805.352039096405   801.081161470229   792.213866660231   792.610652634979
 0.0097510424  0.0097659122   799.737865279839   804.116647358971   804.559261771666   804.262356856509    799.84294870864    797.19139335049
 0.0097676102  0.0097704244   799.737865279839   801.647047281803   805.215104626285   807.687600340631    795.42282783812   794.580919086095
 0.0097746707  0.0097936019   805.230411152424   801.647047281803   806.614579062429   807.748564959433   794.922750004461   794.383363548639
 0.0097962446  0.0097995774   805.230411152424    806.68013209877   809.732053474906   807.263100339405    800.45011238525   799.264392152657
 0.0098028859  0.0098271032   810.769410422433    806.68013209877   810.757052384801   811.787612734111   801.423059761453   800.750423483625
 0.0098328864  0.0098383382   810.769410422433   810.073245001048   816.283028893086   813.175392228182   808.826905869949   808.998206897034
 0.0098388765  0.0099262978   810.769410422433   811.467304350213   816.001924171173   815.592857101802   802.818411793897   802.477984194458
  0.009941943  0.0099478918   810.769410422433    797.68819553249   816.736834257574   817.279481401268   815.169062910197   804.443977112972
 0.0099491976  0.0099576525   810.769410422433   812.525167227492    814.43520075584   805.328789145435   807.842958268411   805.343246775673
  0.009958521  0.0099707105   810.769410422433   821.383060151803   816.362871926263   818.047599567542   815.844311407304    823.01105752826
#[time: 0.01]
