# command line: ./generate_stepping_data --k_b 1000000000.0 --k_ub 100.0 --cb 0.1 --cm 1.5 --ct 0.6 --ls 10.49 --lt 23.8 --eqb 120 --eqmpre 200 --eqmpost 224 --eqt 0 --dt 1e-10 --label paramSearch-highmkb --seed 1.0 --runtime 1.0 --framerate 1e-10 --nomovie --exp-unbinding-constant -0.5



#********paramSearch-highmkb__k_b-1e+09,k_ub-100,c--0.5,cb-0.1,cm-1.5,ct-0.6,ls-10.49,lt-23.8,seed-1,dt-1e-10********
#time_unbind, time_bind, nbx_bind, fbx_bind, nmx_unbind, fmx_unbind, nmx_bind, fmx_bind
#[time: 0]
 0.0010267981  0.0010287521   6.84991361457502  0.835450933262083   1.49413886022121    1.5871595147397   3.65793310337726   3.79057712482882
 0.0087252777  0.0087282039   3.30136677431588  0.835450933262083   11.1050551241603   6.84867396923791   2.65532173056388   2.49818809259208
#[time: 0.01]
 0.0101782328   0.010178233   3.30136677431588  0.835450933262129   7.36024136326633   5.81803565656136   7.18120079591257   5.78643317047515
 0.0138998914  0.0139020824   3.30136677431588   7.97880446596863   1.96564046167201   1.98266301622229   5.70012247719905   5.75166886330313
  0.016973528  0.0169743923   8.67268554606561   7.97880446596863   7.13353023465287   8.40283513157036   4.38782013344229   5.09821148353815
#[time: 0.02]
 0.0287578598  0.0287578822   8.67268554606561   13.3822642952108   12.1515849903236   11.6330149370877    11.348229746997   11.8989794942815
#[time: 0.03]
 0.0312095585  0.0312138759   3.01753112407903   13.3822642952108   11.5533897697312   12.0355562711281   5.15367220469333    14.944803745447
 0.0340335491  0.0340375189   15.2161037241239   13.3822642952108   9.68964731448586   16.4189840145423   7.10477950806209   8.46979546513027
#[time: 0.04]
#[time: 0.05]
 0.0505939682  0.0505943023   15.2161037241239   17.3641568310833   15.2368684912342   15.0376294523237   9.37967265633959   9.21714280818015
 0.0519209173  0.0519209534   20.6714666967082   17.3641568310833   17.6915452437148   18.1318560906775   19.1294205595159   19.0871513010436
 0.0553298103    0.05533152    16.863235749319   17.3641568310833   22.8870145337277   21.3143074915448   16.3554680362436   16.3125525578489
#[time: 0.06]
 0.0625674088  0.0625685568    16.863235749319   21.3270790048082   19.6832272625159   19.9814400243734    20.248697072429   21.0699391729352
 0.0670199503   0.067019999   16.6264763616618   21.3270790048082   23.8902330443267   26.8923751905311   19.5171738713288   26.4161034711346
 0.0675113231  0.0675113233   16.6264763616618   21.3270790048082   21.4094530531012   23.2836483026551   21.5820116009833   23.5224845102326
#[time: 0.07]
#[time: 0.08]
 0.0852893215  0.0852937445   19.8974067228051   21.3270790048082   20.0341526976412   20.8181409682545   11.3186003991153   11.4214054485523
 0.0862141887  0.0862167928   12.2042142742626   21.3270790048082   23.4571403363279   23.9288456663458   15.7873600822667   27.1257772199227
 0.0876819056  0.0876863484   12.2042142742626   15.3219659404185   17.4800917272375   19.0428535920185   9.36008490496036    8.1871360015078
#[time: 0.09]
 0.0927252106  0.0927254866   13.0289502931022   15.3219659404185   16.5170128843516   18.4639422578322   18.0017619640036   22.8954928313108
 0.0996123153  0.0996130304   20.0418746669296   15.3219659404185   17.1855453235977   17.9255345643138   12.6695902153941   14.8393922150317
#[time: 0.1]
 0.1009110852    0.10091121   20.0418746669296   21.6393753728765   21.2046107411343   19.8130771858372    13.181165145881   12.8276230469325
#[time: 0.11]
 0.1142513634   0.114251545   20.0418746669296    14.270612329493   24.9682503628754   25.8895113344619   22.1173873949823    18.364393181744
#[time: 0.12]
 0.1287143417  0.1287164068   25.9967705844172    14.270612329493   20.6139953460787   17.8356749917043   30.0832921290712   21.5970095316686
#[time: 0.13]
 0.1332108853  0.1332108872   26.9229106303249    14.270612329493    30.841150958754   21.5894671548594   27.8887573133852   19.5920609184004
#[time: 0.14]
 0.1469025313  0.1469032062   7.84584785252198    14.270612329493   27.3923089612026   21.9395434304951   9.36277179037727    19.511749872246
#[time: 0.15]
 0.1507001958   0.150700196   7.84584785252198    14.270612329493   13.5304531064917   16.3659650972802   13.7828750893132   16.9321478172693
 0.1513989206  0.1514022183   7.84584785252198   10.9048283846467   11.7502222101656   14.0880718658242   9.68682103813873   9.92506116065803
 0.1567116977  0.1567124147   13.9861861922715   10.9048283846467   12.6668555233908    14.436328949664   9.99754429495221   10.7925710826712
 0.1577157254  0.1577234674   13.9861861922715   15.4919242036857   17.2304786528856   15.4419023629028   10.0481440325004    9.7862834712286
#[time: 0.16]
  0.162866596  0.1628666366   13.9861861922715   14.8561810935618   14.6384739047996   14.6227269775914   13.0736134493117   12.8947928685355
 0.1652626972  0.1652640576   13.9861861922715   11.5126641544756   18.1489382095173   18.6468004384315   10.6770265765485   11.5051228074829
 0.1655815352  0.1655840832   13.9861861922715   15.2926757101918   16.0938073328115   15.2974441908949   4.64680472151518   4.93629503283266
#[time: 0.17]
 0.1754253904  0.1754284537   13.9861861922715   16.6941571818244    16.028800713563   16.3156075540111   6.52520664405779   6.37351907426827
 0.1772209484  0.1772209486   13.9861861922715   16.6941571818244   19.4833712857467   20.8709594948267   19.5943790228705    20.973065924061
 0.1781435943   0.178143692   7.42831621998365   16.6941571818244   18.6257077965736     19.81631256792   13.6949815087368   20.7828086445563
#[time: 0.18]
  0.182495319  0.1824991725   7.42831621998365   26.1505116748204   14.3339066272937   19.5957734994912   15.2416807539961   22.5261927655016
  0.189389736  0.1893897362   7.42831621998365   26.1505116748204   15.8672334800802   28.7325988150426   15.6982446326657   28.6961057469232
#[time: 0.19]
 0.1911243705  0.1911279963   40.6016462250797   26.1505116748204   15.2915080553785   28.4231379404969   39.6302493314766   32.6516246292078
 0.1916734865  0.1916734867   40.6016462250797   26.1505116748204   39.7379142787051   33.7742787006968   39.4723106245294   33.5188480486658
 0.1948543908  0.1948548293   40.6016462250797   26.4264459447569   42.6306819623193   29.3274858010344   45.5834991838613   32.7836040270015
 0.1960530646  0.1960533438   40.6016462250797   46.3435881910695   42.3065078099822   34.0060141051209   43.2259510030994   46.8993783448799
#[time: 0.2]
 0.2019352889  0.2019367529   47.1912589933663   46.3435881910695   48.6838043038018   53.2640859978888   39.8582441698759    40.054997514664
 0.2029325947  0.2029329733   48.2381405730849   46.3435881910695   48.3611025812733   48.1627412594016   38.7783443574137   39.1281157599689
#[time: 0.21]
#[time: 0.22]
#[time: 0.23]
 0.2338636398  0.2338638585   48.2381405730849   49.6387680897518   48.3078426676944   48.1555730290234   47.9500228597484   47.7793174544364
 0.2371463451  0.2371463798    57.085661029977   49.6387680897518    50.718675868717   51.2476897595297   59.7814695125891    54.216504811877
#[time: 0.24]
 0.2498102038  0.2498102624    57.085661029977   48.5270275052864   58.9081434975006   55.6516915129301   57.6692928286644   53.0469063584665
#[time: 0.25]
 0.2514308968   0.251430913    57.085661029977   43.9471387837048   59.1489097145068   54.8867733509984   58.3526623388904   48.4192464372303
 0.2543051133  0.2543067328    57.085661029977   54.8755011661423   57.5994475718498   50.1911511771649   67.5237149558948   64.3350123498267
 0.2555249936  0.2555282131    57.085661029977   55.2961029785265   60.1141886088894   59.1219191201465    63.600343934578   60.4825881021605
 0.2585684428  0.2585688419    57.085661029977   64.3256618381925   58.8822210401697   58.3933328035105    62.251313724627   65.6199990998232
#[time: 0.26]
 0.2667000081  0.2667054545    66.184571578775   64.3256618381925   63.2582633080415   66.0602880245247   60.5305422460065   62.2581058814603
 0.2694868655  0.2694914063    65.715352630237   64.3256618381925   70.3453280126722   69.5144473136569   56.8152590568625   56.8991280590604
#[time: 0.27]
  0.274819913  0.2748207257    65.715352630237   66.6647143016901   67.3309435256206   67.0614704298444   57.9666473070724   57.7104722478555
 0.2788907114  0.2788907133    65.715352630237   69.5011581267018   70.7846602382803    71.321952947601   70.7184905062626   72.3135321912899
#[time: 0.28]
 0.2892347503  0.2892347577    68.380415489918   69.5011581267018   68.9296924960486   70.3477050872113   71.8688870603285   72.4299609581356
#[time: 0.29]
#[time: 0.3]
#[time: 0.31]
 0.3106078947  0.3106117487   66.9473825830652   69.5011581267018   70.7829370014827   71.0577162968797   60.7464333870417   60.8242589444292
 0.3110059656    0.31101906   66.9473825830652   71.5922557722957   71.5106234829499   72.5000736704928   69.1538321594484   69.0367148224843
#[time: 0.32]
 0.3260593225  0.3260593227   66.9473825830652   71.5922557722957    71.861468589341   75.8143356985068   71.8277500305717   75.6628626656237
#[time: 0.33]
#[time: 0.34]
#[time: 0.35]
#[time: 0.36]
#[time: 0.37]
 0.3703124226  0.3703139822   66.9473825830652   73.5272291626739   72.4554485040096   74.8292338966807   71.1789189011678   72.1874168422551
 0.3746042738   0.374606757   66.9473825830652   67.9812600171577   71.5058419289263   73.6092927397215   58.9117472797221   59.1347199377918
#[time: 0.38]
 0.3804245758  0.3804273056   66.9473825830652   62.4878417381809   71.6629338986156   72.2406377999924   65.0882803905314   64.9303852698102
#[time: 0.39]
#[time: 0.4]
 0.4041736753   0.404174403   64.0558629273662   62.4878417381809    70.297679283403   68.7344010005242    54.734531308714     55.43068263621
 0.4056329965  0.4056378966   63.2058164226005   62.4878417381809   66.8986540525989   66.2158506377466    55.340070904187   55.3810786511171
#[time: 0.41]
 0.4105469828  0.4105485129   63.2058164226005   65.9358414050276   66.2628080883049   66.0144406576792   56.2468524555232   55.8684125229207
 0.4116653941  0.4116654068   70.3916182252182   65.9358414050276   64.1164639898923    63.951509022643   64.1600629501466   65.5081248107168
 0.4163603102  0.4163603113   70.3916182252182    66.229707716831   71.7724184017669   69.9691296435245   71.5037301628094   69.6039247775791
 0.4170222725  0.4170230778   55.3219511079036    66.229707716831   71.7701737191809   70.0324466457636   60.6661119379815   72.8479833811287
#[time: 0.42]
 0.4216005966  0.4216105923   67.6396704133821    66.229707716831   62.8215995304259   69.9396176062212   57.3936305775203   57.5042707881641
#[time: 0.43]
 0.4354153321  0.4354153511   69.0610953589357    66.229707716831   70.4230109489975   69.9858488357357   69.7308702241568   68.8454287846011
#[time: 0.44]
 0.4473463707  0.4473485519   69.0610953589357   72.3757236409365   68.9582448413222   68.3763649612806   62.7845650695829   62.7477442264227
 0.4486183804  0.4486212152   69.0610953589357   77.2147062348682   72.0169829470555   72.3560769653135   71.0265616758471   67.7007761647674
#[time: 0.45]
 0.4502536373  0.4502552271   82.6271942595596   77.2147062348682   73.5043474976651    76.853285293145   75.0541795940607   76.9046546475586
 0.4513357313  0.4513357433   79.0966476500837   77.2147062348682   85.8957365595142   81.0445370297624   84.1987425635596   82.9759729605929
#[time: 0.46]
 0.4657430588  0.4657443776   79.0966476500837    84.524709705036   80.3993251526292   79.8675285052893   79.2865477236751   78.1161454261162
 0.4664920946  0.4664922514   79.0966476500837   80.8979330972552   83.7308317080683   85.9441387373692   82.1026053991181   82.7793604783736
 0.4695144479  0.4695169153   83.3868794229375   80.8979330972552   80.1186108941747   80.1575431403849   77.3017071069309   78.6565601357766
#[time: 0.47]
#[time: 0.48]
  0.484837872  0.4848406913   83.3868794229375    80.513101727924   83.4842862562934   83.1991575021661   81.4298040766964   81.6644531320196
#[time: 0.49]
 0.4977206643  0.4977211526   95.5576694362238    80.513101727924   84.6761383838287   83.5185763457762   94.3097626335191   87.1305861311509
 0.4993705877  0.4993711553   81.2228190220521    80.513101727924   93.2886532504789    87.273119748493   74.2973279231099   74.5929778896464
#[time: 0.5]
 0.5048548463  0.5048599673   79.8104197091375    80.513101727924   83.3946983197367   83.1148507162366   77.8058881083597   77.5210101885471
#[time: 0.51]
#[time: 0.52]
 0.5296704944  0.5296715764   79.8104197091375   85.5234483244275   83.1249940238476   83.3613433315594    82.169489520043   80.0354428787336
#[time: 0.53]
 0.5325641277  0.5325652008   81.2816333890976   85.5234483244275   84.5214842468266   88.8180429784511   87.5602685534871   91.7704651449542
 0.5381581102  0.5381581749   81.2816333890976    84.358446315982   86.3346374952478   87.9595247713625   80.2681821809977   79.3799216822771
 0.5393398254  0.5393399967   81.2816333890976   90.4660657115959   85.5241655387444   86.7797463532148   85.8482449147641   87.2272097119139
#[time: 0.54]
 0.5468861236   0.546888359   81.2816333890976   83.0472727922029   88.9113471804268   96.2262277858786   72.9305099620953   73.1835659310394
#[time: 0.55]
 0.5537536805  0.5537542236   92.9529090680085   83.0472727922029   84.8367908956274    85.462127028238   91.7807336982336   88.9625332860035
 0.5570982211  0.5570982213   92.9529090680085   83.0472727922029   92.0562545220114   88.1990158774565    91.810766381848   88.1293376679762
#[time: 0.56]
 0.5634902265  0.5634903148   87.0206250971986   83.0472727922029   96.5180524150022    89.123218893127   85.2822464279826   85.1830991605445
 0.5669854881  0.5669881285   84.5839731703768   83.0472727922029   89.1997275527469   87.6846911240694    81.460910410307   82.0531901902439
#[time: 0.57]
 0.5761130994  0.5761133065   84.5839731703768   87.7941221102611   87.3920297606302   86.6393987695481   77.2564396732436   77.8949163183051
 0.5777510794  0.5777521671   84.5839731703768   69.3697740435697   89.5885739337089   91.1616034848002   89.8173477344243   75.3889640243408
 0.5784437817  0.5784437819   84.5839731703768   69.3697740435697   86.4856696176853    76.061022934589   86.4575320476243   76.2568216899532
#[time: 0.58]
 0.5840948982  0.5841039489   84.5839731703768   89.2999295787802   86.9779373172233   77.1756692715416   88.8784155296617   90.2951879219543
 0.5843272684  0.5843273726   84.5839731703768   87.0097022672021   88.3903375288065   89.6543864463547   83.3315959082478    82.407876589495
 0.5848026205  0.5848026546   79.9913208885575   87.0097022672021   89.4882799751884   90.6256324093461   86.4631715563384   94.4230787950724
 0.5897539367  0.5897539993   76.1276623303165   87.0097022672021   85.5966988917911   90.3344274119718   82.8723544267348   94.7463176174895
#[time: 0.59]
#[time: 0.6]
 0.6017681098  0.6017705132   76.1276623303165   76.7589693685348   82.2936796112672   88.9413659526474   67.9320022626409   67.5779320893491
 0.6022094837  0.6022097706   78.2032852490016   76.7589693685348   81.7967001299794    82.167646338132   69.7831162565486   69.9267824919803
 0.6069288815  0.6069319962   80.3220535736027   76.7589693685348   77.8404522185804    77.770124107594   71.5254899688063   71.9256370459188
#[time: 0.61]
#[time: 0.62]
#[time: 0.63]
 0.6345472432  0.6345493579   80.3220535736027   81.5008267239248   80.6564985408572    78.966658315249   77.3458386876042    76.913961090279
 0.6374964722  0.6374972477   80.3220535736027   79.7333489509036   82.0544221933396   82.2529243111878   73.2090326673189   73.3408101111427
#[time: 0.64]
 0.6410041594  0.6410072203   80.3220535736027   82.9163992197463   78.5629663039374   78.7408814108919   80.7042031006366   80.2106907910673
 0.6459644422  0.6459644424   80.3220535736027   82.9163992197463   85.4918853847714   86.7967977777766   85.4956298016587   86.8263803824225
 0.6465815315  0.6465935427   86.9048883120748   82.9163992197463   83.9101617315696   84.5526382781856    77.499283922371   77.5674497437552
#[time: 0.65]
 0.6589828116  0.6589828247   86.9048883120748    82.225281495566    93.498892063412   89.6462115103265   95.5421210785628   89.8355009533115
#[time: 0.66]
#[time: 0.67]
#[time: 0.68]
 0.6876567901  0.6876610525   74.3009968349005    82.225281495566   91.8059730953888   88.2573280718675   80.3241099771232   90.9875434800812
#[time: 0.69]
 0.6904776749  0.6904810103   87.2834504540874    82.225281495566   78.5278211192813   84.0338226416075   82.4396708451535   83.8139286474205
 0.6959952944  0.6959969421   87.2834504540874   88.1389662579989   86.8004021267107   86.0104049513074   83.7746789111714   83.4302899799962
#[time: 0.7]
#[time: 0.71]
 0.7123656363  0.7123656585    94.310166446157   88.1389662579989   91.5793257894219   91.8346473334301   89.5294703473744   90.6936879902242
#[time: 0.72]
 0.7294288436  0.7294288592    94.310166446157   89.9654160786946   96.7560961334637   92.9362163646001   93.6501063440801   92.8210221003472
#[time: 0.73]
 0.7319818871  0.7319829343   91.2470845794371   89.9654160786946   94.3568898455863   93.0675374620482   81.1603277662557   83.7178236414821
 0.7352602671  0.7352602838   101.831590100609   89.9654160786946   94.9374408258559   94.1458782835049   97.8476868780449   95.8065711232357
 0.7356623948   0.735662967   101.831590100609   101.167951183575   105.877298445524   97.7807090378437   103.037226179516   101.778484243624
  0.739730079  0.7397316216   101.831590100609   105.643305418075   101.893136824848   101.871404958045   100.377923632429   98.7623729907035
#[time: 0.74]
 0.7415580731  0.7415580733   101.831590100609   105.643305418075   105.040580264054   105.708758317856   105.028766799854   105.660225660092
 0.7435143849  0.7435149688   107.043858503847   105.643305418075   105.405290157695   106.331493823575   99.5079759008358   99.3560433805811
 0.7484577376   0.748465836   107.043858503847   105.590684915874   112.206980668738   111.370773956294   99.4353643364373   99.5838108378274
#[time: 0.75]
 0.7590845179  0.7590878173   104.670112962865   105.590684915874   107.706420394905   107.467806251362   98.0175270125201   97.9314983058707
 0.7598992247  0.7599000061   109.705068423087   105.590684915874   109.275774626267   109.611773391232   101.873517795864   106.169502002296
#[time: 0.76]
#[time: 0.77]
 0.7760046954  0.7760074255   109.705068423087   110.392228131504   114.799361212917   112.316316741318   105.990008158581   105.811954335541
 0.7787765229  0.7787766517   116.812162681092   110.392228131504   113.259474747532   113.676350159819   115.560247625335   114.507170036345
#[time: 0.78]
 0.7895811265  0.7895833041   114.418001820649   110.392228131504   118.849956284636     115.3418251231   108.258456187703   109.172630437318
#[time: 0.79]
 0.7927377916  0.7927381726   114.418001820649   115.337102329805   117.417795687429   115.263668607226   107.303222374098   107.339304258732
 0.7935864046  0.7935868933   114.418001820649   115.104813645738   117.753322175539   118.017903413004   108.679204566975   108.305933592034
 0.7969848159  0.7969858455   119.637987742662   115.104813645738   117.028198186371   117.251654981836   113.350590312721   114.177269546786
#[time: 0.8]
 0.8002856277  0.8002876911   117.682550178062   115.104813645738   121.853700471936   119.868779784071    108.88086051746   110.419724069727
#[time: 0.81]
 0.8135545005  0.8135554685   117.682550178062   119.394217102088   120.487740606698   119.459859050526   119.599765857891   119.817186816607
 0.8149192237  0.8149211866   120.327612690324   119.394217102088   119.272213499582   119.483812465691   111.846955842336   112.213004640241
 0.8150394925  0.8150395328   125.430097379314   119.394217102088   125.443640175963   124.757026439128    122.08466649554   122.477166834154
 0.8175707826  0.8175719798   125.430097379314   123.911537006208   125.880895773076   124.278966564958   120.209669570156   120.715771468187
#[time: 0.82]
 0.8227827168  0.8227878554   125.430097379314   127.759842968357   130.699212651255   129.263697676664   117.343624523752   117.933951848562
#[time: 0.83]
 0.8355022834  0.8355032181   134.942453263279   127.759842968357   129.187278820988   130.288166693862   132.339119342084     131.6232718334
#[time: 0.84]
 0.8413334838  0.8413334884   134.942453263279   130.987120363548   134.828140614275   132.374486957909   136.853156450759   133.652145760018
 0.8440425063  0.8440425075   133.972719294601   130.987120363548   136.927846139363   134.183960189952   136.315648342886   134.681842384012
#[time: 0.85]
 0.8577822755  0.8577830342    129.69198639711   130.987120363548   137.152358625488   135.834703820351   135.791961281699   138.383235367952
#[time: 0.86]
 0.8639751104  0.8639783471    129.69198639711   131.539289390264   133.683239770598   134.225181876937    126.39393990414     125.0642327068
#[time: 0.87]
 0.8725143112  0.8725143114    129.69198639711   131.539289390263   131.956619890713   132.194324143116   132.081940775064   132.316802743268
 0.8777530991  0.8777558672   144.460717719854   131.539289390263   131.821817780196    132.13028587927   144.466812834385   137.697507518649
#[time: 0.88]
 0.8855300736  0.8855348788   144.460717719854   147.349849366344   142.731684989623   138.158441077557   145.898009071974   145.894546361937
 0.8892211635  0.8892278797   148.884715411458   147.349849366344   145.813304775671   145.566830681789   139.992347514943   140.807230755527
#[time: 0.89]
#[time: 0.9]
 0.9040946707  0.9040985879   148.923647465986   147.349849366344   146.140819249149   146.357173124589   146.128091709798   146.543157559812
 0.9071753849  0.9071754321   135.097112721769   147.349849366344    151.64538123187   151.138404940283   142.031432944042   153.826773725225
 0.9075091469   0.907511167    149.01395347836   147.349849366344   142.804809934276   153.122881285013   138.760221715596   138.544131703153
  0.908488586  0.9084896876    149.01395347836   152.949538260062   149.747524199304   149.287952669111   154.535747188472   158.944891080888
 0.9085516515  0.9085538383   153.831858771344   152.949538260062   154.339531555329   156.515955566307   144.106887408769   144.571636533271
#[time: 0.91]
 0.9136028695  0.9136053061   153.809858838753   152.949538260062   155.898788902195   155.680028016059   143.615214832336   143.580388475463
 0.9186329356  0.9186330164   153.809858838753   139.281881335773    157.02839152129    156.50407807695   156.393517815482   143.266770847484
#[time: 0.92]
 0.9200323459  0.9200344681   138.361032159508   139.281881335773   154.742877797664   145.742154822539   133.243855086724   132.995223619283
 0.9299312282  0.9299312284   138.361032159508   139.281881335773   139.078133969624   139.123554853575   139.115007076583   139.170642943863
#[time: 0.93]
 0.9345467973  0.9345467975   138.361032159508   139.281881335773   139.818307762082   139.944189520156     140.0179292967   140.160945313205
#[time: 0.94]
 0.9417370912  0.9417390288   138.361032159508   143.111811650126   138.742018631516   138.732487736754   139.853420310532   138.109451101599
 0.9452184843  0.9452209867   146.476933351558   143.111811650126   144.110363575749   148.523054684848   136.641969516201   136.360974179904
#[time: 0.95]
#[time: 0.96]
 0.9604510423  0.9604514525   149.347741064723   143.111811650126   148.070221722538   146.747618334967    145.93640670892    146.11896309486
#[time: 0.97]
 0.9706085681  0.9706086124   151.238865672513   143.111811650126   152.405022060539    148.33845372982   149.020411350256   147.437420640706
 0.9710876965  0.9710876967   151.238865672513   143.111811650126   154.942719365926   149.585655930675   154.828261130403   149.551210848855
 0.9717201598    0.97172211   151.238865672513   153.422250546126   151.302832849679   148.735099089964   159.132210187062   161.781956361397
 0.9776101627  0.9776106374   154.648290337229   153.422250546126    155.40517708893   156.320170626509    144.58945816706   144.356441542041
#[time: 0.98]
 0.9812187184  0.9812189307   154.648290337229    159.46023459081   158.326827183297   157.657931088656   157.339040511262   157.632595595184
#[time: 0.99]
