# command line: ./generate_stepping_data --k_ub 100 --k_b 100000000.0 --ls 10.49 --dt 1e-10 --exp-unbinding-constant -10.0 --cb 0.1 --cm 0.4 --ct 0.2 --eqmpre 200 --lt 23.8 --framerate 1e-10 --nomovie --runtime 1.0 --eqmpost 224 --label paramSearch --crash-movie --seed 1 --eqb 120 --eqt 0



#********paramSearch__k_b-1e+08,k_ub-100,cb-0.1,cm-0.4,ct-0.2,ls-10.49,lt-23.8,seed-1,dt-1e-10********
#time_unbind, time_bind, nbx, fbx
#[time: 0]
   2.0833e-05  0.0001535399   17.1065839689442  -3.50527106182634
 0.0001535399  0.0002436126   17.1065839689442   37.8670387543162
 0.0002436126  0.0002529425   54.2056421648527   37.8670387543162
 0.0002529425  0.0003815287   54.2056421648527   73.0813852598241
 0.0003815287  0.0004610078   93.8443246574161   73.0813852598241
 0.0004610078  0.0004690531   93.8443246574161   111.135286525221
 0.0004690531   0.000472998   131.896676835359   111.135286525221
  0.000472998   0.000730266   131.896676835359   149.679866348519
  0.000730266  0.0007587537   166.353786309014   149.679866348519
 0.0007587537  0.0009101012   166.353786309014   184.336785307609
 0.0009101012  0.0009272628   198.894014723213   184.336785307609
 0.0009272628  0.0009747836   198.894014723213   218.506461748502
 0.0009747836  0.0009948882   236.049133397864   218.506461748502
 0.0009948882  0.0010621878   236.049133397864   256.449877255659
 0.0010621878  0.0010869719   273.733523099899   256.449877255659
 0.0010869719  0.0013256601   273.733523099899    294.50551903736
 0.0013256601   0.001456829   312.302322603743    294.50551903736
  0.001456829  0.0014973034   312.302322603743   332.695904585358
 0.0014973034  0.0014979866   349.041873163349   332.695904585358
 0.0014979866  0.0015378383   349.041873163349     369.8495938387
 0.0015378383  0.0016165378   389.388696082909     369.8495938387
 0.0016165378  0.0018504365   389.388696082909   410.048348148517
 0.0018504365  0.0020293812   429.291794275209   410.048348148517
 0.0020293812    0.00225331   429.291794275209   450.099145338305
   0.00225331  0.0023189513   468.900229004468   450.099145338305
 0.0023189513  0.0023244285   468.900229004468    489.05582697524
 0.0023244285  0.0024445445   506.591125718751    489.05582697524
 0.0024445445  0.0024965069   506.591125718751    526.26250129002
 0.0024965069  0.0025265671   542.999469932721    526.26250129002
 0.0025265671   0.002566737   542.999469932721   563.506591020351
  0.002566737  0.0029464287   581.263446409148   563.506591020351
 0.0029464287   0.002991936   581.263446409148    601.57803115346
  0.002991936  0.0030081057   622.376528833011    601.57803115346
 0.0030081057  0.0031028317   622.376528833011   643.206093261872
 0.0031028317  0.0031912747   663.667116152421   643.206093261872
 0.0031912747  0.0032061171   663.667116152421    684.54162830181
 0.0032061171  0.0032277603   704.574415752847    684.54162830181
 0.0032277603  0.0032455801   704.574415752847   725.240516023147
 0.0032455801  0.0034563961   741.740332925143   725.240516023147
 0.0034563961  0.0035109618   741.740332925143   761.228211244414
 0.0035109618  0.0037195289   781.301219331174   761.228211244414
  0.003719529  0.0037261949   781.301219331174     798.9278926472
 0.0037261949  0.0037651237   819.515720914497     798.9278926472
 0.0037651237  0.0040348881   819.515720914497   839.789481010446
 0.0040348881  0.0044830546    857.57197319729   839.789481010446
 0.0044830546  0.0045807787    857.57197319729   877.671427351111
 0.0045807787  0.0046707497   898.611688904014   877.671427351111
 0.0046707497  0.0046779294   898.611688904014   895.062739157759
 0.0046779568  0.0049437734   915.981007013674   895.062739157759
 0.0049437734  0.0050256671   915.981007013674   935.275594208422
 0.0050256671   0.005213141   956.154837726042   935.275594208422
  0.005213141  0.0052468198   956.154837726042     957.5669134138
 0.0052468304  0.0053673477   956.154837726042   973.808546993059
 0.0053673477  0.0055574091   990.992778424591   973.808546993059
 0.0055574091  0.0058091763   990.992778424591    1011.1455015287
 0.0058091765  0.0058313871   1031.55095580393    1011.1455015287
 0.0058313871  0.0058998052   1031.55095580393     1052.446347763
 0.0058998052  0.0059833309   1068.41491444092     1052.446347763
 0.0059833309  0.0060752213   1068.41491444092   1088.47938423242
 0.0060752213  0.0062738455   1109.40327883154   1088.47938423242
 0.0062738455  0.0063322075   1109.40327883154   1108.58351535527
 0.0063322322  0.0065576957   1128.98580260104   1108.58351535527
 0.0065576957  0.0065905233   1128.98580260104   1149.97756755559
 0.0065905233  0.0066146934   1149.94502474902   1149.97756755559
 0.0066146994  0.0066484722   1149.94502474902   1155.11088073081
 0.0066485188  0.0067400185   1149.94502474902   1170.19266545577
 0.0067400185  0.0067411893   1190.02969206433   1170.19266545577
 0.0067411893  0.0068040018   1190.02969206433   1210.53254244775
 0.0068040018  0.0068158728   1230.41378720854   1210.53254244775
 0.0068158728  0.0070381691   1230.41378720854   1250.92314595034
 0.0070381691  0.0070794811   1270.65001921069   1250.92314595034
 0.0070794811  0.0072067017   1270.65001921069   1291.45224707917
 0.0072067017  0.0072112413   1297.36802190086   1291.45224707917
 0.0072112413  0.0073240106   1297.36802190086   1316.19291709002
 0.0073240106  0.0073336063   1336.37033953565   1316.19291709002
 0.0073336063  0.0073418446   1336.37033953565   1355.01983643648
 0.0073418446  0.0074265243   1374.91901940693   1355.01983643648
 0.0074265243  0.0074759707   1374.91901940693   1390.77576674498
 0.0074759707  0.0076934627   1407.77654341563   1390.77576674498
 0.0076934627  0.0078480548   1407.77654341563   1428.11114357137
 0.0078480548  0.0079541453   1447.64287836099   1428.11114357137
 0.0079541453  0.0080345315   1447.64287836099   1465.29908843716
 0.0080345315  0.0081441878   1486.19173271862   1465.29908843716
 0.0081441878  0.0081677854   1486.19173271862   1502.71507557498
 0.0081677854  0.0083119711   1523.18038149731   1502.71507557498
 0.0083119711  0.0084607291   1523.18038149731   1544.00679382106
 0.0084607291  0.0084751804    1559.3051424396   1544.00679382106
 0.0084751804  0.0086625107    1559.3051424396   1577.14018278755
 0.0086625107     0.0088881   1594.57761658463   1577.14018278755
    0.0088881  0.0089007796   1594.57761658463   1612.51078289737
 0.0089007796  0.0090916649   1627.41174692522   1612.51078289737
 0.0090916649  0.0091597276   1627.41174692522   1648.01230881009
 0.0091597276  0.0091938434   1668.50453525002   1648.01230881009
 0.0091938434  0.0092281937   1668.50453525002   1687.47696952892
 0.0092281937   0.009279406    1702.1399695749   1687.47696952892
  0.009279406  0.0092969116    1702.1399695749    1722.6015733932
 0.0092969116  0.0094746795   1743.21131612899    1722.6015733932
 0.0094746795  0.0096839276   1743.21131612899   1763.92286038167
 0.0096839276  0.0097325316   1784.00575514638   1763.92286038167
 0.0097325316  0.0099878049   1784.00575514638    1803.9194039907
#[time: 0.01]
 0.0099878049  0.0105604053   1823.57942810491    1803.9194039907
 0.0105604053  0.0105728067   1823.57942810491   1843.16478964505
 0.0105728067  0.0105909932   1864.07081915372   1843.16478964505
 0.0105909932  0.0106794396   1864.07081915372   1881.54743902803
 0.0106794396  0.0107147969   1902.35952765229   1881.54743902803
 0.0107147969  0.0107165153   1902.35952765229   1922.83784053065
 0.0107165153  0.0108373029   1943.11252424777   1922.83784053065
 0.0108373029   0.010939449   1943.11252424777   1962.30912897529
  0.010939449  0.0109611034   1982.54538413272   1962.30912897529
 0.0109611034  0.0109726347   1982.54538413272   2003.01347055713
 0.0109726348  0.0110652116   2023.55301373568   2003.01347055713
 0.0110652116    0.01108342   2023.55301373568   2022.86740866259
 0.0110834287  0.0111051556   2023.55301373568   2044.51038983864
 0.0111051556  0.0111107111   2046.09149605866   2044.51038983864
 0.0111313733  0.0111319323   2065.27970879082   2044.51038983864
 0.0111319323  0.0111433937   2065.27970879082   2081.44606841615
 0.0111433937  0.0112329206   2102.12868308905   2081.44606841615
 0.0112329206  0.0113006494   2102.12868308905   2122.53743479104
 0.0113006494  0.0114994434    2142.4122569746   2122.53743479104
 0.0114994434  0.0115033695    2142.4122569746   2160.72945486807
 0.0115033695  0.0117405877   2180.72956567348   2160.72945486807
 0.0117405877  0.0119176975   2180.72956567348   2201.28757480284
 0.0119176975  0.0120250806   2221.17747141512   2201.28757480284
 0.0120250806  0.0121677678   2221.17747141512   2241.35162737727
 0.0121677678  0.0122114463   2260.65978998851   2241.35162737727
 0.0122114463  0.0122806453   2260.65978998851   2280.09631885269
 0.0122806453  0.0124590267   2300.17650914087   2280.09631885269
 0.0124590267  0.0124894023   2300.17650914087   2320.13658866708
 0.0124894023  0.0126167418    2340.1338444591   2320.13658866708
 0.0126167418  0.0126381246    2340.1338444591   2360.43777869124
 0.0126381246  0.0126408604   2378.00069279172   2360.43777869124
 0.0126408604  0.0129055476   2378.00069279172   2396.94502623651
 0.0129055476  0.0129256885   2411.85715167198   2396.94502623651
 0.0129256885  0.0130106084   2411.85715167198   2427.65920770112
 0.0130106084  0.0130647514   2443.73414405121   2427.65920770112
 0.0130647514   0.013143331   2443.73414405121    2459.5893210876
  0.013143331  0.0131797711   2480.36737984407    2459.5893210876
 0.0131797711  0.0133078101   2480.36737984407   2501.16270025946
 0.0133078101  0.0133457511   2520.99467499599   2501.16270025946
 0.0133457511  0.0133775656   2520.99467499599   2541.88558413055
 0.0133775656  0.0134033827   2561.68566201221   2541.88558413055
 0.0134033827  0.0135511333   2561.68566201221   2582.03444444943
 0.0135511333  0.0135591705   2602.78971074537   2582.03444444943
 0.0135591705  0.0137207968   2602.78971074537   2623.16381859821
 0.0137207968  0.0137374192   2641.72275378052   2623.16381859821
 0.0137374192  0.0137961634   2641.72275378052   2659.90766477559
 0.0137961634  0.0138115456   2678.85243855545   2659.90766477559
 0.0138115456  0.0139803405   2678.85243855545   2699.19251473644
 0.0139803405  0.0141433368   2719.58040615709   2699.19251473644
 0.0141433368  0.0141447628   2719.58040615709   2738.47387760688
 0.0141447628  0.0142333815   2755.88854266896   2738.47387760688
 0.0142333815  0.0142780375   2755.88854266896   2776.33318018672
 0.0142780375  0.0143864001   2797.27135831659   2776.33318018672
 0.0143864001  0.0143915604   2797.27135831659   2818.18459229916
 0.0143915604  0.0144101511   2838.65911997153   2818.18459229916
 0.0144101511  0.0144591401   2838.65911997153   2858.67189624893
 0.0144591401  0.0144674652   2876.05698524623   2858.67189624893
 0.0144674652  0.0145037038   2876.05698524623   2897.01691245133
 0.0145037038  0.0146033888   2916.89264270418   2897.01691245133
 0.0146033888  0.0147661538   2916.89264270418   2935.69730175658
 0.0147661538  0.0148092908   2956.19659830377   2935.69730175658
 0.0148092908  0.0149313559   2956.19659830377   2975.31345336114
 0.0149313559  0.0149568693   2994.08955566755   2975.31345336114
 0.0149568693  0.0150165522   2994.08955566755   3013.17220472867
 0.0150165522  0.0150325704   3032.59781580075   3013.17220472867
 0.0150325708  0.0151535106   3032.59781580075   3053.04101126799
 0.0151535106  0.0152862839    3073.7708953065   3053.04101126799
 0.0152862839  0.0153200213    3073.7708953065   3093.36819926059
 0.0153200213  0.0154283735   3109.71618107982   3093.36819926059
 0.0154283735  0.0154810666   3109.71618107982   3125.96407668945
 0.0154810666  0.0154834465    3146.6794294915   3125.96407668945
 0.0154834465    0.01555783    3146.6794294915   3167.45008363464
   0.01555783  0.0155608375   3165.01942169519   3167.45008363464
 0.0155608755  0.0158223253   3165.01942169519    3182.2152040531
 0.0158223253  0.0158263494    3200.9602861235    3182.2152040531
 0.0158263494  0.0160570518    3200.9602861235    3221.2941277636
 0.0160570518  0.0161104488   3240.25938794633    3221.2941277636
 0.0161104489   0.016220965   3240.25938794633   3260.93333931738
  0.016220965  0.0162402419   3281.66434015373   3260.93333931738
 0.0162402419  0.0163109116   3281.66434015373   3299.07977356553
 0.0163109117  0.0164896973   3318.86006411783   3299.07977356553
 0.0164896973  0.0166413431   3318.86006411783    3339.1896922202
 0.0166413431  0.0167433487   3359.51543870516    3339.1896922202
 0.0167433487   0.016820211   3359.51543870516   3370.01050098239
 0.0168202112  0.0168282666   3389.89528756661   3370.01050098239
 0.0168282666  0.0168672974   3389.89528756661   3410.07827940267
 0.0168672974  0.0168820008   3431.03129202128   3410.07827940267
 0.0168820008  0.0168932995   3431.03129202128    3430.2609614467
 0.0168933212  0.0169306783   3451.05786319489    3430.2609614467
 0.0169306783  0.0170321552   3451.05786319489   3471.19324613277
 0.0170321552  0.0170805628   3490.48261448408   3471.19324613277
 0.0170805628  0.0171849313   3490.48261448408   3508.08773013466
 0.0171849313  0.0173232388   3528.05983354774   3508.08773013466
 0.0173232388  0.0174016638   3528.05983354774    3548.6695253202
 0.0174016638  0.0174310288   3568.34786319807    3548.6695253202
 0.0174310288  0.0176194881   3568.34786319807    3588.9366046586
 0.0176194881  0.0176574917   3598.27875195202    3588.9366046586
 0.0176575011  0.0176705668   3592.01252918248    3588.9366046586
 0.0176705682  0.0177228235   3592.01252918248   3593.63541720026
 0.0177228406   0.017812279   3592.01252918248   3612.49494052873
  0.017812279  0.0179632233    3633.2551820917   3612.49494052873
 0.0179632233  0.0179771133    3633.2551820917   3634.87175070049
 0.0179772381  0.0179965658    3633.2551820917   3636.48090900693
 0.0179965869  0.0180100316    3633.2551820917   3654.07516003818
 0.0180100316  0.0181400664   3674.66825129158   3654.07516003818
 0.0181400664  0.0182363372   3674.66825129158   3694.77746757977
 0.0182363372  0.0182700098   3713.71339257531   3694.77746757977
 0.0182700098  0.0183274692   3713.71339257531   3733.71003151871
 0.0183274692  0.0185549567    3752.6318151364   3733.71003151871
 0.0185549585  0.0185552802    3752.6318151364   3772.52688443175
 0.0185552802  0.0187472924   3789.85367263507   3772.52688443175
 0.0187472924   0.018790506   3789.85367263507   3807.38808553799
  0.018790506  0.0187979634   3828.16299510654   3807.38808553799
 0.0187979634  0.0188340434   3828.16299510654   3847.95342245972
 0.0188340434  0.0188708376   3868.45095723952   3847.95342245972
 0.0188708376  0.0189457867   3868.45095723952   3885.52504940656
 0.0189457867  0.0191773441    3903.5959665104   3885.52504940656
 0.0191773441  0.0192336903    3903.5959665104   3923.54519681733
 0.0192336903  0.0196702254   3943.75809164845   3923.54519681733
 0.0196702254  0.0196865789   3943.75809164845   3964.63299525977
 0.0196865789  0.0197256361   3985.15929170994   3964.63299525977
 0.0197256361  0.0197432004   3985.15929170994   4005.53120937982
 0.0197432004  0.0198100464   4024.79038909779   4005.53120937982
 0.0198100464  0.0198355005   4024.79038909779   4044.52162145802
 0.0198355005  0.0198629788   4064.41314576701   4044.52162145802
 0.0198629788  0.0199163044   4064.41314576701   4083.11034765191
 0.0199163044  0.0199388958   4101.79936843659   4083.11034765191
 0.0199388958  0.0199550319   4101.79936843659   4119.97750773339
#[time: 0.02]
 0.0199550327  0.0200272532   4140.13262709196   4119.97750773339
 0.0200272532  0.0201170039   4140.13262709196   4160.73312391017
 0.0201170039  0.0201993735   4179.99534709945   4160.73312391017
 0.0201993736  0.0205369717   4179.99534709945   4197.18993241949
 0.0205369746  0.0205795851    4218.0828033719   4197.18993241949
 0.0205795851  0.0206248909    4218.0828033719   4238.90475271525
 0.0206248909  0.0208368956   4255.52307740527   4238.90475271525
 0.0208368956  0.0208738204   4255.52307740527   4276.10864111772
 0.0208738204  0.0210016398   4296.50238097052   4276.10864111772
 0.0210016398  0.0210636769   4296.50238097052   4316.23094628229
 0.0210636769  0.0210662459   4334.75393125056   4316.23094628229
 0.0210662459  0.0211076421   4334.75393125056   4352.58452638954
 0.0211076421   0.021323948   4373.35445976447   4352.58452638954
  0.021323948  0.0214550161   4373.35445976447   4394.22202349882
 0.0214550161   0.021692929   4414.04173019062   4394.22202349882
  0.021692929  0.0217014126   4414.04173019062   4427.25332216254
 0.0217014126  0.0217401648   4444.33346019271   4427.25332216254
 0.0217401648  0.0218067239   4444.33346019271   4464.18673143901
 0.0218067239  0.0218580245   4484.09772059488   4464.18673143901
 0.0218580245  0.0220043657   4484.09772059488   4503.73976693278
 0.0220043657  0.0220633299   4523.25390809843   4503.73976693278
 0.0220633299  0.0220863373   4523.25390809843   4542.39896961113
 0.0220863373  0.0221579559   4562.48427325105   4542.39896961113
 0.0221579559  0.0223963924   4562.48427325105   4579.27647839185
 0.0223963924  0.0224682373   4599.67613253333   4579.27647839185
 0.0224682373  0.0224964703   4599.67613253333   4618.78297922215
 0.0224964703  0.0225476241   4639.76275754336   4618.78297922215
 0.0225476241  0.0225563798   4639.76275754336   4660.60519221606
 0.0225563798  0.0225572731   4671.58108277999   4660.60519221606
 0.0225572731  0.0225812948   4671.58108277999   4690.87338169326
 0.0225812948   0.022591481   4711.43484616067   4690.87338169326
 0.0225914812  0.0225980596   4711.43484616067   4720.85561441104
 0.0226044658  0.0227657879   4711.43484616067   4732.21443187223
 0.0227657879  0.0229008519   4751.05774210787   4732.21443187223
 0.0229008519  0.0230699771   4751.05774210787   4771.39878060023
 0.0230699771  0.0232181362   4791.95656782889   4771.39878060023
 0.0232181362  0.0239153636   4791.95656782889   4812.73901422157
 0.0239153636  0.0242460064   4833.45322321851   4812.73901422157
 0.0242460064  0.0242968747   4833.45322321851   4852.83602646432
 0.0242968747  0.0243530736   4869.92091710434   4852.83602646432
 0.0243530736  0.0244408259   4869.92091710434   4890.03038903832
 0.0244408259  0.0245164052   4910.69976321947   4890.03038903832
 0.0245164052  0.0248797407   4910.69976321947   4924.74940261276
 0.0248797407   0.024928431    4945.0082782046   4924.74940261276
  0.024928431  0.0250765323    4945.0082782046   4965.66253537162
 0.0250765323  0.0251546692   4986.29144471411   4965.66253537162
 0.0251546692  0.0252339032   4986.29144471411   5005.85255102916
 0.0252339032  0.0252582407   5026.21081126737   5005.85255102916
 0.0252582407  0.0252623329   5026.21081126737   5047.13676990374
 0.0252623329  0.0254807668   5066.28579187529   5047.13676990374
 0.0254807668  0.0257340774   5066.28579187529   5083.29689444586
 0.0257340774  0.0258444476   5102.26348234716   5083.29689444586
 0.0258444476  0.0259873563   5102.26348234716   5119.50644644843
 0.0259873563   0.026469318   5135.40304522329   5119.50644644843
  0.026469318  0.0265104489   5135.40304522329   5151.90689933479
 0.0265104489   0.026640187   5172.74058475491   5151.90689933479
  0.026640187  0.0266680884   5172.74058475491   5191.28541206009
 0.0266680884  0.0267183285   5209.05617216869   5191.28541206009
 0.0267183285  0.0271432244   5209.05617216869   5227.58472199818
 0.0271432247  0.0276161873   5242.40130000641   5227.58472199818
 0.0276161873  0.0276389654   5242.40130000641   5263.16221800388
 0.0276389654  0.0279104612   5283.76987862332   5263.16221800388
 0.0279104612  0.0279711021   5283.76987862332   5303.66555166134
 0.0279711021  0.0280583692   5324.51411215427   5303.66555166134
 0.0280583692  0.0281207292   5324.51411215427   5342.33172572034
 0.0281207292  0.0281237666   5360.89370556898   5342.33172572034
 0.0281237666  0.0283432432   5360.89370556898   5380.70530572996
 0.0283432433  0.0288456336   5400.10866446096   5380.70530572996
 0.0288456336  0.0288522673   5400.10866446096   5420.64162252461
 0.0288522673  0.0289799714   5440.55110557854   5420.64162252461
 0.0289799717  0.0289998862   5440.55110557854   5460.42803458263
 0.0289998862  0.0292176456   5480.90548657727   5460.42803458263
 0.0292176456  0.0295926119   5480.90548657727   5501.52018337655
 0.0295926119  0.0295941362   5506.29115861309   5501.52018337655
 0.0295943762  0.0296398386   5521.83626928837   5501.52018337655
 0.0296398386  0.0297026272   5521.83626928837   5542.51677156417
 0.0297026272  0.0297512785   5563.42557156912   5542.51677156417
 0.0297512785  0.0297696202   5563.42557156912   5582.55583259127
 0.0297696202  0.0298832939     5603.460599867   5582.55583259127
#[time: 0.03]
 0.0298832939  0.0300315638     5603.460599867    5623.5751440095
 0.0300315638  0.0303734816   5642.26398684127    5623.5751440095
 0.0303734816  0.0306002146   5642.26398684127   5662.87565091226
 0.0306002146  0.0306343306   5683.89456420483   5662.87565091226
 0.0306343306  0.0306510386   5683.89456420483   5684.09227630226
 0.0306510447  0.0306783754   5683.89456420483   5675.21319421305
 0.0306783826  0.0309096193   5691.37666144694   5675.21319421305
 0.0309096193  0.0309581277   5691.37666144694   5711.50851131413
 0.0309581277  0.0309686614   5731.75809623287   5711.50851131413
 0.0309686615   0.031090181   5731.75809623287   5748.87591335777
  0.031090181  0.0311905887   5767.18667874416   5748.87591335777
 0.0311905887  0.0312312406   5767.18667874416    5787.4358478864
 0.0312312406  0.0314429907   5806.36038349583    5787.4358478864
 0.0314429909  0.0318294887   5806.36038349583   5825.35174545727
 0.0318294887  0.0320403051   5843.31620536026   5825.35174545727
 0.0320403051  0.0320896174   5843.31620536026   5858.83661679631
 0.0320896174  0.0323017009    5876.7913064019   5858.83661679631
 0.0323017009  0.0323603638    5876.7913064019   5897.76241102137
 0.0323603638  0.0325508347   5916.52725738113   5897.76241102137
 0.0325508347  0.0326336237   5916.52725738113   5936.11956405172
 0.0326336247  0.0328569412   5956.66320087458   5936.11956405172
 0.0328569412  0.0329023259   5956.66320087458   5977.60189347096
 0.0329023259  0.0329457386   5981.70045864022   5977.60189347096
 0.0329508806  0.0329584556   5981.70045864022   5971.17372524543
#[time: 0.04]
#[time: 0.05]
#[time: 0.06]
 0.0632842509  0.0632934341   5974.78004787348   5971.17372524543
 0.0632934475  0.0634921288   5991.74393814987   5971.17372524543
 0.0634921288  0.0635217077   5991.74393814987   6009.74485953337
  0.063521709  0.0635267016   6029.59264576327   6009.74485953337
 0.0635267016   0.063581079   6029.59264576327   6049.77270938294
  0.063581079  0.0636207435   6070.71216999808   6049.77270938294
 0.0636207435  0.0637278025   6070.71216999808   6091.47785398074
 0.0637278025  0.0637460578   6108.07384445339   6091.47785398074
 0.0637460578  0.0637525024   6108.07384445339   6128.36769468846
 0.0637525024  0.0638605485   6149.19545806455   6128.36769468846
 0.0638605485  0.0639039529   6149.19545806455   6167.23429594084
 0.0639039529  0.0640377473   6185.12254144973   6167.23429594084
 0.0640377473  0.0643538176   6185.12254144973   6204.91750442713
 0.0643538178  0.0644361413   6200.03516220401   6204.91750442713
 0.0644416246  0.0644618362   6200.03516220401   6220.05547174865
 0.0644618362   0.064915582   6238.88863074676   6220.05547174865
  0.064915582  0.0649596245   6238.88863074676   6254.80118688739
 0.0649596245  0.0650461266   6269.03024718372   6254.80118688739
 0.0650461266  0.0651921358   6269.03024718372   6283.32830107789
 0.0651921358  0.0652648061   6304.01219605539   6283.32830107789
 0.0652648061  0.0653504306   6304.01219605539   6323.59100902249
 0.0653504306  0.0656569666    6341.8762731546   6323.59100902249
 0.0656569666  0.0658721397    6341.8762731546   6362.50813816635
 0.0658721397  0.0659938315   6381.12970718818   6362.50813816635
 0.0659938315  0.0660238813   6381.12970718818   6397.55094514489
 0.0660238813  0.0660509995    6415.0966674197   6397.55094514489
 0.0660509995  0.0661129832    6415.0966674197   6435.73605531941
 0.0661129832   0.066251257   6455.34646845923   6435.73605531941
  0.066251257  0.0663684616   6455.34646845923    6476.1340872098
 0.0663684616  0.0663915386   6487.25632335615    6476.1340872098
 0.0663915386  0.0664631389   6487.25632335615   6507.24203242423
 0.0664631389   0.066688073   6528.27221120975   6507.24203242423
  0.066688073  0.0667134626   6528.27221120975   6547.90032867675
 0.0667134633  0.0673301965   6564.92185593592   6547.90032867675
 0.0673301965  0.0673433085   6564.92185593592   6585.89055640285
 0.0673433085  0.0673694919    6589.5065454751   6585.89055640285
  0.067369571  0.0674616669   6606.54760060391   6585.89055640285
 0.0674616669    0.06749689   6606.54760060391   6616.71388458511
 0.0674983025  0.0675125114   6637.62484346038   6616.71388458511
 0.0675125114   0.067586622   6637.62484346038   6657.64748083465
  0.067586622  0.0678040157   6678.63618626606   6657.64748083465
 0.0678040157  0.0678575454   6678.63618626606   6697.79634399972
 0.0678575454  0.0679759984   6715.12127229173   6697.79634399972
 0.0679759984  0.0680425093   6715.12127229173   6735.60745590795
 0.0680425093  0.0682733871   6756.49538814852   6735.60745590795
 0.0682733871  0.0682749503   6756.49538814852   6756.75656964625
 0.0682749599  0.0683204277   6756.49538814852   6777.42470690662
 0.0683204277  0.0683285134   6774.62106434079   6777.42470690662
 0.0683285282  0.0685426827   6774.62106434079   6795.11610867626
 0.0685426827  0.0687537025   6813.15790947672   6795.11610867626
 0.0687537025  0.0688060374   6813.15790947672   6834.00226230142
 0.0688060374  0.0690148224   6854.07087572748   6834.00226230142
 0.0690148224  0.0690459813   6854.07087572748   6874.50604398871
 0.0690459813  0.0691006174   6895.06580704048   6874.50604398871
 0.0691006176  0.0692633646   6895.06580704048   6915.91763276303
 0.0692633646  0.0695087979   6935.58870561498   6915.91763276303
 0.0695087979  0.0696958717   6935.58870561498   6955.01140661265
 0.0696958717  0.0697266278   6973.12058245472   6955.01140661265
 0.0697266278  0.0697437391   6973.12058245472   6990.70072235017
 0.0697437391  0.0698692471   7006.99080741649   6990.70072235017
 0.0698692471  0.0699107751   7006.99080741649   7027.94296473756
 0.0699107751  0.0699193003   7046.48752957324   7027.94296473756
#[time: 0.07]
 0.0699193003  0.0700621109   7046.48752957324    7065.8019497289
 0.0700621109  0.0701179143   7086.56497659491    7065.8019497289
 0.0701179143  0.0702665318   7086.56497659491   7107.09159295926
 0.0702665318   0.070540371   7127.25768493645   7107.09159295926
  0.070540371   0.070585091   7127.25768493645   7147.66461554684
  0.070585091  0.0706161533   7168.22952717164   7147.66461554684
 0.0706161534  0.0706638619   7168.22952717164   7186.38717403752
 0.0706638619  0.0707176476   7207.11565525382   7186.38717403752
 0.0707176476  0.0707321808   7207.11565525382   7226.99353540783
 0.0707321808  0.0707476608    7247.8569067849   7226.99353540783
 0.0707476608  0.0709158888    7247.8569067849    7264.1060362155
 0.0709158888  0.0709923113   7284.49534424399    7264.1060362155
 0.0709923113   0.071097762   7284.49534424399   7305.12948157586
  0.071097762  0.0712228696   7325.86261536205   7305.12948157586
 0.0712228696  0.0713703542   7325.86261536205   7342.77901134162
 0.0713703542  0.0713796607   7361.69315887325   7342.77901134162
 0.0713796607  0.0717405019   7361.69315887325   7382.37977489693
 0.0717405019  0.0717800282   7398.86788061229   7382.37977489693
 0.0717800282  0.0722111532   7398.86788061229   7410.85551082228
 0.0722111532  0.0723947914   7424.82629094194   7410.85551082228
 0.0723947914  0.0724748692   7424.82629094194   7445.62809553783
 0.0724748692  0.0728314928   7455.61170360319   7445.62809553783
 0.0728314928  0.0730776479   7455.61170360319   7474.31646195236
 0.0730776479  0.0734419047   7494.99268827362   7474.31646195236
 0.0734419047  0.0734519582   7494.99268827362   7514.50055385381
 0.0734519588  0.0735066951   7532.72634088974   7514.50055385381
 0.0735066951  0.0736150373   7532.72634088974   7553.51409203141
 0.0736150373  0.0736252552   7552.19968989322   7553.51409203141
 0.0736253486  0.0736475529   7552.19968989322   7539.38448880028
#[time: 0.08]
#[time: 0.09]
#[time: 0.1]
