# command line: ./generate_stepping_data --dt 1e-10 --runtime 3.0 --nomovie --lt 23.8 --cm 0.4 --framerate 1e-10 --exp-unbinding-constant -0.2 --ls 10.49 --k_b 10000000.0 --eqt 0 --seed 1.0 --eqmpre 200 --k_ub 100.0 --label paramSearch-kubbfit --ct 0.2 --eqb 120 --eqmpost 224 --cb 0.1



#********paramSearch-kubbfit__k_b-1e+07,k_ub-100,c--0.2,cb-0.1,cm-0.4,ct-0.2,ls-10.49,lt-23.8,seed-1,dt-1e-10********
#time_unbind, time_bind, nbx_bind, fbx_bind, nmx_unbind, fmx_unbind, nmx_bind, fmx_bind
#[time: 0]
 0.0010165038  0.0011224491   7.75489514761751   3.42262988065834   2.21909449541351   2.50143959830765  -1.38679603171857   1.80790998457176
 0.0087015001  0.0089175716   15.8447818605751   3.42262988065834   10.5005614306697   8.17059418582579   11.9566981288498   9.76537210071778
#[time: 0.01]
 0.0101267189  0.0102595852   7.89925739578944   3.42262988065834    21.986206999485   9.87735940037211   8.48602838117137   6.68731106804561
 0.0138304614  0.0139369322   7.89925739578944   2.07518944788245   4.76680320958115   5.15590982983154    6.0674140245659    5.5273280724295
#[time: 0.02]
 0.0286749984  0.0287490965   7.89925739578944   6.81473305800136   12.7608956178778   6.82481356618135   5.08582949357671   2.91457228248901
#[time: 0.03]
 0.0339416715  0.0340897018   11.4259410617063   6.81473305800136    12.967547409937    12.413749310473   1.21654243348132   2.70435199731835
#[time: 0.04]
#[time: 0.05]
   0.05181047  0.0519600078   11.4259410617063   9.94797052817048   13.8122059315745   11.6671207627517   3.65824917746112   3.45661829770214
 0.0551995269  0.0554777359   15.1391389801027   9.94797052817048   13.2520286264254   12.6609936454602   10.8318078107477   11.5496124573609
#[time: 0.06]
 0.0668536379   0.066943073   13.5620511599483   9.94797052817048   19.0024453480615   15.7948487573421   4.25172256106612   3.40101106574261
 0.0673331687   0.067624424   10.8196925375983   9.94797052817048   16.0990824904064   14.1895706650495   5.46330877974885   5.48717903734183
#[time: 0.07]
#[time: 0.08]
  0.085072301  0.0852017365   10.8196925375983    0.9547774225493   11.3888107677912   11.3122626215548   12.8858284237182   7.34773296125196
 0.0859809601  0.0865119216   5.41573247531462    0.9547774225493    12.107884384775    6.3492061940716  0.956334095059729   2.31122562177524
  0.087377959  0.0874418661   5.41573247531462   9.64393937246661   5.98160243688598   4.90788728692574    0.5657105450854  0.103005847269262
#[time: 0.09]
#[time: 0.1]
 0.1005996072  0.1006647921   5.41573247531462   14.8137553179244   9.82549461868908   10.7826223458781   13.0351125014686   20.5148458453006
#[time: 0.11]
 0.1139312761  0.1140724594   10.6635906744934   14.8137553179244   12.0788073905811   19.4372189961939   3.82982296147374   4.57815654936876
#[time: 0.12]
 0.1283756063   0.129087118   21.9499233939633   14.8137553179244   13.4621395971739   14.4847598147021   21.8382134419276   12.7280834330963
#[time: 0.13]
 0.1327790715  0.1327814505   14.1089535232616   14.8137553179244   26.4734948112848   20.8953105564801   14.0074564711549   13.9601317534086
#[time: 0.14]
 0.1464704036  0.1468150046   14.1089535232616   16.3631924618052   17.6040852682219   17.7718742338269   7.29153193556129   7.02996114454826
#[time: 0.15]
 0.1509212857  0.1509710826   12.3730081818462   16.3631924618052   15.6436383684739   14.1999101434835   13.4319885784877   13.2011631576897
 0.1562278692  0.1562562413   12.3730081818462   10.4635600982603   12.6602872185317   16.9612001909065   12.8585246369357    12.610588268568
#[time: 0.16]
 0.1623799653  0.1625194152   11.0420459095798   10.4635600982603   10.8838457664833   10.9789034775616    10.408317182463    10.450911358062
 0.1647576512  0.1659567072   11.0420459095798   23.3228051445205   14.5042177772133   14.1630976398457   17.7311968431779   20.0134098668362
#[time: 0.17]
 0.1747626623   0.174938027   25.6712054474615   23.3228051445205   16.6442850377189   19.3410925756271   18.3944909526849   18.7241608007807
 0.1765353129  0.1765629069   22.2485536436219   23.3228051445205   29.7085473290285   28.5260254757461   19.5754014586552   26.3458320932096
 0.1774542886  0.1776464533   22.2485536436219   31.1302123460513   25.2933741307133   25.7374387363928   26.9809880782575   28.3525573622084
#[time: 0.18]
 0.1817804329  0.1822253905    34.564376656573   31.1302123460513   29.6853410786347   33.7860626468187   24.1698699097431   24.8364449425566
 0.1886169276  0.1888539838    34.564376656573   35.5786602717218   38.1827505667572   36.4066711859374   25.2877335383196   25.1475265917039
#[time: 0.19]
 0.1952485468  0.1953359767    34.564376656573   10.1080442499292   38.7310818536501   39.0356811489325   27.3241428958214   12.1865799309928
#[time: 0.2]
 0.2021130969  0.2022912462   13.8701218676454   10.1080442499292   32.0845986517075    16.930781450547   13.0985580867643   12.8236714576575
#[time: 0.21]
#[time: 0.22]
#[time: 0.23]
 0.2330203223  0.2334239955    11.369041378013   10.1080442499292   14.5054860821774   14.1610295106238   4.85669115159795   5.35200787893852
 0.2362498165  0.2362566549   16.7673402587763   10.1080442499292    12.446490456874   12.0563423619133   16.3270626934162     13.10488656234
#[time: 0.24]
 0.2489127203  0.2490279833   8.03433636673488   10.1080442499292   16.5665418084708   14.8466994013708   1.42170921993632  0.621726554503843
#[time: 0.25]
  0.254612451  0.2546933401   8.03433636673488   7.10255249768843   11.2396314354748   12.0218095012766   10.7562224518939   9.36535231793474
 0.2576455328  0.2579574176   8.03433636673488   6.03211179505394   8.86400305768062   8.70439498267348    11.618694529502   10.6701556357919
#[time: 0.26]
 0.2657361944  0.2657864341   8.03433636673488   15.6779995805825   10.6424048473316   10.3719410484152    4.0370200142814   5.38974297300932
 0.2685170263  0.2685588543   27.9186330579747   15.6779995805825     15.32580795777   18.8210778148106   22.7933725955338   21.8265084280623
#[time: 0.27]
 0.2738449928  0.2738685095   27.9186330579747   29.0576648404937   26.6250302424797   18.6608519661696   32.6226527838894   33.9984332388893
 0.2779127706  0.2779783841   27.9186330579747   14.5340076505531   29.8593481317312   30.7261383114508   22.5475574952834    20.204216794182
#[time: 0.28]
#[time: 0.29]
#[time: 0.3]
#[time: 0.31]
   0.30962089  0.3101466186   27.9186330579747   26.4195547031109   28.7336533221524   21.1543920788716   22.6003207026981   23.6645660208855
#[time: 0.32]
 0.3250050103  0.3250722244   27.8016806515224   26.4195547031109   28.5709137322787   27.6542915392261   17.8236987283244   18.3741808298965
#[time: 0.33]
#[time: 0.34]
#[time: 0.35]
#[time: 0.36]
#[time: 0.37]
 0.3735413462  0.3738532455   27.8016806515224   23.6565663874267   29.8272285781737    29.353683277072   28.1953741800114   26.9701986368277
 0.3793216069  0.3793379529   27.8016806515224   28.9023521972778   31.0842345357814    29.199997422491   37.6922996274451   38.9394780937117
#[time: 0.38]
#[time: 0.39]
#[time: 0.4]
 0.4030689446  0.4036363159   27.8016806515224   28.9500566497327   33.3089781924814   33.6832953115625   30.0799646190933   23.5438981543115
 0.4044547694  0.4045552039   27.8016806515224   34.5646451581407    31.244710465218   31.6157479997449   34.0324850826338   41.1942567741546
 0.4093560525  0.4095484016   38.8806249748116   34.5646451581407    34.260333816831   36.5890658913445   33.4552538247692   34.8366173884382
#[time: 0.41]
 0.4104492086  0.4110247862   38.8806249748116   51.4476850228888   34.9285152524641   35.5993135946666   45.2025448886336   45.9566624026747
#[time: 0.42]
#[time: 0.43]
#[time: 0.44]
 0.4473276892  0.4478331153   38.8806249748116   41.5962593695567    45.979979358687   49.0092905487328   38.0626221319086   37.4245157533827
#[time: 0.45]
 0.4499789329  0.4502592072    43.029052529987   41.5962593695567    40.484320105832   43.8679223251834   36.5950605906481   38.8314291939462
#[time: 0.46]
 0.4643491497  0.4643833652   49.0886083014515   41.5962593695567   43.9471282767383   43.4028298913071   39.9948374907733    41.478067537396
 0.4650935828  0.4652143412   49.0886083014515   51.0994928100631   45.9966167578237   45.5641831573503   52.0625951117429   52.8208125302293
#[time: 0.47]
#[time: 0.48]
 0.4834234189  0.4836473163    62.818755054611   51.0994928100631    51.303163829158   51.5406957267722   53.5665938076289   55.3204224380753
#[time: 0.49]
 0.4962767555  0.4965210186   57.5573418109066   51.0994928100631   63.8610723096471    50.396757265189   59.4603544933241   50.3428365823579
 0.4978941525  0.4982702938   58.2396612931764   51.0994928100631   55.1843840707986   54.7002701968003   47.8742233594648   46.8928706903913
#[time: 0.5]
#[time: 0.51]
#[time: 0.52]
 0.5281448168  0.5283539992   58.2396612931764   60.1820992465027   58.6188759746876    53.536438372413   55.8510151390248   54.3830589769653
#[time: 0.53]
 0.5377869168   0.537791815   58.2396612931764   64.7019081717754   61.7955555343499   62.7407600090592   61.0438255821108   65.2298104344133
#[time: 0.54]
 0.5453326009  0.5453811669   69.1419867420528   64.7019081717754   65.4871986645256   70.1366653790372   59.6682160974438   58.7393015616894
#[time: 0.55]
 0.5521939532  0.5524235916   69.1419867420528   70.5613247524213   71.7737987353344   64.3262945514622   62.6065586936939   60.4846025731278
#[time: 0.56]
  0.561900048   0.562019308   69.1419867420528    67.691126300827   72.8289837970228   73.5626490455569   60.7882099108798   61.1684507228553
 0.5653798401   0.565588072   53.7141730178263    67.691126300827    68.446829098499   68.4229333096703   60.5929493239986   70.8993209462425
#[time: 0.57]
 0.5744804383  0.5752088014    66.354923528953    67.691126300827   59.0977869521639   65.4952000002302   62.9057985505439    61.987066228272
 0.5760224833  0.5762303434   55.0212808025101    67.691126300827    70.996501767777   71.4571886351334   59.6026405136373   68.4515440030624
  0.576687031  0.5767481456   55.0212808025101   56.1216314475513   60.4700090725067   72.0197205549609   44.9222726761482   47.5781802616269
#[time: 0.58]
 0.5823301057  0.5823726371   57.2479977523253   56.1216314475513   60.5602243229308   61.0662498387247   55.8109726281031     56.06473402084
 0.5825580494  0.5828345967   57.2479977523253   56.6426867249603   58.6619608232307   58.3060744988323   46.8353252257457   46.6856048500354
 0.5879487636  0.5880622782   57.2479977523253    59.799319786439   59.7867618060479   59.4066029649596     48.83709484092   49.4736970095114
#[time: 0.59]
#[time: 0.6]
 0.5999483553  0.6001339038   60.5966404904498    59.799319786439   60.1856161115148   61.2461413725905   57.1694546446351   57.3948381605611
 0.6050856627  0.6052431191   59.2926092353437    59.799319786439   60.7215156257039   60.6562240806893   57.5409406384203   57.0008835205566
#[time: 0.61]
#[time: 0.62]
#[time: 0.63]
 0.6326834529  0.6330004125   65.1181185943496    59.799319786439   59.7930135139328   62.0174379140951    58.272051923467    59.701891514186
 0.6355912418  0.6361428867   65.1181185943496   67.4831493915293   62.2941990919208   62.4530212821454   66.8308528630744   69.8556185374645
 0.6390259512  0.6390739048   65.1181185943496   71.2579821176194   65.9459547375988   62.0882677950313    62.962828597712    62.024242068076
#[time: 0.64]
 0.6439805449  0.6441149511   78.7678610880068   71.2579821176194   72.4212119257411   75.5816540310692    77.893375467963   75.8119414788973
 0.6445794482   0.644882487   78.7678610880068     61.79909852097    78.947734893011   76.5798416346544    87.372483107954   70.0202096218535
#[time: 0.65]
#[time: 0.66]
#[time: 0.67]
#[time: 0.68]
 0.6884354323  0.6884608989    66.689318612406     61.79909852097   77.5117971503797   67.1548076486704    61.413683832111   62.7985694798874
#[time: 0.69]
#[time: 0.7]
#[time: 0.71]
 0.7103206051  0.7104620295   73.1853594385969     61.79909852097   69.7565323091374   68.2160396031399   69.8648689482644   66.9039074542589
#[time: 0.72]
 0.7273655822  0.7274504018   73.1853594385969   75.5356817870478   74.3498212143073   67.0118783820879   69.1585923871432   68.4980270843788
#[time: 0.73]
 0.7299073663   0.730065268   69.0238603251494   75.5356817870478   75.4013066165403   75.9423524527618   72.8628749339768   73.5822632524325
 0.7335671915  0.7339651542   78.1718461993655   75.5356817870478   75.3096524403702   78.5798972200188   70.0587830720871   70.2482146047739
  0.737582318  0.7377932652   78.1718461993655   79.2091900836544    78.668489972867   78.3000559382051   79.2520830426358   80.1834581425136
 0.7393821119   0.739481281   80.9790731894747   79.2091900836544   79.5232262259417   79.6179469744135   72.3715531807277   73.0558946673326
#[time: 0.74]
 0.7413255236  0.7415973805   80.9790731894747   87.6726033936538   82.2325432604812   81.7631687120514   86.9622584188377   94.6506632581809
 0.7462329151  0.7464442928    86.455574556934   87.6726033936538   87.4801497157925   90.8876373813732   91.2099862327599   94.8553242306501
#[time: 0.75]
#[time: 0.76]
#[time: 0.77]
 0.7737536076  0.7739672406    86.455574556934   84.1321923087444    92.467549501558   93.1055255110451   88.1376595541914   87.0582850100121
 0.7764978356  0.7767614971    86.455574556934   87.2015211149239   88.5510356367211   87.1465890271836   86.4285794467557   86.3497075514645
#[time: 0.78]
 0.7872680957  0.7876262373   91.4955327175768   87.2015211149239   89.5893241682791   89.9405390350269    87.463192910702   88.7704489418316
#[time: 0.79]
 0.7903779874  0.7904081411   91.4955327175768   89.2581132615889   93.1567179535253     91.31902823935   100.888276826605   97.8596225556579
  0.794621153  0.7947801353   91.4955327175768   100.277312394974   92.5242803968683   91.8349833661315   94.3876540466332   97.8227674168342
 0.7979015269  0.7981008619   101.836108529062   100.277312394974   97.2398053792875   101.085806161493    92.751357439351   97.8649135855807
#[time: 0.8]
#[time: 0.81]
 0.8125098142  0.8125998079   101.836108529062   99.7611238813364   102.073730679885    101.77490551063   97.0145298137816   97.8373454155495
 0.8126185048  0.8128622048   101.836108529062   121.029328171503   106.505268451998   105.025959102943   109.148072040538   115.882033114703
 0.8151171528  0.8151880673   101.836108529062    104.29560977353     109.2882163836   121.897248270824   101.854875448746   100.892792730768
#[time: 0.82]
#[time: 0.83]
#[time: 0.84]
 0.8415803596  0.8422971881   101.836108529062   106.205456546852   102.793101956171      105.273261095   98.7796161683791   98.5845469764225
#[time: 0.85]
 0.8552252685  0.8554180712   110.352081304043   106.205456546852   105.589272912855   106.771635335789   105.291185510271   106.360494195585
#[time: 0.86]
 0.8613927618  0.8623153007   110.352081304043   109.815869302787   111.941346151305   106.177553256997   109.743617565615   109.837664597132
#[time: 0.87]
 0.8698106188  0.8701830711   110.352081304043   112.941730506084    113.05784356266    106.54525823032   111.891274449159   111.982347962392
 0.8750005724  0.8759379428   110.352081304043   112.602906540694    113.07900520027   113.642969203938   109.286219372168   102.805699706295
#[time: 0.88]
  0.882654114  0.8827660739   110.352081304043   109.698561872298   110.296709436631   110.052774286807   101.175575184772   101.498880362229
#[time: 0.89]
#[time: 0.9]
 0.9012057127  0.9020910942   114.960136937576   109.698561872298   107.237581629221   107.265250972615   112.379975303426   112.334766356486
 0.9054837238  0.9056860481   114.960136937576   105.838425287835   110.259593537509   114.639897729311   113.909885398046   110.407000236729
#[time: 0.91]
 0.9105712925  0.9107765241   105.317147420653   105.838425287835   114.441637881448    111.81470235123   103.679953257895   103.523324477753
 0.9155750506  0.9156129938   105.317147420653   110.242369772342    108.55879299848   108.948697437031   104.479529170959   100.610132309819
 0.9169692091  0.9169746952   114.836166345095   110.242369772342    109.49768383982   112.268294294757   107.211385716477   111.819493076975
#[time: 0.92]
 0.9268676835  0.9272890575   111.355677763569   110.242369772342   112.785646346153   112.547259869017   106.060940095996   106.372924687924
#[time: 0.93]
 0.9314290078  0.9315374395   111.355677763569   102.523163363885   111.544731605723   111.386773362771   119.432676753855   108.385068056934
  0.938605074  0.9393856765   111.355677763569   116.201186400261   109.378709854898   106.296423292591   113.514433434107   113.128031703905
#[time: 0.94]
  0.941984526  0.9421011063   111.355677763569    115.31085481917   117.556256091758   122.349388015428   105.000516611793   104.894751807233
#[time: 0.95]
 0.9572019415  0.9573160923   102.953086205325    115.31085481917    113.34817367085   113.200772133802   106.284110460008   112.819144859077
#[time: 0.96]
 0.9673440577   0.967500183   118.016511724007    115.31085481917   109.100529917263    120.00157555384   117.320476555462   117.106395488258
 0.9678028339  0.9682246628   113.407784415435    115.31085481917   119.820297388472   118.898507248749   108.494100626739   107.628811740928
 0.9683792607  0.9684916472   120.402200358479    115.31085481917   115.152839089306   115.351185666463   110.370778845215   115.282296196818
#[time: 0.97]
#[time: 0.98]
#[time: 0.99]
#[time: 1]
  1.006101096   1.006124866   120.402200358479   116.819504243062   118.268494532071   117.837755367605   118.867845124516   116.841906032294
#[time: 1.01]
#[time: 1.02]
  1.027948077   1.028062337   120.402200358479    102.14834457556   120.712214813517   119.898594887763   121.150199655841   107.253838814088
  1.029401339     1.0296335   120.402200358479   112.130724077104    116.86261764846   107.601313311157   125.274386190131   117.581356190345
#[time: 1.03]
  1.036177638   1.036295779   115.261478257916   112.130724077104   120.779747289742   115.837416363039   121.679185085379   116.693984438585
#[time: 1.04]
  1.045100837   1.045100841   116.395186685992   112.130724077104    115.96376373692   115.284383381079   115.740113806458   114.821794527045
#[time: 1.05]
  1.057756665   1.057934009   116.395186685992   113.423800075719   116.370427254664   114.861037322852   107.334759908773   106.773266978107
#[time: 1.06]
#[time: 1.07]
  1.078933278   1.079054656    125.46173513592   113.423800075719   121.445926527691   119.695038667626   120.350066506948    119.67949200069
#[time: 1.08]
#[time: 1.09]
  1.098756573    1.09896637    125.46173513592   129.502105768491   120.901531230689    117.45262685989   125.953519985483   124.398826659817
#[time: 1.1]
  1.107524785   1.107718574   132.054688412051   129.502105768491   130.158924243152   131.077311790481   133.839911821075   133.086834193981
  1.108903804   1.109014147   132.054688412051   132.936886836049   133.893717399063   132.906873518964   133.081143235146   133.261243041645
#[time: 1.11]
  1.118277215   1.118447185   132.054688412051   134.662506631019   131.159269419988   133.330995770266   126.355025996105   125.368162275577
#[time: 1.12]
#[time: 1.13]
#[time: 1.14]
  1.141149358   1.141243368   132.054688412051   133.221220649271   133.315533884931   133.278347816908   131.232264957856   131.050226500641
  1.142509923   1.142581965   132.054688412051   120.056467548354   135.345155848385   135.780851381943   127.473100351587   126.314238191777
#[time: 1.15]
#[time: 1.16]
#[time: 1.17]
   1.17022302   1.170275039   120.963111627457   120.056467548354   130.267245944242   125.627817934162   116.200617099048   116.893952237252
   1.17607586   1.176111795   118.688273512634   120.056467548354   121.657231189157   121.267293222053   113.267733808759   112.465585470492
  1.176360839   1.176499144   122.644005860057   120.056467548354   123.130497988816   123.761966857284   114.893272354138   121.544861090575
#[time: 1.18]
#[time: 1.19]
  1.196094932   1.196577327   122.595998192712   120.056467548354   127.335630490805   126.293149011844   127.490295548656   125.225173971841
#[time: 1.2]
  1.202356881   1.202436371   121.098632912701   120.056467548354   123.493887018747   122.000328951433   111.885389640704   111.941016501971
#[time: 1.21]
  1.211665998   1.211862269   127.090276978961   120.056467548354   124.797501631118    124.39275236323   122.539280792498   123.108701940323
  1.212513929   1.212556139   127.699326370566   120.056467548354   126.472637637096   125.378059144355   118.265293680119    116.61218201841
#[time: 1.22]
  1.220778521   1.220785086   118.522010145301   120.056467548354   129.630994598032   124.792103306923   111.369589069007   111.162690257632
  1.220841303    1.22088498   121.087710969296   120.056467548354   120.660780319926   118.801934516094   121.336733785719   121.276203442679
  1.224590073   1.224817485   115.581584517079   120.056467548354   125.760888909015   125.307760314316   114.917376967267   117.341975707563
#[time: 1.23]
  1.239024039   1.239044417   117.697177180674   120.056467548354   120.779941543855   121.647428476701   110.235415018446   110.786333631877
#[time: 1.24]
#[time: 1.25]
#[time: 1.26]
  1.261937993   1.262496446   117.697177180674   113.872953196196   122.236625419706   122.818041504463   116.658833110269   116.199048973696
#[time: 1.27]
  1.275026238   1.275114096   117.697177180674   116.437616382185   117.355578901897   112.947861009029   112.772782367727   115.565290841248
#[time: 1.28]
  1.280953574   1.281650775   117.697177180674   110.841227602297   119.196624680117   118.857488298863   117.450452029875   115.733467247658
#[time: 1.29]
#[time: 1.3]
  1.305983803   1.306147895   111.950273971022   110.841227602297    119.64539925321   115.305542957937   106.137207462663   108.171593101903
#[time: 1.31]
  1.314447009   1.314491911   111.950273971022    115.80420372141   112.987468267898   112.669933784174   107.661919327899   105.337563356061
#[time: 1.32]
  1.319345389   1.320896832   111.950273971022   113.949781266749   114.127966713214   112.515020381641   113.951268448298   116.429841121944
  1.327933926   1.328136696   111.950273971022   110.885030340167   113.883532208431   114.073316933211   121.084123590327   119.989351942021
#[time: 1.33]
#[time: 1.34]
  1.344943258   1.345163294   112.135982256567   110.885030340167   109.776383469162   109.922482881126   102.000325345725   103.377963210192
  1.347657626   1.348116159   112.135982256567    115.65877398131   112.203915660543    112.16290159529    116.11924643326   116.968890068275
#[time: 1.35]
  1.350456489   1.350490678   114.572079393613    115.65877398131   114.595188271836   115.716806789882   115.045288531747   113.743288420036
#[time: 1.36]
  1.365895942   1.365908985   118.069765467241    115.65877398131   114.908845418267   114.888308342099   111.773520475057   113.488636961471
#[time: 1.37]
#[time: 1.38]
   1.38905332   1.389418993   118.069765467241    119.54017032508   121.697411416645   120.911011856941   112.326152917841   111.756454602128
#[time: 1.39]
#[time: 1.4]
#[time: 1.41]
  1.418270732   1.418459926    120.47902643734    119.54017032508   121.512930460268   122.033194110004   114.581770602936   115.665632227744
#[time: 1.42]
#[time: 1.43]
  1.430172342   1.430260978    120.47902643734   123.703020238399   121.582560441766   121.243667003325   124.246314461987   126.523137075585
#[time: 1.44]
  1.443870143   1.444153139   123.007491019498   123.703020238399   123.927794524945    124.51820345967    127.77673871338   129.862977085702
  1.445757353    1.44648623   127.767108671329   123.703020238399   124.581062022254   124.707773251789   124.723805014949   125.270827843276
#[time: 1.45]
#[time: 1.46]
#[time: 1.47]
#[time: 1.48]
#[time: 1.49]
#[time: 1.5]
  1.502328571   1.502812088   116.827406651677   123.703020238399   128.742510534245   126.632070682075   122.514941660766   128.733570734403
  1.503458704   1.503670108   116.827406651677   108.744028431365   121.708743052997   124.396618820819   118.363620454976   115.343631054255
#[time: 1.51]
  1.514208928    1.51426062   116.827406651677   117.376208164581   121.228093734306   117.825082235532   117.376736789561   117.426984997372
#[time: 1.52]
  1.520378918   1.520914305   116.827406651677   121.605116491344   121.174318786984   121.319679025877   112.089150881049   111.164098000005
  1.521612318   1.521848762   126.719131364255   121.605116491344   120.079746469536   120.770855490088   117.512542224114   119.871768490372
#[time: 1.53]
  1.537036796   1.537338155    106.51484875011   121.605116491344   126.329587994706   125.189798583134   112.254016428963   127.078733235381
    1.5391756   1.539362349   122.258079895585   121.605116491344    112.37135975159    122.58938884283   117.817925039544   118.153309321517
#[time: 1.54]
#[time: 1.55]
#[time: 1.56]
#[time: 1.57]
  1.576809833   1.577962658   122.149554576845   121.605116491344    127.27965714548   126.918856709235   114.299092993904   116.044522102854
#[time: 1.58]
   1.58086446   1.581053127   129.328563578304   121.605116491344   118.305295333838   124.192024502523   129.672056878391   125.815111475774
#[time: 1.59]
#[time: 1.6]
  1.600765975   1.600862979    128.40568779128   121.605116491344   131.943575737336   126.530867692697    127.53569139514   124.436288942241
  1.601260766   1.601926554    128.40568779128   126.260759416438   135.373894932626   129.381874978133   131.145851817201   130.326569228687
  1.602763545   1.602865231   129.404166113538   126.260759416438   129.114500470486   128.455831288211   122.556535897197    124.60967077398
#[time: 1.61]
  1.611129117    1.61123026   129.404166113538   130.466789543172   128.418543767432   127.580743503074   129.758006365999   129.747842159207
#[time: 1.62]
  1.623685829   1.623907953   134.807411734881   130.466789543172   128.410044988429   132.807676084005   130.576290490432   131.554169366511
  1.627677135   1.627773706   134.807411734881   135.390361499359   138.863059881707   134.794593590081   144.758532294775   145.513723141106
#[time: 1.63]
#[time: 1.64]
#[time: 1.65]
  1.657809503   1.657970051   139.411535435424   135.390361499359   135.390126528634   135.623881445088   136.808350529329   137.048826855914
#[time: 1.66]
  1.665537385    1.66618377   136.649817368158   135.390361499359    139.61849736967   139.444842489157   129.725459228983   131.171742360524
  1.669201891   1.669220951   139.019734715404   135.390361499359   138.500149595572   138.348825015859   129.540809195005   129.541777679574
#[time: 1.67]
  1.672819817   1.672820238   113.156334402908   135.390361499359   142.262062693699   141.373463332752   114.074210817681   132.407247617423
   1.67543887   1.675766673   113.156334402908   116.474466583028   120.335287311077   140.545645457677   106.116320561071   106.460179908113
#[time: 1.68]
  1.681095114   1.681105163   113.156334402908   122.540069633318   117.466911103621   118.672011133286   117.758315842498   117.370467185786
  1.683809051   1.683975997   125.405604057683   122.540069633318   119.291331258388   122.047332335015   125.638308267638   124.333013870133
#[time: 1.69]
   1.69078158   1.691150484   125.405604057683   127.161958252957   129.526716606002   126.621217000961    117.46539180877   116.953395409483
  1.695029567   1.695904064   125.405604057683   110.934318470559   132.408676515316   133.366516465249   131.833573678739   119.432831500855
#[time: 1.7]
  1.707576947   1.707759057   112.785080793873   110.934318470559   125.668447239783   119.460805810989   106.890971505858   110.037868185061
#[time: 1.71]
  1.715953874   1.716152701   112.785080793873   111.886574760227   111.536360208399   111.587366280175   102.561155006955   105.168851559341
#[time: 1.72]
  1.721743191   1.721984165   117.004876886416   111.886574760227   114.806817249303   114.459209611319   109.392063863742   111.035470495946
  1.723874741   1.723933193   120.214657389199   111.886574760227   122.655020179106   119.485527019164   116.022593087152   116.034336492433
#[time: 1.73]
#[time: 1.74]
#[time: 1.75]
#[time: 1.76]
  1.760616706   1.760633462   119.179925547001   111.886574760227    126.71645261509   120.145438163315   125.809298803234   120.694592041948
#[time: 1.77]
  1.774923927   1.774958633   119.179925547001   122.120164120275   114.182143841483   115.342394723491   112.669680810112   112.849925344312
#[time: 1.78]
#[time: 1.79]
  1.796124212    1.79647375   119.179925547001   119.988215388584   124.536335750468   125.575091222863   112.063344609961   112.166574676807
  1.798970428   1.799120905   119.179925547001    109.82430745689   119.539586143526   119.534854327831   123.528079660456    111.87199386337
#[time: 1.8]
  1.802618215   1.802827975   113.292653076573    109.82430745689   121.508475852643   115.890106473567   104.863738818954   104.514495632626
  1.803997981   1.804182935   114.035872210749    109.82430745689   115.372657133343   114.292632778649   109.014041597102     110.0720439529
  1.808352505   1.808618716   114.035872210749   114.902424775139   113.185694209926   112.171527860582    106.97296840303   106.769532370448
#[time: 1.81]
  1.816494957   1.816676693   114.035872210749   111.777359675502   115.349181291875   115.774022788007   110.668119361419   107.431243144497
  1.818759951   1.819065565   109.887338058263   111.777359675502   110.781974737244    111.48867511902   102.037730221889   101.480990602878
#[time: 1.82]
#[time: 1.83]
#[time: 1.84]
  1.845272419   1.845352217   120.766565705492   111.777359675502   115.559550195982   116.455500635942   118.507523118847   114.797531662859
#[time: 1.85]
  1.854394875   1.854617642   120.766565705492   122.452667154524   123.026840030594   118.419283412476   125.684764586713   131.039263441222
  1.858440692   1.859432412   120.766565705492   122.122392110199   123.750295284897   123.987712375882   122.587538489123   122.720780524025
#[time: 1.86]
#[time: 1.87]
   1.87406499   1.874150482    121.42677162916   122.122392110199   122.087372145567   124.162816539672   115.972488773047   113.978853011201
#[time: 1.88]
  1.884448269   1.884553673    121.42677162916   104.583929255514   122.158048482611   122.236428839504   125.595556975108    110.85517698472
#[time: 1.89]
#[time: 1.9]
  1.907457645   1.908053886    121.42677162916   128.056154034295   120.368743636615   112.521204244869   124.437072132211   122.694102833267
#[time: 1.91]
  1.913580445   1.914002263    121.42677162916   131.050203065583   126.644009920639   128.208338065168    123.43239433438   121.499826250734
#[time: 1.92]
  1.923994171   1.924148225   132.965734311506   131.050203065583   129.869493215189   136.339538196715   126.108568615394    126.11614973723
#[time: 1.93]
#[time: 1.94]
#[time: 1.95]
#[time: 1.96]
#[time: 1.97]
  1.979093762   1.979155732   133.517075217586   131.050203065583   133.127505403743   132.052654555722   135.564460914412   134.882108903287
  1.979471331    1.97956082   133.517075217586   136.231436697278   133.063928501503   132.772293288489   133.879661670001   135.466678252253
#[time: 1.98]
   1.98356145   1.983582398   133.517075217586   127.063014857124   134.738815346957    134.69334821769   135.087387770835   127.903518516411
   1.98843527   1.988668316   133.517075217586   140.121941707082   136.066915146381   133.642249708013   138.220752485239   136.048342018306
#[time: 1.99]
  1.994084069   1.994155716   133.090404717032   140.121941707082   137.331323761632   140.224589874826   141.507822580669   150.000090380448
#[time: 2]
#[time: 2.01]
  2.016843621   2.016863115   133.090404717032   136.718156635651    137.62311192959   138.971271009146   134.178947371219   134.009992317763
#[time: 2.02]
  2.021586196   2.022033871   135.806647905188   136.718156635651   137.364043890012   139.321665944763   132.056676143848   131.361068570715
  2.028029194   2.028166488   143.440824348112   136.718156635651   141.718405353003   142.708195208339   140.171065010257   140.131297961383
#[time: 2.03]
  2.032030557   2.032280639   143.440824348112   134.962201673148   147.324344834505   143.448430977666   147.435322996994   140.590306066777
  2.032352987    2.03262056   143.440824348112   141.007752436766   138.083423961652   139.056281079206   147.737512587973   146.495419988115
  2.034600566   2.034630696   145.286583900177   141.007752436766   145.977822508918   143.867256063845   136.003710544753   138.779274324185
  2.036418222   2.036629624   147.209753329445   141.007752436766   142.666006140238   140.892521212102   140.051114211984   141.150451464607
#[time: 2.04]
  2.043936954   2.044163829   149.898357927111   141.007752436766   148.484376232495   146.046552670611   143.065362296495   145.215743022684
#[time: 2.05]
#[time: 2.06]
#[time: 2.07]
#[time: 2.08]
#[time: 2.09]
  2.097691759   2.098098082   149.898357927111   154.693244210364   150.848315574313   145.431778766137   150.724742171018   148.320227061223
  2.099091296   2.099240684   173.130449525894   154.693244210364   152.886066352499   153.173796618886   174.947689511309   161.660355460555
#[time: 2.1]
    2.1032055   2.103402503   155.388576389816   154.693244210364   178.729707693031   162.919244933225   158.367003527552   158.104128534019
   2.10812914   2.108344949   141.833803391398   154.693244210364   156.483000725058   156.408623459944   141.492906634402   157.537304026893
#[time: 2.11]
  2.116202623   2.116514235   157.982703916524   154.693244210364   148.365210263912    156.36499107283   147.536730070569   146.903308268497
  2.119236335   2.119486622   157.982703916524   156.415454940608   162.302298782884   159.969312988527   149.552449411826    150.54062293469
#[time: 2.12]
  2.126942344   2.127382573   160.769183392785   156.415454940608   159.632053623476   159.207470010304   154.743375384312    156.67659276488
#[time: 2.13]
   2.13141141     2.1318613   160.769183392785   158.360355995352     159.2613827532   158.798872635629   170.931313167961    166.49967944806
  2.136586097   2.137133794   160.769183392785   169.001898119692   164.364156796384   162.696006312245   163.844361392956   162.269796538856
  2.139002345   2.139397999   160.769183392785   168.075287594778   163.536894604732   170.225077098849   164.811812501395   165.273892449885
#[time: 2.14]
#[time: 2.15]
  2.150459985   2.150590136   160.769183392785   158.723958278684   164.407976747404   164.398490072602   160.603945136419   163.479841274242
  2.156182219   2.156319808   160.769183392785   167.608026813447   160.762034336875   160.526504643756   158.540295619345   157.170537423559
  2.156844246   2.156852327   171.117293686687   167.608026813447   165.619703112002   173.081642394611   163.648669400455   163.884293643395
  2.156888881   2.156916613   171.117293686687    167.81520592219   174.022707502299   172.320065796832   169.866793722398   169.581804997325
#[time: 2.16]
#[time: 2.17]
  2.172237361   2.172305696   171.117293686687   174.738629873798   174.170226650046   172.370497382186   173.179957409727   173.367032481388
  2.176534381   2.176629974   171.117293686687   186.778089844969    173.22285611053   173.801534001707   178.709251948428   180.266613579329
#[time: 2.18]
  2.183334978   2.183455751   171.117293686687    175.32478821108     178.0784506832   189.350259160544   171.204164464449   170.358510411608
  2.185561123   2.185626777   171.117293686687   179.097493952797   178.142689377729   179.117725674458   175.437102648813   175.893314483862
#[time: 2.19]
  2.190904495   2.190972328   171.117293686687   172.769799280498    175.54206599552   176.785692501741   163.577265242699    163.80289011031
#[time: 2.2]
  2.200977676   2.201064672   170.169269749625   172.769799280498   174.445698980638   175.085960778762   168.555730953094   166.781808022383
  2.201286156   2.201312522   171.577772573981   172.769799280498   176.194684810397    177.74858675309   171.908339698985   164.075189762773
  2.203677348   2.203973841   171.577772573981   172.389520767761   174.830027285459   175.468743079203    167.21626452144   166.830503801941
   2.20437402   2.204374448   171.577772573981   174.325872444571   174.866944505188    175.27904742067   164.067251762938   164.032902601326
  2.206933581   2.207219792   171.577772573981   176.567114524731   172.824760041258   174.836970951009    172.77022024316   170.421540380357
#[time: 2.21]
  2.213394221   2.213538792   171.577772573981   176.743272675298   176.408981381018   179.449964039606   173.876604181469   172.980348008969
  2.213909997   2.213956337   171.577772573981   153.013921823643   173.796608583622   176.949041735058   171.270073662357   161.961498093176
#[time: 2.22]
#[time: 2.23]
  2.234510019   2.234682366   171.577772573981   179.133847988592   166.217628821031   161.937670729891    177.20179085095   173.326440232507
  2.235163778   2.235266605   171.577772573981   162.709874417902   176.864354705794   181.088676155747   170.627025625764   168.359953733729
#[time: 2.24]
  2.245062008   2.245151833   171.577772573981   162.019046328996   173.656594096989   170.412863026846   172.075290333309   164.897848155731
  2.249293281   2.249311694   171.577772573981    170.29928950388   175.112922419668   168.477337543257    164.31817680296   164.255927661843
#[time: 2.25]
  2.251352805   2.251623822   178.219468997768    170.29928950388   176.766270163793   176.150014397434   180.376047851458   176.854012295904
  2.254691654   2.255049312   178.219468997768    187.29249376691   186.112058610805   176.663390628236   183.984302066603   191.375940502578
#[time: 2.26]
  2.261975229   2.262093703   190.732412872173    187.29249376691   182.744238963345   182.673785371536   181.047151689715   181.494665186717
#[time: 2.27]
  2.273759831     2.2738528   190.732412872173   197.643665417206   190.487093770336   189.535292448414   192.331454701552   188.186853430914
#[time: 2.28]
  2.289207109   2.289251321   205.857338783888   197.643665417206   199.173191163127    204.90633316067   205.067576516884     201.6927485091
#[time: 2.29]
  2.291189328   2.291270287   196.696722747519   197.643665417206   208.951365718385   204.178291130886   193.254945810782   193.019320368468
  2.292840937   2.292942313   196.696722747519   198.119778745855   198.159592719514   198.199948050896   188.160969041529   187.636374204367
  2.299235819   2.299415925   197.001616703807   198.119778745855   198.715450714338   198.905917531938   188.352652200595   193.566460416239
#[time: 2.3]
  2.300616539   2.300881541   199.669750756951   198.119778745855    195.52753583848   200.030555461823   191.232057481404   191.506517322681
  2.306269348   2.306513869   199.669750756951   210.198160589672   206.770085605167   205.780246790763   205.162175793493   207.203451687578
#[time: 2.31]
#[time: 2.32]
  2.320470979   2.320522526   218.679059856274   210.198160589672   205.759325918645    210.96830453118   208.748850559282   208.311847949705
   2.32653744   2.326591566   205.194757931018   210.198160589672   215.210124594216    214.94699160352   210.534679517285   215.443227127805
  2.327052356    2.32710443   210.900543720277   210.198160589672   208.120027270368   210.402463524421   201.761877737966   202.158868444781
  2.329648683   2.329867854   230.852082748682   210.198160589672   212.438118464671     212.1057232689   221.576724548815   219.334873921883
#[time: 2.33]
#[time: 2.34]
  2.348990491   2.349191308   214.172995222257   210.198160589672   230.773566040137    216.89553303935   208.414245788668   214.552662980625
#[time: 2.35]
  2.356202275    2.35631329   214.957276509692   210.198160589672   214.933357281916   213.731276327752   206.006547074739   209.179942221653
  2.357240295   2.357300688   214.957276509692   202.770135740231    215.55494113608   213.517445490568   216.776056872949   210.685530916562
#[time: 2.36]
  2.368926858   2.369298006   214.957276509692   210.440451318369   217.598805526386   208.886052318907   207.454726457245   211.514047557732
#[time: 2.37]
  2.377707289   2.378278967   214.957276509692   219.560539655975   220.545745178882   217.581169087702   209.440096230637   209.584611601521
#[time: 2.38]
  2.387942925    2.38809473   217.723959098806   219.560539655975   217.055123479864    218.67599928535   220.273254255559   223.898400109299
#[time: 2.39]
  2.390517774   2.390565117    216.17304489313   219.560539655975   221.957246573392   222.985729148452   217.247021649415   216.922107618952
  2.392563665   2.392727242    216.17304489313   215.150168364772   220.882593267935   223.017680113371   218.446019913273   217.088819751479
#[time: 2.4]
#[time: 2.41]
#[time: 2.42]
  2.422714483   2.423175054    216.17304489313   221.968577865705   221.931662176213   221.046580773591    221.59542461635   226.011668522822
#[time: 2.43]
  2.429826372   2.430312427    216.17304489313   213.959907561923   218.714211326899   224.425782372767   214.332821646061   214.799519763794
  2.430727836   2.431217755   210.237522794826   213.959907561923   215.879744915079   215.241214142463   213.745260624286    214.94476358031
  2.439456804   2.439756144   216.058658542815   213.959907561923   214.396104679131   216.317590645509   205.735559993797    205.41315404333
#[time: 2.44]
#[time: 2.45]
  2.457038579   2.457175657   216.943725726977   213.959907561923   215.588650110019   215.196902422477    211.41666177297   212.112360788694
#[time: 2.46]
   2.46039992   2.460455426   220.407309562206   213.959907561923   221.658732377622   219.701221457685   220.346037525191   217.530766413826
#[time: 2.47]
#[time: 2.48]
  2.480809054   2.480866365   220.407309562206   219.764635812641   215.993643087651   216.899305731521   210.177634545443   210.101556875753
  2.489800045   2.489836885   223.485903508385   219.764635812641   221.227214622305   221.192955583798   224.811646710141   220.884683341444
#[time: 2.49]
#[time: 2.5]
   2.50642451   2.506562407   220.589909367202   219.764635812641   227.804356008461   225.536915889904   210.338648052439   210.606232995365
#[time: 2.51]
  2.511682355   2.511782907   218.079126801215   219.764635812641   218.115303616366   220.440341766191   213.775125932315   212.356392958819
#[time: 2.52]
  2.522126998   2.522625855   225.030318518902   219.764635812641    215.97616306883    215.57172386292   214.971136433704   217.419919953043
  2.524534278   2.524536908   225.030318518902   226.570881530324   228.052275189729   224.202295744964   221.240464111766   217.434513220559
  2.528642436   2.528680234   248.386624425739   226.570881530324   228.742837031953   230.197300218826   254.967684851976    236.57237331988
#[time: 2.53]
  2.529759958   2.530309086   229.492128121036   226.570881530324   247.666958382589   229.756679656387   219.462950279579   221.775804524227
#[time: 2.54]
#[time: 2.55]
  2.556764403   2.557242816   229.492128121036   231.358217903763   233.061952948253   232.045157449358   223.988674590083   222.646151129202
#[time: 2.56]
   2.56467882   2.564812221   237.107963426195   231.358217903763   231.346253733612    231.86784306788    227.81509339223   229.477560506645
  2.565113198   2.565373371   237.107963426195   241.711307367652   243.810774672015   239.486716311695   232.899791375658   233.369942374868
#[time: 2.57]
  2.571608555   2.571712651   237.107963426195   230.667938065649   240.086233721121   243.838308986121   227.013549070487   225.644484602228
  2.576376679   2.576547698   232.650939089934   230.667938065649   240.030813072014   235.565482326262   222.547308334217   223.870019799117
#[time: 2.58]
  2.583686031   2.584292859   232.650939089934   235.644959560233   234.934293831338   233.514874472025   234.403958239849   234.672291579501
#[time: 2.59]
  2.598142952   2.598259397   232.650939089934   241.536399260925   237.224040538179   239.240305292789   235.142336069262   233.509468419957
#[time: 2.6]
    2.6093412   2.609397374   240.723798097991   241.536399260925   238.708870245247   241.878338692265   234.712534116831   233.929463304894
#[time: 2.61]
   2.61167934     2.6117331   239.205680624343   241.536399260925   243.740606008128   244.025150313294    241.05098960148   244.365118121664
  2.615788784     2.6166373   239.205680624343   236.446429529663   241.509606665662   242.206418104483    232.96832549885   233.324194807298
#[time: 2.62]
  2.622197671   2.622305379   235.785330886135   236.446429529663   242.907302076855   241.999014707351   227.733179946097   227.410571026141
  2.625367549   2.625711458   241.816856081159   236.446429529663   240.615429102424   240.883131448367   232.543489054515   235.333121802331
  2.629678326   2.629847522   230.983550676948   236.446429529663   247.083875011692   243.883088675042   234.880141517496   236.503268214651
#[time: 2.63]
  2.636904128   2.637018112    239.85489703035   236.446429529663   235.702310701968   237.478034255395   236.396493831815   237.325799600376
#[time: 2.64]
#[time: 2.65]
  2.655284815   2.655390546   247.301293675865   236.446429529663   240.327345722881   239.177998720803   243.877751041322   240.764556748859
#[time: 2.66]
  2.662366595   2.662532793   235.515080324848   236.446429529663   246.803449965602   242.942187344907   237.760105654581   237.960263091997
#[time: 2.67]
#[time: 2.68]
  2.683912591   2.683953784   235.515080324848   249.509551721971   237.865472589918   238.030767260074   242.334148613317   240.671894607371
#[time: 2.69]
  2.697342898   2.697441776   248.865338246773   249.509551721971    238.34346188023   246.909326277137   249.856912901214    250.49243468283
#[time: 2.7]
#[time: 2.71]
  2.719636687   2.719761394   248.865338246773   242.323240034678   250.120561469295   250.272856305065   246.846292011457   244.262206141155
#[time: 2.72]
#[time: 2.73]
  2.733216506   2.733352894   248.865338246773   252.068058960184   250.895214075133   247.029179824373    247.50576744703   246.494912255827
  2.735003128   2.735144798   248.865338246773    252.94179930076   252.490824297064   253.370794369058   243.437519367962   244.210054344569
#[time: 2.74]
  2.743092666   2.743337414   254.609584987031    252.94179930076   255.122564454257   257.453384671562   246.186111891523    248.39662413932
  2.744254038   2.744398157   254.609584987031   259.374968271274   251.735627018365   252.064115898721   249.915259128157   249.391061184118
#[time: 2.75]
  2.757926327   2.758235106   260.542680321264   259.374968271274   258.153437072866   260.309557947583   250.868032024815   250.878267611105
#[time: 2.76]
  2.763887296   2.764148093   261.685250815243   259.374968271274    263.19735738139   262.726053106699   257.142319248803   258.124354174554
  2.766471393   2.766945112   261.087064083527   259.374968271274   259.665444089263    260.18329900464   250.920516294765   250.754607314834
#[time: 2.77]
  2.770311438   2.770448304   251.225687835102   259.374968271274   262.281897455589   261.823065614418    254.71264399829   259.445060249092
  2.774333223   2.774433105   261.750931464319   259.374968271274   258.827689264903    262.95684233214   254.431902436144   255.273553065986
  2.777879336   2.778024185   261.750931464319   267.309083225707   265.157692589393   261.060301029475   264.577493699563   262.646532511765
#[time: 2.78]
#[time: 2.79]
  2.798766106   2.798793817   273.181953309938   267.309083225707   267.519580396096   271.225640221234   278.897926984956   270.686460163879
#[time: 2.8]
  2.801873418   2.802172115   270.836579572928   267.309083225707   274.078787166154    272.37538782204   275.230999911116   270.974212124957
  2.802227856   2.802704374   269.842595462136   267.309083225707   269.546104268672   267.578736996483   259.932341014892   263.259179312028
  2.802835613   2.803117451   269.842595462136   273.412282084478   269.932382204723   269.335378575422   268.630153977093    268.33264995818
  2.804549146   2.805202535   269.842595462136   268.469428795433   271.694075958362   271.748190197618   259.372206173953   260.762592100219
#[time: 2.81]
   2.81502194   2.815220043   262.329882218875   268.469428795433   268.760841765186    269.04565210812   264.765722764599   268.420460021795
  2.818118797   2.818937315   269.889555441515   268.469428795433   269.299103842305    273.24826574662   273.818375397701   272.732959531537
#[time: 2.82]
  2.822859368   2.823004843   269.889555441515   274.076896207181   271.376704319983   265.868240660836   264.857601398534   263.926029124068
#[time: 2.83]
#[time: 2.84]
    2.8398391   2.840574086   282.399528049141   274.076896207181   274.581006537031   276.453882608627   277.063724645591   278.646707335344
#[time: 2.85]
  2.850116427   2.850538799   258.498466735745   274.076896207181   280.383937794463   278.794684853709   265.177400812439   274.333140445053
   2.85236357    2.85244493   289.045100645089   274.076896207181   265.788725201686   267.770176426306   282.128122640857   281.614951517925
   2.85254862   2.852627899   289.045100645089   294.137128632306   287.482262612357   280.823993015948   288.669762132417   286.188873981814
#[time: 2.86]
#[time: 2.87]
  2.878824977   2.878968293   296.388538958009   294.137128632306   293.060178376678   294.009776805673   293.569087151661   293.803668960995
#[time: 2.88]
  2.886619432   2.887638753   296.388538958009   297.058104076096   296.184838769786   296.006268424437   288.161311766444   287.794214692233
#[time: 2.89]
#[time: 2.9]
#[time: 2.91]
  2.910495018   2.910890737   295.188083185497   297.058104076096   295.727438194597   295.680284626275    297.59746094743   297.834131826249
  2.913744354   2.913930124   298.969934764152   297.058104076096   298.723539124279   299.202102289335   296.479528022815   296.807872550602
  2.918466772   2.918944235    299.68827683045   297.058104076096   302.594125666255   302.206575255791   292.994437211298   293.791910188709
#[time: 2.92]
  2.926260981   2.926598356    299.68827683045   303.148908503552   299.625349278591   299.374137990959   303.417975140148   303.831985792473
  2.928126784   2.928607177    299.68827683045   301.041422409633   303.099410912165   306.221608906634   299.786083776352   299.360870322936
#[time: 2.93]
#[time: 2.94]
#[time: 2.95]
  2.951606165   2.951683501    299.68827683045   302.630271801358   302.639302847597   303.208236598321   291.662666267879   292.278658729982
  2.953308146   2.953309643    299.68827683045   285.431645320237   304.338737500876   306.845531716879   295.613362189399   290.979570201048
  2.959902299   2.959908927    299.68827683045   298.805095757521   298.939408043916   292.195000258768   306.042527933655    305.40167679469
#[time: 2.96]
  2.961383437   2.962558967    299.68827683045   303.561886210609   302.364839166384   296.294768565786    302.32909363226   304.993059261344
#[time: 2.97]
#[time: 2.98]
  2.980517215    2.98060567   310.099104357255   303.561886210609   300.800235969747   299.094657258323    300.87681345377   301.027626866385
  2.985751397    2.98583399   310.099104357255   305.006647193505    314.34248282278   310.159184827611   307.329574663961   307.408907970729
  2.986630553   2.987056806   316.205654533573   305.006647193505   312.107457542663   311.009083254307   307.977634509977   309.551903001618
#[time: 2.99]
  2.992853613   2.992910773   300.656462797547   305.006647193505   313.000334206678   309.703070722992   296.860680794828   295.736238004545
