# command line: ./generate_stepping_data --k_b 100000000.0 --k_ub 50.0 --cb 0.1 --cm 0.4 --ct 0.2 --ls 10.49 --lt 23.8 --eqb 120 --eqmpre 200 --eqmpost 224 --eqt 0 --dt 1e-10 --label paramSearch-lowkub --seed 1.0 --runtime 1.0 --framerate 1e-10 --nomovie --exp-unbinding-constant -2.0



#********paramSearch-lowkub__k_b-1e+08,k_ub-50,c--2,cb-0.1,cm-0.4,ct-0.2,ls-10.49,lt-23.8,seed-1,dt-1e-10********
#time_unbind, time_bind, nbx_bind, fbx_bind, nmx_unbind, fmx_unbind, nmx_bind, fmx_bind
#[time: 0]
 0.0010242011  0.0010639019  -1.58894316608944  -3.50527106182634 -0.293658949620166 -0.847641821623875  -6.08295768813244   -5.7842310780029
 0.0044365418  0.0045125185  -1.58894316608944  -2.51763740995326   1.24557913260943  0.543749962572635   -8.0190278344486   -8.0009186651803
 0.0087078579  0.0087409836   2.77034805059943  -2.51763740995326   1.60824159881339   1.13049260965336   -2.4811079395742  -1.04319230701844
#[time: 0.01]
 0.0101566837  0.0101823362  0.852830710538146  -2.51763740995326   6.85108919754044    3.0257877625122   -3.9945887640841   -2.6148852551818
 0.0102557791  0.0103162095  0.852830710538146   8.81175530013319 -0.291465109775053 -0.556813612167028  0.979399459372307 -0.707915814280323
  0.012155346  0.0121716301   6.00847110478861   8.81175530013319   5.63016147578807   8.62710081375205   6.40372073397775   6.01802178244941
  0.012801954  0.0128275884   12.4047279044359   8.81175530013319   8.11130924630194   8.57746664379499   19.4926038701003   15.4282128136721
  0.013861382  0.0138946039   12.4047279044359   24.8287879455098   10.0465745663212   10.2674628327373   19.0988411911708    23.669104766555
 0.0144806016  0.0145151324   26.6024775946298   24.8287879455098     21.22832865612   30.8284536860095   27.7182842483243   27.3089707568501
 0.0169263778  0.0169330043   26.6024775946298    29.699068808648   28.1224339195388   27.6670748308578   27.8286985248125   27.1659581817709
 0.0181286663  0.0181601539   32.8250397971896    29.699068808648   30.0175657766259   27.6756370577535   30.3651725995387   31.5448299273696
#[time: 0.02]
 0.0246496788  0.0247218624   32.8250397971896   38.8837970165857   35.6348062941263   33.4644080994392   32.1856863301388    31.557172345608
 0.0255723291  0.0256071676   37.4435278438451   38.8837970165857   36.4792100293549   39.8588637802273   31.8539969684582   31.4784668883877
 0.0286919542  0.0287014876   37.4435278438451   43.6426400640995   41.3339280643831   42.9811200152664   40.9079612115983   41.6387487471777
#[time: 0.03]
 0.0311424033  0.0311448866   41.4458987190564   43.6426400640995   41.0593999301496   41.5923503854628   49.4721488439882    52.295962195713
 0.0339668138  0.0340124065   41.4458987190564   34.9835402994034   46.8820322526322   47.9154081476131   47.3423712669248   37.2861470008824
 0.0348956878  0.0349253601   41.4458987190564   45.3713963238444   40.8957949288701   38.4103405237912    38.961867531925   37.8961111193904
 0.0350337157   0.035072645   55.4211891249174   45.3713963238444   48.6523905185804   51.5888636794764   56.6449739117428   48.7973444294342
#[time: 0.04]
 0.0426709647  0.0426872329   55.4211891249174   52.9891215879387   52.3188675372352    51.738497593236   65.2749608014628   59.4938471533498
#[time: 0.05]
 0.0505104817  0.0505459101   54.2517487748554   52.9891215879387   57.5379885394419   56.9588814551408   52.7291003115897   52.7837367249791
 0.0518328043  0.0518389472   53.8528822572859   52.9891215879387   57.0356951653105    56.496730853315   44.0914874850047   45.0036786588977
 0.0552408395  0.0552512663   58.4888592746167   52.9891215879387   55.8647922171226   55.5211318523187   49.2884254693144   49.1707959564641
 0.0598008738  0.0598137415   58.4888592746167   55.8535685833715   64.0064623865789   60.8191423633449   54.1880757836349   54.9829093858022
#[time: 0.06]
 0.0624755265  0.0624791652    59.099670796412   55.8535685833715   60.9837446458865   58.9088295854756    49.080846073466   48.4548593014091
 0.0669276963  0.0669321268   57.4650175469509   55.8535685833715    63.256768232446   61.3215959589394   49.3591104203374   49.5374609131482
 0.0671654431  0.0672465877   53.9812297965737   55.8535685833715   61.7965453475015   51.9131263199521   59.3265163395228   62.7978262376485
 0.0674075896  0.0674093488   53.9812297965737   65.2524404327086   57.6017743433282   53.2344737428892   59.7722115738603   60.3514168093523
 0.0677511674  0.0677582164   51.1096921362267   65.2524404327086    60.689735771629   70.6366759135712     55.53191182131   65.6370776247214
 0.0693149849  0.0693167228   71.0385193042417   65.2524404327086   57.9245277693348   65.5903770880695    66.425050196811   67.8642634519739
#[time: 0.07]
#[time: 0.08]
 0.0851840145  0.0852273829   68.5879128016825   65.2524404327086   68.4568750115137   68.2671849233009   58.5686798811945   60.1673254823264
 0.0861037281  0.0861095687    66.842263203882   65.2524404327086   70.1433666530517   68.2096322333736    58.672084548101   58.3518134800542
 0.0875710771  0.0875815255    62.361663173837   65.2524404327086   68.2935816873932   67.8949357290512       59.629211407   59.1179264251603
#[time: 0.09]
 0.0901038103  0.0901720965   65.8381336411932   65.2524404327086    64.130471621915   64.3530348192164   71.6174041688599    71.107041895987
 0.0910942457  0.0911335215   68.2074595361087   65.2524404327086   71.3210639148047   70.8925628746712   59.8630533392131   59.8788606582067
 0.0964656052  0.0964977686   68.2074595361087   72.1593105888733   68.9269568510159   68.4546757190734    68.715744900535   67.4054651750164
 0.0994823388  0.0995197792   68.2074595361087   80.2449757438249   72.6608998175077   73.8111111549192   75.6359699165558    83.658372508367
#[time: 0.1]
  0.100776084  0.1008017058   68.2074595361087   74.9189659686258   75.7298021862192    80.554264655872   74.0057743729541   80.1812376373276
 0.1065688033  0.1066157968   78.0181827260961   74.9189659686258   72.0431620050201   75.4891945628895   68.2512707589325   69.0940650168976
#[time: 0.11]
 0.1141070962  0.1141273896   78.0181827260961   79.1654646155449   81.9135926479825   80.2179746270235    68.599999381122   68.8260024052929
 0.1194798391  0.1194842608   77.5089295577529   79.1654646155449   85.1551870099896   85.8372702148579   77.1078655194258   76.8412900412239
#[time: 0.12]
 0.1230827475  0.1230996881   88.8633605451554   79.1654646155449   81.2417984433941   81.7632261285164   90.3389966705809   80.6361388260539
 0.1243312514  0.1243495636   88.8633605451554   84.2259424439388    95.914367473201   85.1575205843349   92.0240088568202   89.0482200241465
 0.1285621189  0.1286224762   85.2119236444794   84.2259424439388   88.7434991157312   87.3262226169153   81.0279554559183   81.7857380637829
#[time: 0.13]
 0.1330511013  0.1330933994   86.9384227504468   84.2259424439388   89.3887576376345   88.7701698919529   78.9750008036822   80.1489601668505
 0.1355784086  0.1355961982   86.9384227504468   82.8775573209945   91.3282970556491   89.4746266509748   91.0155317419472   85.5532055092779
 0.1367551266  0.1367615744   86.9384227504468   77.8955389513872   91.0791370642326   89.1420298991096   90.2781161676945   83.4587548090227
#[time: 0.14]
 0.1436307147  0.1436602969   86.9384227504468   81.8493993063534   84.7816129666208   82.4082583184809    94.294339707875   89.0238995886218
 0.1447269739  0.1448003794   86.9520139315023   81.8493993063534   90.3786791463861   88.5380159494843   87.0700440891131   86.1013636647412
 0.1467204588  0.1467244441   86.9520139315023   90.0841996052531   89.9653955767551    88.130230979552   81.7734640240218   80.1946051344386
 0.1474854201  0.1474960975   75.1533023765313   90.0841996052531   90.5006607594965   91.4992523842258   81.2471726923269   92.8460747990642
 0.1477714667  0.1478780147   91.6385721373174   90.0841996052531   82.3676706170567   90.2596922272928   89.9015076266494   90.0710329414583
#[time: 0.15]
 0.1505026209   0.150517209   88.4687533176713   90.0841996052531   94.7157358025053   94.0964073099923   97.5382068289582   99.4771956071783
 0.1511602585  0.1511779818   87.7090200387661   90.0841996052531    94.592151555318   95.4404193313031   87.0695744502386   86.7837815731457
 0.1511971242   0.151228498   87.7090200387661   88.8088508504454   89.2835216422217   87.8573566605836   82.0746208774021   80.5967586467056
 0.1565062224  0.1565488424   87.7090200387661   82.7821029968383   88.9328372163568   89.2157408342514   97.2360736837852   92.0476261560406
 0.1575047737  0.1575695131   86.7648006307888   82.7821029968383   91.3211497887695   89.0083854127344   83.1511741248349   84.2201529730093
 0.1589692478  0.1590018549   86.7648006307888    93.640202443537   90.4004753531583   88.9190804970038   89.7303375511231   92.3238301374711
#[time: 0.16]
 0.1612092434  0.1612654559   102.415089687823    93.640202443537   94.2545947617362    95.789518917848   107.068834248119   99.0073299264989
 0.1617706639  0.1617799093   112.745190489652    93.640202443537   105.953201443768   100.634756813988   109.262680485701   101.831701127032
  0.162218207   0.162228959   112.745190489652   110.655135496807   119.001541817025   102.952037185501   116.071543700172   114.913102349209
 0.1626335537  0.1626592098   109.197908826187   110.655135496807   111.182055683602   111.281353064326   112.462831026235   113.289035768872
 0.1631818031  0.1632168466   117.863485910879   110.655135496807   113.941622943662   114.801549368022   110.033522692537     110.7841480081
 0.1633908958  0.1634045939   117.863485910879   121.584858132727   120.640144955417   116.821754154848   119.448003682575   120.571420004996
 0.1650199704  0.1650323833   117.863485910879   119.698851773458   121.908981142262   123.830266897155   119.468377280619   119.622793610742
 0.1653373791  0.1653472696   123.232797344802   119.698851773458   121.235363858516   121.916983543024   132.855826090096    129.47941415114
 0.1670973668  0.1671467118   123.232797344802   125.073597341247    124.71158591859   123.712446244737   123.739289596977   123.624813512579
#[time: 0.17]
 0.1751740949  0.1751981962    126.91166356854   125.073597341247   124.752583150521   125.510581965807   136.793877127838   133.056772225619
 0.1764200661  0.1764781907    126.91166356854   129.127086857192   127.978379403248    127.56483295112   121.261192882417   119.907449704957
 0.1769591278  0.1769637118    126.91166356854    126.28397229625   132.326764803754   133.630749838426   121.780368022162   121.852667597233
 0.1778811873  0.1778869608   130.585199467372    126.28397229625   129.272672982506   129.020317961502    123.78824602825   127.279144595678
#[time: 0.18]
 0.1822321106  0.1822399973   130.585199467372   128.620008828657   133.534236664786   131.600663957283   139.679566538041   134.846868324121
 0.1885871546  0.1886072849   130.585199467372   129.989943799049   137.219849327088   136.121675128579   121.081971442171   120.920863524695
 0.1891234016  0.1891467586   130.585199467372   138.384904309688   134.788095009459   134.485304054415   132.214463713065   129.271028796018
#[time: 0.19]
 0.1908143302  0.1908404955   130.585199467372   127.240217014141   139.448758981476   145.472135244904   129.878135339279   129.523027527543
 0.1908515233  0.1908740256   130.585199467372   126.665177737715   127.005707857004   128.497723281043   133.814837867039   132.087743604483
 0.1913982436  0.1914025838   130.585199467372   132.442223529584   130.961851846089   130.419172088674   124.636943727773   124.784695612168
 0.1945785729  0.1946290761   126.261385899471   132.442223529584    133.13163487491   133.471010359702   129.094084680219   128.806663712108
 0.1957706882  0.1957723462   126.261385899471   125.049790139385   132.817695871713   136.082408542245   118.888768791608   119.493768601535
 0.1981982809   0.198199922     131.1087080398   125.049790139385   132.998204708981   132.019147495327   121.474514174562   122.131827524362
#[time: 0.2]
 0.2016525293  0.2016555447   124.125695476377   125.049790139385   138.869342692292   133.887010649959   124.500521947331   124.459140842196
 0.2026496417  0.2026531798   131.261580284869   125.049790139385   123.509650306508   124.170982386386   128.265462982327    128.19099209952
#[time: 0.21]
 0.2115371099  0.2115395783   131.261580284869   132.059286455276   132.702478811159   130.655621590753   128.997545210335   128.467268911174
#[time: 0.22]
#[time: 0.23]
 0.2323499953  0.2323845253   132.658133871996   132.059286455276    136.61101024121   137.125375782712   140.546730708728   139.686623923495
 0.2335755803  0.2335813228   133.547818665798   132.059286455276   134.658825799474   134.606438225742   127.501308312705   127.551033043817
 0.2368575804  0.2368982544   133.547818665798   127.783434971834    134.51841407819   134.064993150035    129.02914594824   130.566804137386
#[time: 0.24]
 0.2467111258  0.2467169469   133.547818665798   127.498302665647   134.989879192283    132.20758841583   133.803556582454   130.181784621904
 0.2495151746  0.2495342122   133.547818665798   131.460991484342   133.579399288436   131.996736261547   126.490717121881   127.756722388041
 0.2499463764   0.249948112   133.547818665798    138.86936459096   136.481725011668   135.317993331903   136.587406058865   138.857323714625
#[time: 0.25]
 0.2511332765  0.2511673765    136.07130156919    138.86936459096   138.781920788275   140.192189300328   138.958037412866   139.954057586771
 0.2540029542  0.2540266749    136.07130156919   131.843487625051   139.438849528103   140.485775018356   132.462645822877    133.05253768951
 0.2552199675  0.2552448742   126.604484808751   131.843487625051   138.023856900848   136.337806802765   129.609154477689   134.228347296325
 0.2576749339  0.2576806105     134.8040965703   131.843487625051   132.736110603035   136.236836105761   129.157891923122   130.317900269024
 0.2582596302   0.258285103     134.8040965703   128.257905669108     132.2862850735   133.549170061646   136.672429044354   126.578106277367
 0.2593290211  0.2593295827     134.8040965703   138.002910563263    133.20938269209   131.869994598722   132.963993317167   132.545348337089
#[time: 0.26]
 0.2613601037  0.2613601039     134.8040965703   138.002910563263   138.133349776462   138.832007533856   138.154339283455   138.877121084417
 0.2663877674  0.2663880562     134.8040965703   136.255917843103   139.001850448369   139.263631702812   125.836065435748   125.992847737649
 0.2688170873  0.2688293467   137.444619917335   136.255917843103   141.186079126509   141.881809304551   143.773911122603   142.416278737761
 0.2691737163  0.2691986801   138.097765867468   136.255917843103    142.38871342416   141.848023986714   129.920702257556   130.091993891297
#[time: 0.27]
 0.2745040134  0.2745395244   138.097765867468   140.179758491202   137.680982874678   136.343190474454   133.612927280091   133.330679906064
 0.2785701021  0.2785717047   147.317882740233   140.179758491202   140.660462369311   142.053753833676   141.232188002147   143.282246281365
#[time: 0.28]
 0.2833004107  0.2833266672   147.317882740233   149.005184690093   151.623362897956   147.945746081931   148.328615416579    148.39334833013
  0.288905544  0.2889283831   143.518528651597   149.005184690093   149.872126404544   150.068905073317   148.432729929067   152.035008023728
#[time: 0.29]
 0.2961380191  0.2961384681   151.916336829717   149.005184690093   150.096556665357   153.656230254057   143.578122671131   144.388061735755
#[time: 0.3]
 0.3068512975  0.3068813997   128.079206408214   149.005184690093   158.645007935897   156.821799066813   135.248664964183   151.991785112502
 0.3098807122  0.3099811856   128.079206408214   128.929735039704   136.460633116102   153.726141156366   134.070869186134   134.666776205914
#[time: 0.31]
 0.3102626997  0.3102674463   127.551173115803   128.929735039704    130.15846787828   130.370565576219   129.356673390979   131.410985149444
 0.3106606648  0.3106613227   127.551173115803   130.500837023466   132.489140577312   133.014245020747   120.904589515564   121.190676559219
#[time: 0.32]
 0.3257156912  0.3257190307   127.551173115803   148.057582640003   129.213356614267    131.48666584675   135.569151553667   141.707717907623
  0.327229462  0.3272360671   146.213327961767   148.057582640003   136.894857027213   145.161413390309   156.603924411926   158.547224650668
#[time: 0.33]
  0.330487869  0.3305406239   146.213327961767   144.071946860328   150.618976344151   151.412615187569   144.071709875636   144.298175370986
  0.339265927  0.3392696046   146.213327961767   152.406367170055    146.97806551467   146.456048307991   149.853024597145   146.351829035575
#[time: 0.34]
 0.3452022729  0.3452113116   155.758640668253   152.406367170055   151.439023479064    153.28973007102    146.36650066566   146.384644319259
 0.3483944965  0.3484113555   147.390564580291   152.406367170055   159.748169777226   158.081257107297   150.148608163781   150.469870320127
  0.349398198  0.3494072489   147.390564580291   160.066778947914   152.134578924161   156.453455762531   153.741774759813   153.779590928595
#[time: 0.35]
 0.3542049595  0.3542194207   162.565636252426   160.066778947914   156.685275642081   165.338905724069   152.641678903668   152.583770830037
  0.357641644  0.3576970061   162.565636252426   163.338087557744   166.383910638665   164.927219983476   154.498396172605   154.579144041536
#[time: 0.36]
  0.360932588  0.3609465895   162.565636252426   165.261918409488   165.952610103669   166.152565569193   155.012383825316   155.219952726995
 0.3638847241  0.3638929683   170.872508935716   165.261918409488   168.790225365243    170.37407055689    181.01779815346    174.28907213318
 0.3666809177  0.3667215239   166.921066687011   165.261918409488   174.616196876183   171.649787288718   163.313773716729   163.930513541927
 0.3699375411  0.3699548496   164.708403453286   165.261918409488   167.661148725345    166.92439409915   163.922161922287   163.889354363901
#[time: 0.37]
 0.3738337037  0.3739073382   170.949352968912   165.261918409488   170.263159131984   170.626884774587   179.646666862408   168.479237467894
 0.3742178404  0.3742549986   170.949352968912   171.646936852554   172.145468144038   169.798865484448   165.054019927437   164.107155504515
#[time: 0.38]
  0.380033442  0.3800498033   170.949352968912   172.050024514667   175.876810746585   176.246289963972   180.839971944833     182.0871504111
 0.3810668827  0.3810977551   172.950297977239   172.050024514667   175.877282537619   176.336381311372   171.722296732458   170.230858685376
#[time: 0.39]
#[time: 0.4]
 0.4037765627  0.4037898412   171.429217505003   172.050024514667   177.809837293107   177.511062751874    163.72199772723   163.601598020779
 0.4052342949  0.4052427552   175.229695187334   172.050024514667   174.798833890763   175.004347350643   173.012921970159   174.350588584504
  0.405955402   0.405965461   175.229695187334   184.971386293229   183.150628972167   180.864517603349   179.147447728762   177.429769981179
#[time: 0.41]
 0.4101465923  0.4101487559   188.994092838867   184.971386293229   182.806954665499    186.49144897446   195.341982089728   191.632267993941
 0.4112649201  0.4112812771   171.173163873538   184.971386293229   185.177263126261   185.826170621491   177.264761636474   183.267033900193
  0.411601679  0.4116288935   171.173163873538   185.308251967697   179.545813516461   195.139456353593   177.065874872092   184.512496172884
 0.4120918621  0.4120936222   187.798687895877   185.308251967697   178.183022960222   188.659913139773   185.527516943243    186.12769866864
 0.4159540265  0.4160049831   183.785809851847   185.308251967697   190.442929476344   189.722308386811    176.22618519991    176.33264734763
 0.4166091335  0.4166203482   191.174274706516   185.308251967697   184.815635412639   185.028363241134   189.111285949856   188.283609903447
 0.4167973778  0.4168075848   191.174274706516    195.28165906105   190.261851702677   188.292228228533   197.687483268557   199.977614907095
  0.419666648   0.419677794   198.531627354669    195.28165906105   194.662528123851      195.674563616   192.083890187817   191.836824112276
#[time: 0.42]
  0.421183529  0.4211951338   198.531627354669   195.194147140034   200.965472389372   200.141266165646   204.463118581305   201.251801925663
 0.4246896826  0.4247158906   198.531627354669   204.610222348506   199.732094627728   197.682697379368   193.893210699154   194.688796283262
 0.4259716406  0.4259850465   198.531627354669   195.095504285968     205.1684204072   210.614164534323   189.320260192011   188.585984451853
#[time: 0.43]
 0.4349927345  0.4349992167   197.828805353321   195.095504285968    200.74014804214   199.805186656499   191.967032500676   195.154221519704
#[time: 0.44]
  0.444691936   0.444709244   197.828805353321    199.05646268028   201.693199827645   200.398151046255    193.02646193236   192.813968596166
 0.4451228424  0.4451483709   197.828805353321   200.768581608613   200.002024024354    201.21229417263   202.589255626095   206.507268977071
 0.4469171444  0.4470135206    178.00105396266   200.768581608613   199.460696826673   199.575297910044   184.634536542361   199.148874058871
 0.4481760557  0.4482450449   205.037755358885   200.768581608613   185.798333079193   197.828198429642   194.808215195479   197.575023208038
 0.4498023622  0.4498203973   205.037755358885   207.512352413107   205.321720351298   201.988618930405   198.042305104237   198.425134437444
 0.4499515209  0.4499629318   212.932927823545   207.512352413107   208.038173890049   208.828677108998   209.156581922932   210.167042398584
#[time: 0.45]
 0.4508809131  0.4509787028   208.323790363388   207.512352413107   215.535180186666   209.484404875815   206.280951575176   206.463777274873
#[time: 0.46]
 0.4599886189  0.4600185458   208.323790363388   210.331210567238   205.693697170429   209.962777507992    209.08821118931   202.543086088672
 0.4633250303  0.4633406452   211.990804579417   210.331210567238      215.186435234   216.263713582233    207.03912912854   208.019135669324
 0.4652694231  0.4652716971   199.616587063799   210.331210567238   212.787898811483   212.163177435244   208.750555781567   219.564343565762
 0.4660183375  0.4660364506   209.408477408423   210.331210567238   205.894996150644   210.693072396505    215.21679711951   215.977327555753
 0.4690381747  0.4690535256   208.445043258017   210.331210567238   209.386905678084   209.169179314218   199.721861323889   206.518881894161
#[time: 0.47]
 0.4705275365  0.4705291247   208.445043258017   210.239272445379   203.104195742786   214.491819074146   206.453389866435   202.338612667697
 0.4755993949  0.4756505263   213.571930758122   210.239272445379   210.984098154977   211.511242520332   216.989372242573    215.40437504202
 0.4790511703  0.4790529379   221.753536925603   210.239272445379   219.964497325732   216.906540954448   215.196157088007   215.852557247704
#[time: 0.48]
  0.484202343  0.4842219752   221.753536925603   223.887532053359   217.766268789818   215.863978045841   219.940419505977   215.431164029039
 0.4843501331  0.4843516492   222.879335276016   223.887532053359   224.015849350905   224.267133539511   223.055386028948   223.002382783414
#[time: 0.49]
  0.497233049  0.4972335171   222.879335276016   224.449395539946   222.565016889967   222.882182801804   218.883817350903   218.460393986263
 0.4988829866  0.4989089573   222.879335276016   208.231227420144   224.337521075245   224.444107196375   225.995756640053   212.642655546292
 0.4997415788   0.499762753   222.879335276016    228.04732775942   220.463582207076   215.449795587836   227.416542895768   234.115120278192
 0.4999811237  0.4999824459   232.659714054418    228.04732775942    227.77339732442   229.628325395355   222.665784363644   222.762904126666
#[time: 0.5]
 0.5014427632  0.5014601663   232.659714054418   235.857146766005   234.292616925786   232.718951833122   230.442084737481   229.669526025644
 0.5043584315  0.5044932196   233.907161892378   235.857146766005   236.047750388027   237.117913015203   228.626343495609   227.220974327142
 0.5066290668  0.5066403961   233.907161892378   235.422960657656   241.838379381715   243.686322737202   230.997849113174   228.814232506472
 0.5066965438  0.5067770371     230.0730076525   235.422960657656   235.049296338711   235.094393188983   234.226054635132   241.915415748892
#[time: 0.51]
 0.5176700267  0.5177112135   238.914768213508   235.422960657656   235.556210288721   238.898698796257    249.27634428652   245.197310767875
#[time: 0.52]
 0.5240000986  0.5240165689   238.914768213508   243.454726863281   241.425418477409   240.180579341265   241.782112546596   242.282236177595
 0.5291370354  0.5291421003   238.914768213508    239.93259854236   241.600232924557    243.73172182848   234.329684331938   234.230388889909
#[time: 0.53]
 0.5320301768  0.5320330813   238.914768213508   216.086617652171   242.647119363763   243.313864725833   245.445047138991   224.103749567379
 0.5347419493  0.5347859325   238.914768213508   247.449468257578   236.015722088525   226.197682652983   243.240956307166   244.519885564685
 0.5353125971  0.5353149086   251.835833679459   247.449468257578   244.799500013617   247.772106037092   244.026718573035   243.783026326273
 0.5376170046  0.5376170273   251.835833679459   260.838187507634   253.130905794786   252.040095068817   254.239108033235   252.826681063606
 0.5387987214   0.538799785   251.835833679459   255.226747290145   257.052549816385   260.817884793317   253.819244903941   253.886862020793
#[time: 0.54]
 0.5405017764  0.5405634267   256.305675173348   255.226747290145   254.031731744248   254.282405779114    248.50510596322   248.424993458445
 0.5463366619  0.5463471788   257.383197130375   255.226747290145   262.443907366293    261.71650587998   247.099208177033   246.924604795482
 0.5480756668  0.5480980403   257.383197130375   259.289527320729   258.571219995034   257.750446209177   251.878903771148   252.214565053857
#[time: 0.55]
 0.5512047741  0.5512148371   260.114929102456   259.289527320729   260.063464548484   260.543258912804   253.157583441431   253.159609560008
 0.5529404293   0.552980838   263.911584415437   259.289527320729   265.136787483986   264.821818926332   265.210869240027   264.300939071203
  0.553193683  0.5532103013   263.911584415437   280.204458801757   266.604912696941   258.988380918897   269.717577687405   275.680641202349
 0.5565360176  0.5565360178   263.911584415437   280.204458801757   268.169913006711   275.515727836861   268.026193969048   275.451323128843
 0.5572124308  0.5572537766   263.911584415437   272.947294920145   269.553262518159   283.239382835547   268.252655186011   267.985665324632
  0.559540603  0.5595667686   271.748338550322   272.947294920145   270.553024203719   274.725560304189   265.767323851524   265.810698487153
#[time: 0.56]
 0.5629188934  0.5629355985   271.748338550322   265.262313495462   275.377227838267   275.995376932286   275.087950029904   257.319906927801
 0.5630807505   0.563085857   268.657042201047   265.262313495462   274.738987486374   269.144774633831   275.618213833339   272.003567604963
 0.5664113658  0.5664119983   268.657042201047   272.987295239992   269.164563042088   267.832920703644   269.262161083071    267.47140602768
 0.5665939781  0.5666134317    274.59344498224   272.987295239992   274.475758762166   276.792355652518   274.314060000892   273.606937475344
 0.5684910987  0.5685181589    274.59344498224   281.616194255092   278.343833818372   277.434388685348    276.13157386431    275.86688602712
 0.5697597472  0.5697685549   284.017610352118   281.616194255092   280.752758153978   282.879353775908    277.42047083492    277.08588654824
#[time: 0.57]
 0.5704846484  0.5704969997   284.017610352118   283.012899732065   291.273796697318   289.184163425386   292.174101683616   286.897944562756
 0.5743983876  0.5744084394   284.017610352118   292.351423219672   287.973769227787   287.533025537397   286.740479897924   285.613373585699
 0.5746973598  0.5747106458    298.40180351315   292.351423219672   290.212479145362   292.108893772462   288.657283861085   294.471381830046
 0.5751345017  0.5751660518    298.40180351315   306.712113452199   297.643826928852   296.545761650798   301.260043710348   300.390960043406
 0.5755228876  0.5755315712    298.40180351315   294.922979791396   302.502691418238   305.700603495201   299.055546557559   295.054537131002
 0.5771598131  0.5771679864   296.210045936321   294.922979791396   300.632432088958   299.671588604284    294.63769269722   297.683942366508
 0.5778516674  0.5778806979   296.210045936321   293.890197182156   299.500513190645   298.612025232014   295.302465252579   295.266043728776
#[time: 0.58]
 0.5834990732  0.5835040981   296.210045936321   292.164361700005   300.399675592434    299.40475142197   293.328990932774    294.42833823331
 0.5837320428  0.5837442279   296.210045936321   302.955332945175   296.548739985319    295.42954528631   300.480166010909   296.218690128333
 0.5842057924  0.5842460773   296.210045936321   302.316396001442   299.522946391085   306.088417197717   297.035182093624   292.704858205649
 0.5891519316  0.5891560826   296.210045936321   301.278440675907   297.695493615252   305.080686192464   292.361928399262   292.996483623695
#[time: 0.59]
 0.5901101066  0.5901852122   314.344226430878   301.278440675907   300.586620452815   302.183852532401   306.815632621926   307.648823209399
  0.590481985  0.5904868289   314.344226430878   317.100882895754   313.355269211876   308.668228276007   307.727766542239   308.287260073334
 0.5958287435  0.5958294251   325.092109718459   317.100882895754   320.064767003364   321.766979919043   319.186422338294   321.114826994163
#[time: 0.6]
 0.6011548601  0.6011854169   320.117562910716   317.100882895754    323.80075893543   321.496008145805   311.195514675272   316.037087190201
 0.6015927222  0.6016098428   320.117562910716   322.766357168767    325.14375240115   323.494641457149   320.084392994471   319.663256496947
 0.6063097725  0.6063540336   317.530929790176   322.766357168767   321.487957430183   321.510705076555   312.391266642474   313.579500451885
 0.6083500612  0.6083525007   328.553357321079   322.766357168767   325.189572641925   327.945578914232   321.919344379976   324.495345328751
#[time: 0.61]
 0.6113820558  0.6113890932   328.553357321079    330.25301305352    331.79856546327   329.413222727906   327.752960955357   324.118010337902
 0.6130023445  0.6130122888   325.141777624397    330.25301305352   332.060767077005   332.732228008762   328.680375649496   329.823003905968
 0.6133397242  0.6133439179   323.601048271905    330.25301305352   330.540003867593    332.73577730047   327.203168838486   329.568688760082
 0.6145764827  0.6145892883   331.095557146463    330.25301305352   329.516883722315    332.07947358245   322.949372654612   323.982945963139
 0.6147981006  0.6148134507   331.095557146463   332.538913140532   336.820216436364    336.38385844729   325.046343924403   322.936848876928
 0.6162329616  0.6162350173   331.095557146463   323.092356492863   334.512492894407   335.209076854177   333.305247016804   330.454320511953
#[time: 0.62]
 0.6228166779  0.6228412636   331.095557146463    337.26559964247    333.76800938292   329.643299578555   335.177328741616   337.315978480222
 0.6247363742  0.6247547777   334.694603221963    337.26559964247   333.629403428921   336.294142595475   331.345918213553    330.58196101004
#[time: 0.63]
 0.6339099712  0.6339117208   334.694603221963   339.414434190156   335.483112985596   335.779273936109   331.950923763273   330.442101136924
 0.6368592661  0.6368647581   340.766871824341   339.414434190156   337.109789700283   337.395896206413   342.589554541307   342.205042057606
#[time: 0.64]
  0.640366305  0.6404411742   340.766871824341    329.96882162151   338.698075646703   339.227244465144   335.541175356569   335.205010065823
 0.6408666353  0.6408757817   340.766871824341   334.221021947596   339.513115580568   335.197163056969   341.813215339217   337.875537066621
 0.6453159912  0.6453306011   340.766871824341   344.290605298294   345.573308628241    341.84686310099   339.590239695703   338.243732569252
  0.645931162  0.6459584561   340.766871824341   345.758803076862   343.189964220594   343.644251685843   345.086478422478   346.567756586439
#[time: 0.65]
 0.6560689728  0.6561014125   340.766871824341   342.474334533159   342.201808458462   349.866951614934   332.801548259389     332.6560362572
 0.6583259982  0.6583429291   340.766871824341   349.105263565432   348.072686964961   349.580570438238   345.090266821908   347.024181559984
  0.658930723  0.6589402428   350.365162471988   349.105263565432   348.377523171593     352.0650362079   351.393508178484   350.389472784911
#[time: 0.66]
#[time: 0.67]
#[time: 0.68]
 0.6812662892  0.6812670788   350.365162471988   351.997505167055   357.249684956336    356.42412442601   349.878844705531   351.523429645729
 0.6869964623  0.6870229341   339.143224714626   351.997505167055   354.430578998948   355.456896047368   344.006026593705   354.339201645583
 0.6898144973  0.6898320528    353.46101488106   351.997505167055   340.058737028039   351.451973730816    345.97873914913   347.072228500546
#[time: 0.69]
 0.6953303575   0.695346423   350.199812866142   351.997505167055   353.133666385764   353.093152387533   348.120732982091   350.071827554963
 0.6974065235  0.6974124445   353.750085581427   351.997505167055   355.358217752216   355.861515659844   350.416529074749   352.984942636332
#[time: 0.7]
 0.7024704416  0.7024759873   353.750085581427   349.870116789161   357.561801380647   356.500579288777   358.200164458875   354.838283610391
 0.7028461753  0.7028605001   353.750085581427   356.098690740537   353.021380714773   352.647507331885   356.854404136703   357.485199997263
 0.7030024042  0.7030859317   353.750085581427   352.185420621154   359.446488235482    360.78313468654   346.722647755808    346.60439855807
 0.7087765085  0.7087869241   347.481391863301   352.185420621154   355.201497516711     354.8225559599   349.435924921847   347.426404287709
 0.7090270527   0.709065421   358.957386241202   352.185420621154   351.612581400693   354.253068037772    350.54019595519   353.199396621051
#[time: 0.71]
 0.7116783175  0.7116897257   354.767520372298   352.185420621154   361.660461276949   359.360336368881   345.181585968653   344.737461981559
#[time: 0.72]
 0.7224143521  0.7224400177   354.767520372298   357.627287791487   356.042637321547    355.12700931198   347.108194169924    347.32975849192
 0.7287364633  0.7287802617   356.082228402111   357.627287791487   358.791614392325   360.242071686587    364.03352782574   366.930993256001
#[time: 0.73]
 0.7312836376   0.731296081   356.082228402111   357.856613124874   357.967166046304   358.315167102109   347.850540372157   347.492654976998
 0.7345605522   0.734575108   356.082228402111   359.018842828824   358.882010494392    359.76036585231   349.315711099101    349.60031574933
 0.7349607926  0.7349756823   356.082228402111   358.287463245533   361.520756989233     363.0255369403   352.429178062631   350.778150557601
  0.737488569  0.7374930243   360.099948759809   358.287463245533   363.817113094553   364.944446488846   350.674762171529   350.542595302998
 0.7390260157  0.7390679657   359.415274447694   358.287463245533   360.786912351563   360.556720897971   349.400226493493    349.44229593164
#[time: 0.74]
 0.7408488528   0.740848853   359.415274447694   358.287463245533   359.625318661594   359.528273645659   359.612065761454   359.520955828852
 0.7412657871  0.7412724905    355.12665620038   358.287463245533   363.767311530424   363.361224806637   352.609006949132   351.788744754649
 0.7428043127  0.7428531139   346.861978330613   358.287463245533   357.671300090187   358.544054972065   347.736802055829   356.117742389316
 0.7438596441  0.7438643076   347.606526518416   358.287463245533   350.613995549578   360.535658813635   352.906962881036   354.163601520116
 0.7477403097  0.7477435858     349.9552829436   358.287463245533    354.92790536201   360.646064081624   358.473162528534   365.407601866512
 0.7487410856  0.7488555198   359.229583156805   358.287463245533   357.238994941924   360.415301827605   356.585090196003   358.391307806585
#[time: 0.75]
 0.7583526392    0.75840613   359.229583156805   358.610186400228   360.006906571328   359.742538212799   352.673229029189    353.27712769906
 0.7591603984  0.7592230509   359.229583156805   357.560657565396   363.669032825113   363.401041468338   362.108924918749    361.36322177738
#[time: 0.76]
#[time: 0.77]
 0.7715646837  0.7715964463   359.229583156805   361.843386172496   361.211093604245   360.543105249372   354.192518423258   353.664866184358
 0.7734617194  0.7735271381    363.11775856518   361.843386172496   363.795099633719   365.182499881051   355.841744114569   355.608960438777
 0.7735851979  0.7735851981    363.11775856518   361.843386172496   364.856036319806   363.976790536382   364.540859689858   363.617649382839
 0.7752450054  0.7752502618    363.11775856518   361.732212133896   368.683119018525   367.956577394378    371.20485122225   369.518597897701
 0.7780164142   0.778020703    363.11775856518   366.171115569837   364.560318157684   363.849877336651   365.757363736574   368.525191225273
#[time: 0.78]
 0.7821271505  0.7821299649   364.194607257042   366.171115569837   365.982590951293   366.314089122833   357.595551783527   357.506453381507
 0.7860185985    0.78604312   372.898048661987   366.171115569837   369.732466713554   370.354495894573    363.52503197529   362.820205013164
 0.7879551948  0.7879733972   372.898048661987   367.351969628049   374.860945476473   372.432909463758   382.941475719203   376.770065471913
 0.7886499954  0.7886505224   372.898048661987   371.246162005953   376.436302020714    373.85435606954   382.236965887018   379.806326290116
 0.7888144553  0.7888477835   374.911117274094   371.246162005953   375.332149598941   374.566575212089   367.093608236568   371.630966662301
#[time: 0.79]
 0.7919672112  0.7919701919   374.911117274094   377.289358737424    376.61198717956   375.118711523115   367.873369946273   367.305812109977
 0.7920058385  0.7920409628    378.07313374771   377.289358737424   379.458973249822   380.135918825853   368.941754810526   369.048151040358
 0.7928109649  0.7928151657   392.474041912505   377.289358737424   380.961939673995   380.730282332762   389.857219715966   384.852183094293
 0.7943595247  0.7943611148   392.474041912505   386.616244782736   397.750224010107   384.164146473966   400.500221821579   393.197746295115
 0.7954905883  0.7954917192   392.474041912505   387.995871619019    393.02373766987   391.049919060895   393.159992375481   391.248067228689
 0.7962084729   0.796242116   389.298788021971   387.995871619019   392.779352626331   391.345864656563   379.604226768785    379.29080596979
 0.7995050602  0.7995771224   389.298788021971     385.7639212115   391.845604778288   391.157055946182   381.208907976096   381.290134254893
#[time: 0.8]
 0.8036407201  0.8036453864   388.393858770702     385.7639212115   395.787991671317   393.828324238081   391.713854681838   390.235866622512
#[time: 0.81]
  0.812764075  0.8127713132   388.393858770702   396.661939880503   391.587427731127   390.314109150307   391.766667194474   388.171978716377
  0.814127916  0.8141488165   388.393858770702   390.645144522147   392.527903902267   392.525360181928   386.067204353952   383.961786592467
 0.8142456126  0.8142574149   388.393858770702   391.178493417535    393.17907762459   394.675519736461   381.326558600183   381.683985438299
 0.8155513812  0.8155572414   388.393858770702   386.928424569717    392.52414648309   393.431087937243   379.305496132434   379.125427256197
 0.8167746132  0.8167911942   388.393858770702   394.094540435184   390.780982102702   389.797549056498   386.420839877306   384.833860461792
 0.8183013053  0.8183192325   368.352968260537   394.094540435184   390.825453370609   390.651910790662   377.398263948718   389.804178217337
#[time: 0.82]
 0.8199597462  0.8200348812   391.978532032586   394.094540435184   377.539749231846   387.834269566176   401.451471256201   396.693341180826
 0.8219707448  0.8219784694   391.978532032586   402.819391140119   393.443983525866   394.829268167732   399.129445142948   401.570958902661
 0.8288570668   0.828871653   400.946648424102   402.819391140119    397.99518393417   401.631892500621   395.658958458193   395.659944023073
#[time: 0.83]
 0.8346879153  0.8346923944   403.620273417211   402.819391140119   403.231926882802   403.836917610368   397.850912964325   398.497903435873
#[time: 0.84]
 0.8405186409   0.840520084    402.12783635681   402.819391140119   404.548447538381   404.360800372792   401.903235102294   401.850835063303
 0.8432274253  0.8432443467   406.237866871792   402.819391140119   401.823354164855   402.910809460155   400.751138085644   402.189631196452
#[time: 0.85]
 0.8500539423  0.8501463897   400.258612723199   402.819391140119   411.354899625041   409.743694758939   407.226554659296   411.007356187998
   0.85695302  0.8569531775   400.258612723199    408.94612640913   403.695784558047   404.514620983151   404.712143222774   405.974172033577
#[time: 0.86]
 0.8603088589  0.8603313711   409.579975650607    408.94612640913   405.648371615214   409.512236265502   402.616179650579    403.80189206594
 0.8631428144   0.863146015   406.725299777751    408.94612640913   412.926222160335    406.23700395239   411.049249550308   414.205335740601
#[time: 0.87]
 0.8716820269  0.8717255271   412.273693783471    408.94612640913    409.69693396259   410.624469144059    405.16111242454   409.070725497657
 0.8729077887  0.8730864664   410.173075993056    408.94612640913   415.338853723393   413.860957680941   402.647564394043   402.984699161058
 0.8746974309  0.8747255911    405.57001103414    408.94612640913   416.055777543322   415.495258648349    405.15095595481      404.138093871
 0.8768875893  0.8769062346   414.144101811417    408.94612640913   408.594325912764   409.320421445497   418.538137381559   411.717575031013
 0.8769721492    0.87705388   414.144101811417   415.833132245468   414.864074364599   412.470161464011   413.975529401601   413.754578068833
 0.8772202767  0.8772425267   419.612005605811   415.833132245468   421.060510032024   421.989704113296   425.555131148299   420.457932331091
#[time: 0.88]
  0.884648998  0.8846629905   419.612005605811   417.692040204366   416.444995950386   416.986087659506   423.793804521386   419.437440474381
 0.8883388888  0.8884037507   419.612005605811   423.753120999203    417.88053425867   416.966515416977   421.484891247308   429.102493366927
#[time: 0.89]
 0.8925314233  0.8925344313   426.069565637568   423.753120999203    422.72575242761   424.847891528674   423.512421456092   420.849872966394
 0.8968861815  0.8969093725   426.069565637568   426.688554065509   429.078571567405   428.177749336401    417.10002885785   417.015692563155
#[time: 0.9]
  0.906282704  0.9063171659   426.069565637568   425.260275228232   429.477793359308   429.668065321159    421.33764983778   421.719923686932
 0.9066120809  0.9067727523   429.529722968354   425.260275228232   433.302769644755   432.604406487468   425.924117781958   426.531455821906
 0.9075703177  0.9077727556   429.529722968354   420.408011318613   425.038224486885   429.985626887052   428.479471428823   424.976586267507
 0.9087649134  0.9088008441   429.529722968354   435.134928540515   427.914211160957   424.349769432408   432.724512894523   433.212204404076
#[time: 0.91]
 0.9126531274  0.9126556175   429.529722968354   423.765805673001    434.70648846745   436.225246521889   419.406647861681   420.459203503773
  0.913170853  0.9132081231   429.529722968354   432.986526135969   430.202891138041   428.542928642839   431.054872016324   430.501544680586
 0.9156385507  0.9156385509   429.529722968354   432.986526135969   434.793809592659   436.289311208112   434.997292242856    436.38721017892
 0.9176782051   0.917715543   437.169664295006   432.986526135969   432.909735383017   435.025536175494   428.785809632294   432.733095539606
 0.9190725755  0.9191142248   436.825240099228   432.986526135969   438.471942964144   436.202172945219   440.276116428257   437.011030338768
#[time: 0.92]
 0.9222617893  0.9222619891   431.275098584227   432.986526135969   443.853237567778   441.135630938287   431.926695592524   433.576036957801
 0.9289661714  0.9289785104   431.275098584227   435.407991928204   432.495777909733   430.437452309889   428.818440947501   428.647978104612
#[time: 0.93]
 0.9335800979  0.9336457626   436.554950542839   435.407991928204   434.002147635352   434.650582583502   427.131362850843     430.4919314479
#[time: 0.94]
 0.9405738246  0.9405744884   436.554950542839   438.060255021861   439.048046130197   438.476638238283   436.976081863302   436.711383131827
 0.9407616882  0.9407749088   436.554950542839    438.72334847758   436.528602118928   436.260778714913   431.253211039679   430.116955791671
 0.9442418033  0.9442534776   434.079740665847    438.72334847758   442.287200264333   444.321378666782   433.987080947694   433.258918025349
#[time: 0.95]
  0.951222292  0.9512819323   434.079740665847   435.551645138246   441.203718430633   444.498101065969   433.592920564953   430.360605867761
   0.95946516  0.9594930718   434.079740665847   437.837624511331   435.696051158514   436.270587242861    430.81523407665   428.467137308215
#[time: 0.96]
 0.9696190606  0.9696481806   434.079740665847   443.591765054393   438.366314398408   441.271087180658   435.719119261667   434.156998792668
#[time: 0.97]
 0.9700942955  0.9702003241   442.258044231885   443.591765054393   440.394436478074   444.288656808201   433.730648489176   433.885460198622
  0.970712716  0.9707237032   442.258044231885   445.657451091195   443.835564232024   443.988461983427   436.264018169183   435.990733583443
 0.9739268253  0.9739867329   442.258044231885   459.655976945769   437.801731071163    447.01180744689   447.234148358393   456.580410521669
 0.9765934544  0.9766274602   442.258044231885   446.632185817553   451.136978527232   461.080102874941   439.871867726163   437.068247775285
#[time: 0.98]
 0.9801975096  0.9802023274   442.258044231885   447.009060175839   448.524799573465    450.75469716373   447.350918958483   449.362273586168
#[time: 0.99]
 0.9955858574  0.9955884041   456.197214149022   447.009060175839   449.962956686245   453.577939686921   450.280668641795   450.773551932748
 0.9977378039  0.9977577384   456.197214149022   463.629338714488   454.275851088378   452.813031968062   460.059237241085   458.541973341073
 0.9988149405   0.998838137    469.40976422089   463.629338714488   460.609910003672   464.362334103997   459.626145056726    467.15312398691
 0.9991324265  0.9991393218    469.40976422089   480.379030619038   473.316399684088   469.823533416552   473.779888622107   477.939335243844
