# command line: ./generate_stepping_data --k_b 500000000.0 --k_ub 100.0 --cb 0.1 --cm 0.4 --ct 0.2 --ls 10.49 --lt 23.8 --eqb 120 --eqmpre 200 --eqmpost 224 --eqt 0 --dt 1e-10 --label paramSearch-lowwkb --seed 1.0 --runtime 1.0 --framerate 1e-10 --nomovie --exp-unbinding-constant -2.0



#********paramSearch-lowwkb__k_b-5e+08,k_ub-100,c--2,cb-0.1,cm-0.4,ct-0.2,ls-10.49,lt-23.8,seed-1,dt-1e-10********
#time_unbind, time_bind, nbx_bind, fbx_bind, nmx_unbind, fmx_unbind, nmx_bind, fmx_bind
#[time: 0]
 0.0010256762  0.0010265106                  0   -5.8605625822976  -4.60499228790024  -5.65194334567127  0.691251540903082  -1.27468679287102
 0.0018210168  0.0018231176                  0   5.68273571306874  -1.22714004238901  -2.60646689600158  -1.19324642983309  -2.26264196587289
  0.004022917  0.0040255678                  0  0.518518690126859   3.99302845871615   5.97355341798862  -2.63186409955622   -3.2757501728706
 0.0044423413  0.0044435775   10.5736721838653  0.518518690126859   4.37056518211165   4.60029472433376   9.10645117629729   5.27591938265908
 0.0061559063  0.0061665776   10.5736721838653   8.19855011499933   8.83979961379286   6.58179679691335   2.00522804122827   2.15374501580369
 0.0071153737  0.0071169819  -4.42079407611811   8.19855011499933   13.2491595214928   12.0121885960183   1.71234151542981   12.9160988590054
 0.0082317171  0.0082321538   2.60260992217523   8.19855011499933   3.73337528919312   10.7425578638145   12.5117459426796   18.4414648456446
 0.0083369377   0.008341098   8.83657528901594   8.19855011499933   7.07960431492555   8.35879943676968   1.76792758951446   2.16195138706679
 0.0087212806  0.0087241877   8.83657528901594   1.85653417250601    12.083913042789   11.7561304394537   9.28269122099425   7.09172768861432
 0.0099881006  0.0099904917   8.83657528901594   5.34743073077118   10.5058600796022   7.52673603491755 -0.370156892256697  -0.63330416678586
#[time: 0.01]
  0.010173896  0.0101738962   8.83657528901594   5.34743073077118   12.5706934660244   10.3947192676679   12.3452847943601   10.3841203043559
 0.0102763599  0.0102763601   8.83657528901596   5.34743073077118   7.67108047458103   7.38119409846904   7.13215247353723   7.11077449487556
 0.0121839978   0.012190795   8.83657528901596 -0.880556872989336   11.4568582060642   9.80286462051774   7.64643193756205   4.29649090744194
 0.0124244805  0.0124272571   8.83657528901596   10.2569903739548   5.55685172339917   4.27817410181567    4.4250159976211   1.06929095355651
  0.012831469  0.0128329715   8.83657528901596     14.47814866946    10.157896352624   10.3454620921389   11.6880491679932   14.3572014564947
 0.0138940039  0.0138977745    17.234157146486     14.47814866946   12.6118807894911   13.1866051762112   8.90049249530016   8.34892132426531
 0.0145169514  0.0145171509    17.234157146486     1.533160245564   21.9506543843744    20.218938168402   20.8359774593074   10.4121760550629
 0.0153704552  0.0153739782    17.234157146486    12.656346840046   22.9258431248633   8.56876234402146   26.9358305390159   20.4791142264014
  0.016966864  0.0169681734    17.234157146486   14.4134527398956   18.1226861596376   16.7567329935165   9.82249436795934   10.9014593310774
 0.0181698684  0.0181709372    17.234157146486   7.10154007057885   20.8900267182266   18.7390338313399   23.2724738827303   11.9798329631543
 0.0182532366  0.0182552033    17.234157146486   14.8003576798084    26.182113793104   16.8229932104351   14.1239197200802   15.2329517901691
 0.0192345886  0.0192367051    17.234157146486   24.4178331899883     20.49258836931    19.711272526429   15.5014619853926   14.5801930222104
#[time: 0.02]
  0.023293434  0.0233001236   28.3822107260034   24.4178331899883   20.8024194015225   21.4637542106574   18.9810072466221   18.1166091564222
 0.0246933882  0.0247063496   28.3822107260034   29.9034286334446   31.2737999986408     28.33092298153   24.1682278185153   23.6847281785857
 0.0256237951  0.0256273582   24.3350468857683   29.9034286334446   31.0357498020872   31.6585517360674   31.4603598711784   38.7022899590457
 0.0264729145   0.026478807   31.4458274991534   29.9034286334446   31.5485222122528   34.7845656605447   21.3097995726949   21.8716925704168
 0.0264805886  0.0264812057   31.4458274991534   32.0802038434056   34.1337404442578   33.5350203616466   24.0596744545303    23.885099566422
  0.028746506  0.0287555952   31.4458274991534   32.3005379114142   35.5689812079533   36.3368739446873   23.7807780046465   23.2466382566341
#[time: 0.03]
 0.0311970427  0.0312065973   23.5577292644204   32.3005379114142    33.354080774711   33.5027011399583   27.0615509100927   38.4469371008437
 0.0315970978  0.0316212431   29.6648605449202   32.3005379114142   30.9513910060116   35.1430271201088   25.2594035234768   36.8098751997791
 0.0340174293  0.0340181528   27.4855954527523   32.3005379114142   35.1369101826564   36.3547948088789   31.8459438728347   39.1517116856057
 0.0349520467  0.0349659316   39.0088291533096   32.3005379114142   29.9248015356266   31.2144285275023   49.3172690393717   40.3455787026463
 0.0349690742  0.0349698325   39.0088291533096   35.2699438823623   38.0482385456993   36.6472631639672   49.2406346634126   45.1508208545114
 0.0350922042  0.0350948463   39.0088291533096   43.6437772681059   45.7900679111615   42.6657611388529   47.6333968861166   53.4993333521058
 0.0351180286  0.0351285311   39.0088291533096   43.5762076968842   45.8563426752843   48.5770870738129   37.8837048808955   37.5248645556347
 0.0373913174  0.0374090581    44.594784802941   43.5762076968842   43.9895546926906   46.6812633855794   34.1794083270072   34.3805485010757
#[time: 0.04]
  0.042730448  0.0427359707    44.594784802941   56.4212459247365   42.4944458679296   42.5535565511953   49.4452375496486   48.9528200795302
 0.0450918092  0.0450998349    44.594784802941   43.6046702610127   46.2182683255753   65.5780393076233   36.0265814275471   36.2530021021356
#[time: 0.05]
 0.0505703659  0.0505730987   44.4479673849248   43.6046702610127   47.4486361965659   47.1984568794335   53.3177896007115   51.0617200106259
 0.0518969797  0.0519085281   45.5063823865345   43.6046702610127   47.2883411245755    46.932011507753   35.5763839728164   35.1593126625975
 0.0529874321  0.0529936412   41.7067810771724   43.6046702610127   50.4468412603496    49.614396886068   38.2128207945197   38.0212915290481
 0.0553034822  0.0553135891   41.7067810771724   55.4630021529433   44.5383481325983   45.2752929739298    48.533795313836   50.2698735666324
 0.0568196464  0.0568210501   41.9511153176798   55.4630021529433    51.739011555264   58.8657678076191   40.5615529917283   54.9256837881876
 0.0569776058  0.0569839706   68.3716868198316   55.4630021529433   48.7403372337536   51.3880362803182   67.6907086052825   57.0449671242398
 0.0573902167  0.0573919569   68.3716868198316   44.7595122698996   64.9215627094774   61.0332348083202   68.3586517878557   51.7195502961604
 0.0588275799  0.0588419345   68.3716868198316   70.2854531467345   66.9735469524915    53.638728535382   62.6184228555749   60.8083860762862
 0.0598598351  0.0598612301   69.1932781427595   70.2854531467345   74.8725547140461   75.7966252161043   65.1162035052178   62.6879472027683
#[time: 0.06]
 0.0625360403  0.0625362894   66.5657550181484   70.2854531467345   71.0534941117384   71.5202927978211   68.8630843250683   70.2829033650907
 0.0635298967   0.063532364   71.4092307321408   70.2854531467345   70.1521292011693   71.1300021844714   81.1104468550174   79.9314732948232
 0.0653165996  0.0653230891   71.4092307321408   80.7361861720291   69.8090864622507   74.4537000400786   76.2948037697199   79.7510797974793
 0.0669874347  0.0669882535   75.7340376049915   80.7361861720291   78.4403221337399   84.7322611584154   84.9483376886203   91.0844577638887
 0.0672256844  0.0672264636   87.8410673232839   80.7361861720291   78.5075863148248   79.5356615809025   78.4401841185112   79.2681634994007
 0.0674786217  0.0674786219   87.8410673232839   80.7361861720291   90.0488146488106   85.6698789466016   90.3451525812919   85.8751819565574
 0.0678224269  0.0678273326   77.9817296212766   80.7361861720291    91.505185311353   86.1975586292749   76.6692260568337   74.6461843177223
#[time: 0.07]
 0.0752587902  0.0752623132   81.8870511688312   80.7361861720291   79.5378982485963   79.5419014480655   71.6101908443057   71.5346174348457
#[time: 0.08]
 0.0852554672  0.0852828649   81.8870511688312   85.7855546638717   81.6745014897385   81.4912586725964   81.3454303947565   79.2482889525645
 0.0861771153  0.0861821118   89.4122585584946   85.7855546638717   85.0486811060909   86.5428920154516   80.3328657685892   82.1600621121217
 0.0876446058  0.0876469587   89.4122585584946   82.5269776538655    90.328917637382   89.4002368400353    97.570755691716   87.5311204027905
 0.0877809057  0.0877814293   89.4122585584946   73.8946449787873   95.9164657869148   91.2082891217215   89.7968325670702   77.8501716896448
  0.088208224  0.0882167358   89.4122585584946    81.552318806886   84.3298080793422   81.3977396328921   86.4134572193587   85.1793509760308
 0.0885202012  0.0885222302   89.4122585584946   85.1091490822537   91.1108104266082    87.389806864786   94.4067089283181   90.1991441741214
#[time: 0.09]
 0.0901736914  0.0901794411   89.4122585584946   90.3839779655746   92.7221370511933   90.6830871381236   85.0742782796879   84.6634394708437
 0.0911756527  0.0911761779   76.0296201974366   90.3839779655746   95.6478961916157   96.3005363705096    83.647275890012   91.3845566514489
 0.0926859717  0.0927011112   94.4644684060919   90.3839779655746   82.2315367889554   90.0528500246961   85.9976140571387   87.1418478678241
 0.0929460793  0.0929464723   91.6246271769592   90.3839779655746   93.8153032710385   93.0793055476291   83.8301740708413   84.4721458236907
 0.0938979731  0.0938985131   91.6246271769592   90.8858759717114    92.066007848359   91.9936857192198   86.9308968139744   87.4037118936464
 0.0956633857  0.0956641742   90.1445800588927   90.8858759717114   94.7809627374433   94.6437926890164    82.116192014717   84.1949335803184
  0.096549762  0.0965546485   90.1445800588927    63.337930114276   92.8988753594889   93.0446673526499   91.6397294538305   68.4975731248278
 0.0975339143  0.0975386771   90.1445800588927   91.0321989476292   88.5024193679365   72.9935277779697   81.7225973869043   81.7658216211515
 0.0987004709  0.0987178367   91.5496948167073   91.0321989476292   92.7664129416419   93.1239207421524   81.6934255373641   81.5501419572341
 0.0995665405  0.0995681473    95.668793749681   91.0321989476292    94.535979097866   94.4021512810583    85.875229553908   84.8941522921189
#[time: 0.1]
 0.1008652181  0.1008705008    89.240268829912   91.0321989476292   96.5514810319282   95.5518522393301   84.0485762849989   84.1305474538479
 0.1016540614  0.1016782085    89.240268829912   83.9416453858618   95.1296655225657   96.7457176500187    80.984078243445   81.1762417123556
 0.1043463853  0.1043464522    89.240268829912   80.2109537045896   95.1153670514053   91.9642059090299   95.2954532847794   84.3459556086273
 0.1055001216  0.1055105162    89.240268829912   84.3229018729564   89.6088891854844   87.1535938942302   85.6822545004504   86.1102934524654
 0.1066561326  0.1066732885    89.240268829912   84.5937527180551   92.3890255246565   88.4874566646926   89.3643538630098   78.6226332626622
#[time: 0.11]
  0.110620372  0.1106207266    89.240268829912   79.9865290965658   92.7861865833945    90.034405939737    91.888502993852   83.1321580741219
  0.111197873  0.1111998101    89.240268829912   93.3462645692578   89.7979936568331   85.4918532808013   86.1388415307655   85.1629245199857
 0.1141978876  0.1141989349    89.240268829912   98.1885620009993     93.96024230714   96.0343283723113   94.6153393227619   95.4746232174335
 0.1164875256  0.1164937352    89.240268829912   77.0717312910941   96.5548020140478    99.057172459904    86.027426707043   81.9983073451525
 0.1169042588  0.1169047173    89.240268829912   91.5090013047713   91.3726682471736   86.0688180605624   89.3595163980967   83.3023408964633
 0.1184743798  0.1184748812    89.240268829912   94.6968342594038   96.6702753991253   98.6250106206409   93.2737597710863   97.1176415979109
 0.1193343531  0.1193348323   99.4657570149973   94.6968342594038   91.8441484144607   90.4421904245316   89.0679262769345   88.1234805999729
 0.1195721481  0.1195755554   96.8031967014026   94.6968342594038   105.616105729898   102.739381474268   88.8409870718134   89.5333915879903
#[time: 0.12]
 0.1231752021  0.1231778447   89.2071747878985   94.6968342594038   99.4285313940803   98.7543858254128   91.0751896594102   96.6693811325331
 0.1244255534  0.1244275988   89.2071747878985   95.1040895377542   95.7017672220926   100.090720555885   93.1055311191325   89.4925242226684
 0.1261352422  0.1261444196   98.1704843547231   95.1040895377542   94.8835937151943   97.3916052415462   89.3805311086435   88.9559700691999
 0.1286576304  0.1286599824   98.1704843547231   99.1230420420151   98.4946139250173    97.608710919326   96.0363512981584   95.3452976709104
 0.1287887756  0.1287896171   98.1704843547231   113.137700891258   103.746937155808   104.282678653117    103.87273069077   110.098650448957
 0.1294647839  0.1294653618   111.655415268393   113.137700891258   105.539980703697   108.422741507302   121.692656165632     123.0363484898
#[time: 0.13]
 0.1309193719  0.1309225355     113.6593903268   113.137700891258   112.568258349302   112.632209925087    104.34237654133   112.132422930039
 0.1331535496  0.1331539858     113.6593903268   116.263594883944   117.860897820355   117.537692872519   110.534315941892    109.39179504302
 0.1334350129  0.1334350131     113.6593903268   116.263594883944   116.859932482938   117.889555327663   116.893838148045    117.90234689775
 0.1356864627  0.1357100601   119.860887968625   116.263594883944   118.554839556344   121.200120955452   110.502942016081   109.917391301673
 0.1368623723  0.1368623746   127.556544255102   116.263594883944   124.131154034879   122.408555667266    121.72999013559    121.93199038743
 0.1392145843  0.1392145845   127.556544255102   116.263594883944   126.136343399362   123.166420971724    125.91942985944   123.086708978218
#[time: 0.14]
 0.1415830294   0.141583667   127.556544255102   139.486984230555   129.366860036849   122.863217266246   135.702138301434    144.44914313798
 0.1433479258  0.1433510493   140.266428386943   139.486984230555   136.229696957437    142.47201246783   133.046180896561   133.276998771818
 0.1448384818  0.1448396648   140.266428386943   147.686255135863   145.328863391403   145.052247949659   145.776695725853    147.48350325905
 0.1465697006  0.1465748112   119.939406602084   147.686255135863   146.348267081282   147.534318591612   125.527096370607   146.946618205999
 0.1468094465  0.1468146817   142.845778052299   147.686255135863   129.367935276531   149.718393263884   145.296931367634   151.948651262992
 0.1468396362  0.1468396528   142.845778052299   143.939726790686   148.163036460118   149.741396457146   142.458134547139    147.95807684507
 0.1470361149   0.147038241   147.341601900696   143.939726790686   146.881513425953   147.202529541072   138.895293144958   139.682673148615
 0.1476048398   0.147606549   147.341601900696   152.573093281566   149.984281032005   149.004038702348   143.602627523904   143.055144829391
   0.14789228  0.1478964034   155.757150049958   152.573093281566   152.199013517163   153.523424341419   154.405975862142   155.735043666543
#[time: 0.15]
 0.1504575768  0.1504726454   155.757150049958   169.775904089293   156.977492617552   155.738131883624   162.435870664713   166.606709448504
 0.1504848369  0.1504977612   170.324841111192   169.775904089293   163.224172914877   166.568494439545   162.964341286754   163.019963296977
 0.1506327579  0.1506477521   171.063964120974   169.775904089293   173.792214016579   173.568843299013   166.513471450065   166.961910483523
 0.1512902958  0.1512932819   171.063964120974   170.071623914357   176.701494636989   176.028016267863   165.270512073776   161.833752115326
 0.1513291943  0.1513365209    171.41943141079   170.071623914357   170.666401171268   170.542785519491    167.90334655011   168.248562047702
 0.1566415313  0.1566423769    152.28089409767   170.071623914357   172.617087412944   172.051892529942   162.381225091519    179.74992699838
 0.1566476125  0.1566573454   172.463910559476   170.071623914357   153.158166310494   170.174804080094   162.541391771894   167.646899961257
 0.1576443668  0.1576453066   172.463910559476   170.814901246552   176.651046496212   175.644430155302   182.948789582718   181.080533548297
 0.1591172369    0.15911847   162.709265669467   170.814901246552   176.963640856772   176.165449523943   168.273289257286   178.039331354047
#[time: 0.16]
 0.1613614223  0.1613716308    179.60949224055   170.814901246552   170.714260526926   172.733295331782   175.932533816011   175.078899398036
 0.1614056963  0.1614155145    179.60949224055   185.326204100655   182.547801973392   175.996633634989   181.758893664828   183.373911842348
 0.1617058461  0.1617059335   184.596110411153   185.326204100655   182.425177902601   182.337922053816   194.839840217298   195.782490799207
 0.1619277482  0.1619281125   184.596110411153   180.195448646843   190.242464422508   190.702083809536   185.629951082038   184.595167343408
 0.1623764436  0.1623765866   184.596110411153   178.787362064273   191.897749697373   188.462014692654   188.262737055259   178.975748312083
 0.1626943362  0.1626945578   184.596110411153   166.309158426049   187.746712315965   181.166634292147   184.476723883276   174.163695538124
 0.1627931766  0.1627956563   184.596110411153   185.796573661193   181.486516852867   174.930222375465   180.881255106933   180.897758138322
 0.1633444928   0.163344493   184.596110411153   185.796573661193   189.287595054593   189.991537979462   189.206853287628   189.895656049584
 0.1635579796  0.1635635811   184.596110411153   185.716001460525    188.51957338149   189.134891625707   176.596972864378   176.102045275489
 0.1640958146  0.1640989071   184.596110411153   197.472445358697   183.668941867101   186.887820320344   191.014129947123   193.042183912192
 0.1651877288  0.1651951285   184.596110411153   189.724539982262   190.369245636485   198.954407064074   186.031133505236   184.249180682143
 0.1655058637  0.1655078355   189.168664359169   189.724539982262   188.880583419864   190.715822972608   187.472781508878   187.421010417203
 0.1672586821  0.1672709147   182.264399705859   189.724539982262    193.14336461881     193.2871326981   191.790540407934    199.86871309482
 0.1674617422  0.1674640944   195.444419958836   189.724539982262   185.755747644694   189.191890944192   194.401416891792   193.164430628608
 0.1676576103  0.1676587904   195.444419958836   198.107293057389   202.257657228844   198.888989436967   194.842791153484   191.270768607736
 0.1684180569  0.1684190435   203.463158505877   198.107293057389    198.54208065753   200.260507644423   193.187832910635   193.966802315915
 0.1691228878  0.1691240637   203.463158505877   214.261391969444   208.154452187371   205.545571451266   208.853113972372   214.292470766991
#[time: 0.17]
 0.1707814701  0.1707815406   204.652067988256   214.261391969444   211.424336722033   218.954048854079   213.241579205506   217.656482071946
 0.1709203052  0.1709203054   204.652067988256   214.261391969444   209.884777571157    211.86686446086   209.875887638328   211.846549556386
 0.1730167961  0.1730219634   215.312498070895   214.261391969444   209.301718764902   211.394820709143   209.880264942134   210.124892478884
 0.1753466759   0.175367978   215.304306191085   214.261391969444   216.265391941183   215.985133115485   207.592121260415   208.226651286541
 0.1765930237  0.1765935251   216.490153271109   214.261391969444   216.734081217121   216.499904391498   215.744484075772   215.646099544413
  0.177139885  0.1771429216   216.490153271109   196.635480881134   220.572481730249   219.446509156532   216.070775315719   205.606644472726
 0.1776706298  0.1776713814   216.490153271109   214.050085953207   219.158980083697   206.140971760098   223.388665534288   212.383117535979
 0.1780619858  0.1780680013   216.490153271109   215.336743895888   218.239204770442   217.249116410711   216.922282709758   217.338298472097
#[time: 0.18]
  0.181789359  0.1817904478   216.490153271109   210.150657264386   218.681103366176   218.379204797234   214.260175202423   212.478120227184
 0.1821253993  0.1821275874   216.490153271109   226.468629318409    218.14787519609   215.458830961454   225.803378215032   230.545702103214
 0.1824125194  0.1824129476   216.490153271109   217.294272833113   224.233918069913   229.024484792007   208.667381228354   208.229905264055
 0.1854724887   0.185474882   217.827449312936   217.294272833113   218.108092534831   218.177865435022   220.578664753801   220.346997398995
 0.1887681997   0.188779567   226.568123745926   217.294272833113   224.812722807026   224.516550495203   221.171890466894   221.704091744231
 0.1893056507  0.1893056509   226.568123745926   217.294272833113   229.563435086198   223.999888802133   229.399974289207   223.760453206098
#[time: 0.19]
 0.1902141208  0.1902150841   226.568123745926   231.715452847828   232.288961576548   224.997110736693   228.380470141232   224.270387359849
 0.1909994797   0.191009978    234.07720750062   231.715452847828   235.087505796758   239.090059589614   226.878892460083   226.590877723584
 0.1910387478  0.1910407809    234.07720750062   235.668757641874   231.625225608672   232.223250373208   230.441017890812   228.990936551648
 0.1915880941  0.1915968093   230.030242077905   235.668757641874   236.528448221189   236.725746406759   230.169805482301    228.80776552989
 0.1947678392  0.1947734137   230.030242077905   225.509797122649   234.380641711234   235.475162619838    222.89761052324   223.059023031802
 0.1947739289  0.1947970103   229.297695547128   225.509797122649   234.451905597856   231.090202566623    218.84275235876   219.035815558863
 0.1959629229  0.1959655428    224.98550912191   225.509797122649   230.786811584387   229.972196554583   219.850438952761   219.647853960276
 0.1961352097   0.196135678   226.325417903338   225.509797122649   227.195583797978   222.848207442898   225.094056015422   225.247207441977
 0.1983903571  0.1983948354   231.621138970333   225.509797122649   233.107495721881   232.450755087861   223.515555129472   225.477989952056
 0.1989256057  0.1989260376   231.621138970333   227.105750495887   232.926881806097   230.726838577119   238.052066034136   232.381981317663
#[time: 0.2]
 0.2011711093  0.2011796643   231.621138970333    214.72205247401   231.648761249894   230.716761255653   232.528872542583   220.061636393991
 0.2011978789  0.2011992594   231.621138970333   241.085505400408   226.459591517228   222.312806660761   236.307879500404   237.674334468882
 0.2016148593  0.2016166151   243.919409922171   241.085505400408   238.780539539328   241.867741740696    253.89754361301   249.453465251648
 0.2018427155  0.2018441151   242.851336696125   241.085505400408   251.822428185076   249.545075733109   232.393893369149    233.98474936098
 0.2018519154  0.2018520357   242.851336696125    251.85231092619   247.721751173359   247.173758287575   245.992404416406   253.067285664141
 0.2028400729  0.2028428601    253.25707886275    251.85231092619   243.655539818957   252.457616377564   243.867821994579   246.958200332864
 0.2034734527  0.2034934783   244.533035997049    251.85231092619   260.064462758043   258.955386053273    249.00379492745   259.330402643335
 0.2036857153  0.2036882183   252.968630451316    251.85231092619   249.160121207132   251.699134436476   262.795589405211   261.352730388332
#[time: 0.21]
 0.2117247778  0.2117257253   252.968630451316    250.68678417298   256.011928970601   255.648136214446   244.437045646929   244.761213797944
 0.2173846395  0.2173874956   252.968630451316   247.769645089998   254.791977326683   253.660580260116    243.80540821892   248.565059390952
#[time: 0.22]
 0.2232808735  0.2232835034   252.968630451316   256.767714052249   251.774755986441   251.292786199735   251.980609696044   250.301862088693
 0.2239625758   0.223962576   252.968630451316   256.767714052249   256.090710787488   257.943420204329   256.407850432231   258.311213671733
 0.2263984195  0.2264001416   258.831849906858   256.767714052249   254.918708085179   254.716311396631   248.639630387694    248.13573517541
#[time: 0.23]
 0.2311160588  0.2311247642   258.831849906858   260.645611954617   261.151100565639   260.198619480059   257.726839500894   256.041628006554
 0.2325359003  0.2325428358   263.573331197014   260.645611954617   264.318947084449   265.462516540563   255.641462588163   256.667855029698
 0.2335119565  0.2335288913   262.138936383912   260.645611954617   269.102168652036   267.094896941263   253.955293000281   254.945754243149
 0.2337627985  0.2337653288   261.201114224477   260.645611954617   263.692624141776   263.566473276944   252.701819013546   252.607744075002
 0.2370451772  0.2370499142   261.201114224477   266.393632460482     262.6136308196   262.432018231919   264.271856341624   262.911497294828
  0.238089944  0.2380933667    269.12261545237   266.393632460482   266.052542007896   269.307234122126   274.306657311738   267.360904083086
#[time: 0.24]
 0.2426790185  0.2426819206   261.488603512317   266.393632460482   271.236335463785   269.443155244312   267.445293607941   271.790566469638
 0.2497074518  0.2497121274   261.488603512317   276.702305870528   264.273231427436   264.981630028924   264.314632953807   273.048505708496
 0.2498191487  0.2498264479   282.199212320849   276.702305870528   269.006360050456   269.877314768428   274.530170862092   275.195692321659
 0.2498294916  0.2498330894   282.199212320849   286.822871220922   284.022153988029   282.117898577112   286.688976932404   288.292949239609
#[time: 0.25]
 0.2501388598  0.2501391407   282.199212320849   279.089559935308   286.835884675274   289.270848977649   278.688817022678   279.424773543948
 0.2513259504  0.2513261312   282.199212320849   287.085343262494   284.557615871702   283.706349225183   284.230762046323   282.967397783837
  0.252521252  0.2525225974   282.113083062218   287.085343262494    284.92680695409   287.230617752845   283.696438527931   281.449465667974
 0.2527744081  0.2527834927   288.170559902342   287.085343262494   283.428101436812   282.329855109981   280.064970782946   279.945973072302
 0.2541988087   0.254203245   280.549762150174   287.085343262494   289.928965277623   289.593370386749   283.599039245135   283.501896556935
 0.2545581514  0.2545609807   271.783542808416   287.085343262494   285.098763891425   288.825254361328   280.154625976641   287.327085689445
 0.2554179108    0.25542521   271.783542808416   261.708906674688   275.961652476902   290.538732844133   280.721688547403     269.1713797981
 0.2555751771  0.2555786486   271.783542808416   273.591386982041   275.869831684388   268.348439491472   263.592906274462   263.261376623632
 0.2578749457  0.2578777579   279.917105629924   273.591386982041   277.275050343064   278.420007047944   271.490531367896   275.490618978106
 0.2580024508  0.2580024512   279.917105629924   274.224753931936   281.742374370196   276.617382793911   281.985353566488   277.011642312825
 0.2584600609  0.2584656437   280.848866494816   274.224753931936   276.894603590376   277.075318644453   284.183004516604   280.885412831513
  0.259276308  0.2592776315   280.848866494816   286.078677895655   285.400577670789   280.867825146879   284.097828728974   284.677846287757
  0.259531966  0.2595345631   293.959329030126   286.078677895655   283.740438174147    280.73061870858   301.284511796458   291.744646294226
#[time: 0.26]
 0.2600238666  0.2600246918   293.959329030126   296.234845954942   296.379237239717    293.14547908182   285.941659588407   286.138536163557
  0.261562694  0.2615626942   293.959329030126   296.234845954942   296.949667659547   297.457495612947   296.973082152054   297.497906549053
 0.2632105142  0.2632105144   293.959329030126   296.234845954942   299.048304145185   299.871136623252   299.202389217095   299.985906239916
 0.2632384946  0.2632397311   293.959329030126   306.333213610058   296.897395252251   298.011224723905    300.79922685471   309.410371765966
  0.264991928  0.2650042327   295.578318538007   306.333213610058   301.084057809217   302.504767837951   302.310701285358   311.441460372373
 0.2656533434  0.2656542407   299.798941921622   306.333213610058   303.386723949256   309.451575530205   306.300725457551   312.640841606101
 0.2665884188  0.2665920301   299.798941921622   301.272892282002   305.338559033375   305.853366136107   309.657642084561    311.71699506484
 0.2671758487  0.2671762404   301.973798685655   301.272892282002   305.960682612961   306.800325984167   309.205940464845   311.488698397153
 0.2690172446  0.2690294941   301.973798685655   302.577515397462   307.892959951967   307.539854593607   311.857315447642   312.600324573024
 0.2693739735  0.2693771859   303.221958365317   302.577515397462   307.340841656398   307.606521439484   300.990788070965   301.140396769113
#[time: 0.27]
 0.2747071824  0.2747085567   303.221958365317   311.932123599914   303.764269188011   303.545535260932    306.08236512659   303.594293776458
 0.2756807466  0.2756807468   303.221958365317   311.932123599914   306.537226168699   310.128283459987   306.421306624218   309.732557403547
 0.2769628734  0.2769665521   313.202386255876   311.932123599914   313.004201039792   320.419579427003   312.130611312453   312.170600386452
 0.2787773349  0.2787780679   310.864892776614   311.932123599914   318.661641858753   317.891483404731   307.095636663581   306.845071542253
#[time: 0.28]
 0.2846185987  0.2846245564     310.1589189835   311.932123599914   313.593675483451   314.346827276794   308.726327465944   306.379276080386
 0.2854980364  0.2854995841     310.1589189835   310.904213465084   314.130105429048   314.631021946254   315.414315297882   316.062771557257
 0.2882667828  0.2882678058     310.1589189835   314.790172171016    309.57691990201   311.377006017398   303.085603735021     314.4950315492
 0.2891151875  0.2891205986   321.633674295176   314.790172171016   313.978612603169   314.536738339901   318.930920216329   318.318608841441
#[time: 0.29]
 0.2900340705  0.2900350298   321.633674295176   312.220822251229   324.379659562694   321.600261885187   325.064872518511   318.202021941539
 0.2917601932  0.2917627173   321.633674295176   327.641997138489   321.666089080292   317.899407960332   324.250995721363   326.439408599613
 0.2940201928  0.2940204315   322.730646720098   327.641997138489   326.913888512851   331.316619646042    324.27296625586   332.027834586991
 0.2963494462  0.2963494464   322.730646720098   327.641997138489   329.184728104367    332.31439322529     329.2708208648   332.308870598926
#[time: 0.3]
 0.3001299568   0.300135604   322.730646720098   319.369596995879   327.125734254586   329.914203413843   320.135920969272   316.890315158181
 0.3005680058  0.3005682056   322.730646720098   306.260456682723   326.715714783841   325.548051304015    325.14821424792   313.287835247672
 0.3015336182  0.3015337185   322.730646720098   315.869047373676    324.96240227507   311.307492112689   332.175388574577   319.079125563294
 0.3024561798  0.3024616298   322.730646720098   326.610977599097   322.757892132031   321.177792050344   328.214758161397   330.762066726603
 0.3050433212  0.3050433214   322.730646720098   326.610977599097   326.470854803921   327.510817069833    326.35316914648   327.481726941728
 0.3053214322  0.3053215699   331.093490283439   326.610977599097   323.984599126985   322.207423053131   322.587729375204   323.883995088367
  0.305611903  0.3056134019   331.093490283439   337.814591416416   332.437242259516   330.486927974846   334.738471451027   334.900940825394
 0.3070608926  0.3070625159   331.093490283439   336.146667422809   339.444341690379   344.540300487786   328.391747653742   326.879536349701
#[time: 0.31]
 0.3100947246  0.3100947248   331.093490283439   336.146667422809   337.440312028524   340.979767448459   337.402959806506   341.352200862562
 0.3104899253  0.3104915951   335.281765959669   336.146667422809   334.788091159881   336.217605700941   328.129771161929   326.010681834231
 0.3108882664  0.3109076062   335.281765959669   341.041307089718   340.133509100307   340.473069848908   333.479937033882   331.771273087836
 0.3116276541  0.3116277172   327.827391365429   341.041307089718   337.393581690676   340.957645038177   333.086808946578   343.220483353121
 0.3122377741  0.3122396416   342.835430556103   341.041307089718   335.809350929647   343.897583895036   333.309078121461   333.714232435137
 0.3138966537  0.3138980927   346.158019083122   341.041307089718   348.076158896114   346.704192009099   346.198838975315   342.729229458081
 0.3185946938  0.3185959914   346.158019083122   348.466065492537   347.696161657858   346.591254777957   346.726478772442   345.715110147297
#[time: 0.32]
 0.3221076106  0.3221196379   351.257748809563   348.466065492537   350.828845107915   351.589783240856   343.742778178653   344.649444077431
 0.3249241559  0.3249363353   351.257748809563   359.805634618576   354.635919926562   353.137645046366   351.809341386386   349.704553422529
 0.3252820214  0.3252830915   359.087815659612   359.805634618576   355.578421493511    363.64998891383   364.052704539235   361.041720745391
 0.3259368818   0.325941782   359.087815659612   364.277090360164   359.393675623165   359.433579649872   356.071910471601   355.630081151869
 0.3294578426  0.3294578428   359.087815659612   364.277090360164    362.69926606085   366.298689792476   362.639988973025   366.513322234399
#[time: 0.33]
  0.330523198  0.3305237475   359.087815659612   356.305825495411   356.560899404832    367.03969438925   359.563200106099   355.998005065114
  0.330709983  0.3307099832   359.087815659612   356.305825495411   362.736908401316   361.323534774536   362.610532676324   361.249790711774
 0.3366539824  0.3366586695   359.087815659612   358.311737275387   357.862387258925   357.635230221664   348.984377322137   348.793343124466
 0.3394941993  0.3395011934   348.201231322764   358.311737275387    359.37757430462   356.914687281598   351.534482440773   363.591661513513
#[time: 0.34]
 0.3417369116  0.3417455114   356.998626753638   358.311737275387   354.355431762831   360.301865814367   348.369139506214   354.885484200515
 0.3433009988  0.3433020442   356.998626753638    367.78324486679   360.933294592221   361.393059137516   363.068448817751   365.701146867193
 0.3439609097  0.3439636226   372.725676611808    367.78324486679   364.416457436564   370.443283698218    362.40021568769   362.118745590077
 0.3454284789  0.3454317933   369.325904995882    367.78324486679   373.079856284828   372.033991175612   360.111308049223   360.716338415245
 0.3460313326  0.3460328354   369.325904995882   372.168912177113   372.577040791524   372.132712740385   365.949517380035   364.983829300922
 0.3461464526  0.3461546931   373.581267037497   372.168912177113   374.978500121164   376.615721778101   366.207146874294   366.650577435053
 0.3479173319  0.3479248138   374.460110050286   372.168912177113    375.54816105245   374.910187798157   364.756551673384   365.831319557649
 0.3486192713  0.3486241669   374.099398209751   372.168912177113   378.675929440241   377.552709303465   375.906648998909   373.682264720052
  0.349624502  0.3496254102   374.099398209751   370.647581240556   376.534389111997   374.945883177755   371.274735050676   373.144097760402
#[time: 0.35]
 0.3544322816  0.3544323435   374.099398209751   383.442788743338   380.361252968665    378.31693227371   380.389886553099   390.629213063837
 0.3544499795  0.3544505528   389.420324583672   383.442788743338   381.491826120233   384.155316801635   386.090051093179   386.362753087902
 0.3558001141  0.3558011407   389.420324583672   393.870410002102   390.061109382209   387.086274429759   392.218965634751   392.844822140883
 0.3578707327  0.3578731762    399.36267524662   393.870410002102   394.446469513073   397.265846787853    392.41737379998   392.299425158046
#[time: 0.36]
 0.3611689129  0.3611717286   398.202674028931   393.870410002102   400.456646442447   398.986005718385   390.567788029286   391.576414628692
 0.3623406804  0.3623416267   398.202674028931   400.445123888713   399.209094481485   397.781428293859   396.647974632189   394.495325262175
 0.3641225064  0.3641262066   398.202674028931   396.858035361583   404.348819090391   405.650566106375   398.603189041978   398.249286733834
 0.3669192714   0.366933308   398.202674028931   401.237960529757   403.259730550692   402.522528255247   405.975373032533   409.837920993776
 0.3693317915  0.3693349237   402.029548802493   401.237960529757   404.369426509632   406.084637367685   407.874949516969   407.278162927208
#[time: 0.37]
 0.3701788569  0.3701835398   392.276173035452   401.237960529757   402.972301978616   402.592253582145   390.578654338754   390.842581757059
 0.3712838301   0.371293449   397.900349289237   401.237960529757   397.576689955151   400.325949584064   400.990824410104   401.457411239748
 0.3713064109  0.3713081113   403.082473296367   401.237960529757   405.372962923894   408.223930950841   395.352230787988   395.452308495501
 0.3740750764  0.3740750766   403.082473296367   401.237960529757    408.27909335181   407.102934310434   408.173614145355   407.021822397183
  0.374468675  0.3744687816   403.082473296367   415.982289413056    405.00496988661   404.359938850293   406.099300736526   415.075546084602
 0.3745646431  0.3745661019   422.807652341014   415.982289413056   410.711845290385   416.762713184728   413.177478110922   412.697338086533
 0.3798490216  0.3798507971   422.807652341014   434.201586415002   421.832045147372   419.846823632767   428.298268641974   428.152750433583
#[time: 0.38]
 0.3802888625   0.380291988   433.165354345049   434.201586415002   429.585313589423   437.382360902362   429.909235864039    425.60103906729
 0.3813239736  0.3813284722   433.165354345049   434.360628847792   438.081761568231   438.514732902119   426.375750761222   425.892480372325
  0.384231586   0.384232646   433.165354345049   440.055375369893   438.833383071853   439.718005594563   429.998347773384   429.756134043264
 0.3872662251  0.3872714449   442.196955995608   440.055375369893   439.566366649928   443.043823931713   444.851423351055    443.14346776716
 0.3873009226  0.3873117042   442.196955995608   438.743376420438    443.08773770327   442.560913136183   446.078199490191   443.890347259197
#[time: 0.39]
 0.3910678602  0.3910708366   442.196955995608   444.302884727184   444.103458125972   443.258526287642   441.404495257514   436.144968998848
 0.3934947423  0.3935085305   440.719699087195   444.302884727184   444.729747383234    445.34935201685   442.540282269878   441.456848789173
 0.3982013755  0.3982032066    446.23085170702   444.302884727184   443.574795516884   444.594592885962   443.029283866238   443.900877693488
 0.3986433909  0.3986436905    446.23085170702   447.634931865266   445.471704897204   445.413466128964   443.630578807287   443.372482914544
 0.3989808579  0.3989829913   438.186044761351   447.634931865266   454.085871085245   455.274561133332   437.482549658966   449.320412354703
#[time: 0.4]
 0.4007772149  0.4007852385   456.251116785844   447.634931865266   444.089453637957   446.290603699762   456.066177390227   453.491976363917
  0.401409904   0.401417204   456.251116785844   449.018007626122   452.270004837556   451.964195532335    461.04604904214   452.986616480786
 0.4017274608  0.4017349908   456.251116785844    454.01832701705   456.465265778953    454.40861513339   458.513359712876   457.796809797434
 0.4040291548  0.4040300151   456.251116785844   453.406149548491   460.056479381702   459.454294371352   445.915185785856   448.693976505854
  0.405488443  0.4054909253   456.251116785844   459.028103319744   459.329931834625   458.178909203337   455.480125084052   453.839900786208
 0.4056757513  0.4056758814   457.383733970896   459.028103319744   458.965751485811   460.642732938985   457.882533397908    463.38100383527
 0.4062102333  0.4062106529   467.193980698981   459.028103319744   466.172131311514   467.274363429843   468.720773895923   464.691289109381
 0.4063099527  0.4063130328   467.193980698981   469.149580620173   462.208177318813   462.989271224776   468.822376918112   469.008215634857
#[time: 0.41]
 0.4104023004  0.4104023844   467.193980698981   455.784500165776    472.08461589259   472.791508818676   465.016801814986   455.800667292142
 0.4115208796  0.4115225251   467.193980698981   470.995318325728   462.124621007289    461.65819542746   460.588103339234   461.027750274685
  0.411859473  0.4118649578   467.193980698981   466.503218351368   474.855081376511   480.184372807989   477.304344392916   476.133135775611
 0.4123524214  0.4123580623   467.193980698981     467.9957150459   470.651273149666   470.366631305263   463.714287895433   463.441344435577
 0.4127255122  0.4127255196   467.193980698981   472.523559954013   469.145378043367   469.412058314167   470.824054494344   471.831095018688
 0.4142163192  0.4142165001   468.188833610399   472.523559954013   470.209399913843   471.968712924898   475.795663269152     482.4427583583
 0.4152210608  0.4152239853   468.835182759647   472.523559954013   473.981446486695   475.781227347315    472.86016291805   476.232954173373
 0.4162137115   0.416213744   471.850585960491   472.523559954013   471.710779052508   472.100249444197   476.162338786113   476.596089233209
 0.4168756662  0.4168902792   471.850585960491   477.373816300833   472.399787700913   472.464698185847   474.198645918952   474.960758687235
  0.417063447  0.4170707309   471.850585960491   491.822430598216    474.72057891179   476.155018627615   480.407624939225   493.088241139732
 0.4171052537  0.4171091584   493.865854365597   491.822430598216   480.984185260821   490.788330982722   492.218889008779   492.458116194907
 0.4198719378  0.4198817095   493.865854365597   494.529997305261   495.195149648075   494.781342821052    487.14654243986   485.782920569701
 0.4199312989  0.4199403126   503.188800340556   494.529997305261   495.983180353925   496.155652727118   494.533535617709   495.443351830201
#[time: 0.42]
 0.4206973115   0.420701407    491.47133513669   494.529997305261    509.07182456322   499.172979653834   493.668675055077   494.055742943495
 0.4214478658  0.4214568282    491.47133513669   495.866494531283   496.709273819885   497.636069270333   491.474923960815   498.038415599452
 0.4232996483  0.4233027852   489.620606374162   495.866494531283   494.966378330326   495.865740808622   498.534531791425   503.416275110332
 0.4236571517  0.4236686569   501.008575102146   495.866494531283   495.762767675595    498.06124354541   497.617313389209    498.47395624377
 0.4249526169  0.4249538276   487.833221533321   495.866494531283   503.003796124627   496.577086972894   494.024624571498   502.257628348922
  0.425601329  0.4256046435   492.289426496283   495.866494531283    495.80511261621   499.305233551179   498.188545796532   502.275060765758
 0.4262373258  0.4262479183   492.289426496283   503.369985889215    498.66085365458   501.684800578471   499.040200595278   495.000571965151
 0.4264655365  0.4264695118   509.764522777655   503.369985889215   502.000208878115   507.733145298002   500.609595680484   506.358435835148
  0.429983056  0.4299881593   509.764522777655   506.143205832979   507.184415099599   506.779286557255   511.074080634931   508.500777216923
#[time: 0.43]
 0.4301267651  0.4301287766   505.601921346025   506.143205832979   514.058863456453   512.214912914961   503.427712066027   503.116893682788
 0.4352574625  0.4352844783   508.820194313154   506.143205832979    509.22248165595   509.374369303262   505.921650664543   506.109390385167
 0.4354589668  0.4354810442   508.820194313154    516.16762034136   508.662821194361   508.313505049441   511.719662019716   510.966240746916
 0.4392814879  0.4393029065   519.533417778612    516.16762034136   515.582794566337   518.056780353039    512.74735614709    513.61937995151
#[time: 0.44]
 0.4402993511  0.4403020447   516.741809516846    516.16762034136   522.576128182918   520.544540362429   513.889299949635   517.233275803777
 0.4411808787  0.4411934059   522.655473768759    516.16762034136   521.104223934345   520.868469965438   522.176655379482   520.263386534846
 0.4443249296  0.4443320047   522.655473768759   511.014132733917   524.603325518683   522.175049095556   522.018051528695   518.221733484542
 0.4449455102  0.4449469163   522.655473768759   519.521599228883   524.244019646788   518.554141001962   515.418129431375   515.458597494534
 0.4452836282  0.4452849098   522.655473768759   523.380588261499   528.015852603317   526.024062762673   518.289092450044   517.691464031566
  0.445378319  0.4453783192   522.655473768759   523.380588261499   524.351180046531   525.031785930401   524.582760434767   525.256676983239
 0.4471760933  0.4471764571   527.090517170477   523.380588261499   523.021288133063   523.021785806236   517.135674402975   516.200239817603
 0.4484482926  0.4484490361   527.090517170477   530.046751914656   528.383427780956   527.759294318762   520.295600257436   520.325945440414
#[time: 0.45]
 0.4500837758  0.4500893904   527.090517170477   528.772200063953   528.967350491964   527.778644334826   524.137033009097    523.44457555848
 0.4502345292  0.4502357785   527.090517170477   523.939341933125   529.811182711736    530.34597070004    532.95854283331   529.329542937974
  0.451043476  0.4510456707   527.090517170477   528.780426939631   528.750295766323   527.701059515326   519.708989368073   519.963157098565
  0.451164891  0.4511851095   527.090517170477    513.04252696582    528.43302704617   530.553984226568   528.059440748439   518.208337312746
  0.451253173  0.4512589173   527.090517170477    508.33419004898     528.7817658432   519.527158921954   524.088056427113   516.495806301219
 0.4522392914  0.4522409135   527.090517170477   516.451142573309   527.755064350198   514.141373429235   524.665591155543   523.737580823778
 0.4579867345  0.4579912744   527.090517170477   528.178378823659   522.862915217819   521.971377127699   524.011244768784   523.001751717142
#[time: 0.46]
 0.4602017442  0.4602019948   525.485436021194   528.178378823659    531.62331493594   532.285177652414    527.20390970864   524.981185752393
 0.4602808485  0.4602809305   535.549018510501   528.178378823659   527.533582298489   527.753075440831   526.434230130551   530.410850177094
 0.4635254006  0.4635258458   535.549018510501   538.071005744136   537.367847248853   532.266337919703   530.986050599926   531.340048355405
 0.4636210933  0.4636288874   535.560584933301   538.071005744136   542.539527914031   543.905831948514   530.589636013107   529.543552440077
 0.4655664325  0.4655687174   541.971799851369   538.071005744136   538.083360896907   539.237684393893   550.369191182562    546.40667564628
 0.4663153108   0.466317216   541.971799851369   547.651863617553   540.616769339157   540.384585054332   548.539761113321   553.868574151625
 0.4670547101  0.4670560538   551.400893706181   547.651863617553   548.290233808864   550.802704280654   544.126514801079   546.062629224297
 0.4684222987  0.4684393634   549.712110218238   547.651863617553   558.649937472473   555.415539160248   545.380710414203   545.476882468682
 0.4693348703  0.4693369121   544.243304220856   547.651863617553   547.272344477644   548.509014961069   540.465926288184   543.715357451242
 0.4694481847  0.4694503738   548.423125308936   547.651863617553   553.768101016105   556.966119713424   557.003863118329   555.320315682766
#[time: 0.47]
 0.4708254408   0.470825441   548.423125308936   547.651863617552   543.454083229051   551.469633490779   543.398092359738   552.273055081966
 0.4726551662  0.4726586909   548.423125308936   553.830120749256   549.620555537164   548.508574841979   554.133270498883    557.41690969193
 0.4745690075    0.47456935   551.815405380217   553.830120749256   556.288015563918   559.736998966816   545.868042554377   545.891253824426
 0.4758969992  0.4758986262   551.815405380217   557.715760609163   554.494544254688   555.094447968738   549.874411563577    548.84458191277
  0.479355406  0.4793606814   551.815405380217   555.926919728466   558.973135465253   565.016815846651   551.541024973202   550.215270421963
#[time: 0.48]
 0.4808677547  0.4808776786   565.250041739511   555.926919728466   556.772559869554   558.883016455281   570.517366114184   559.611044621662
 0.4845048323  0.4845057124   565.250041739511   567.006866075228   561.516820747492   560.640619322109   569.540392081896   571.059284791949
 0.4846550319  0.4846555496   566.302658705118   567.006866075228   567.378994961494   567.589970614824   571.870686981808   574.144439767383
#[time: 0.49]
 0.4975380694  0.4975416183   566.302658705118   560.226997628566   566.633055292941   566.643365233528    576.75064837099   570.024667367563
  0.498590265  0.4985995084   566.302658705118   555.776598456367   569.152007460615   565.686977443563   565.678272757897   561.919036982662
 0.4991862447  0.4992016335   556.796045469224   555.776598456367   563.016108711195    561.27418586414   546.353056767303   549.607203312676
#[time: 0.5]
 0.5000462538  0.5000488949   556.796045469224   558.994874058759   560.369361413651   559.891295824753   553.089782585505   552.540531290236
  0.500288346  0.5002955382   556.796045469224   561.717379531412   560.801572195584    561.84085877453   559.286476685626   558.357370678309
 0.5017492983  0.5017596394   569.118099927933   561.717379531412   560.668156109223   561.556706795908   565.837813251951   565.669146849151
 0.5042716859  0.5042753021   569.118099927933   561.645463760934   569.273765804969   567.452888807182    576.76990348032   567.797490217777
 0.5046653029  0.5046776011   564.872327028724   561.645463760934   570.381606278198   566.025847758553   562.900185541333   563.184367684522
 0.5069521469  0.5069626336   564.713541086305   561.645463760934   572.834165572317   569.749558434811   563.243586126783   563.172015342072
 0.5070197553  0.5070200599   564.581782302989   561.645463760934   565.628902994452   565.223866531025   556.768672186652    557.98931546482
#[time: 0.51]
 0.5119409822  0.5119429277   564.581782302989   567.466852582783   573.765504770704   571.629167942538   560.594500960042    558.97237620374
 0.5172620364  0.5172624289   564.581782302989   567.045310738066   569.873342645215   571.305471637527   559.112823294876   558.720235055416
 0.5180035889  0.5180035891   564.581782302989   567.045310738066   569.552095773549   571.113611381809   569.269239181907   570.823358733349
 0.5181654055  0.5181688347   567.681192452754   567.045310738066   567.631691576416   568.517253597248   564.616849631421   564.879703495099
#[time: 0.52]
 0.5243385353  0.5243454256   565.154090663495   567.045310738066   571.516388965268   571.228549822374   564.589108061961   563.617820267011
 0.5255013114  0.5255075324   564.378139592066   567.045310738066   565.254974130794   565.180846342012   566.875287710753   567.578317554678
 0.5294760122  0.5294810872   564.378139592066   567.170938808143   565.931179582946   566.628326094606   558.843035235343   558.169532581946
#[time: 0.53]
 0.5302283909  0.5302295971    570.25862163259   567.170938808143   573.184063881683   575.317965373042    573.69898819511   572.578071054408
 0.5323690586  0.5323721047    570.25862163259   566.128477114807   573.187295860176   571.275960341644   570.916941003695   568.506787099135
 0.5356581958  0.5356614572    570.25862163259   571.421257979919   571.518661082007   570.452997907666   562.506954877615   562.515882268172
 0.5379624924  0.5379700022    570.25862163259   577.678692662289   574.262617444862   574.597033155969   573.465780908547   572.804102960226
 0.5391432035  0.5391476367   583.691123310444   577.678692662289   574.978412778753   577.874750616537   576.519858638477   577.319381753204
#[time: 0.54]
 0.5408458507  0.5408474904    581.01083156749   577.678692662289   582.482824929356   581.511834870755   570.996693212392   575.896372023942
 0.5438062819  0.5438069528   584.583612205146   577.678692662289   584.568502940653   582.758832386472   580.835910407203   581.026210748432
 0.5451473322  0.5451473357   584.583612205146   574.550585504837   583.405688683622   581.891313652757   580.886791119564    579.84734456376
 0.5454780824  0.5454866157   584.583612205146   579.737535466983   586.113011027894   577.240232574987    576.66925170475    577.89456305277
 0.5461929231  0.5461932394    593.91643746021   579.737535466983   591.772428588511   587.935270453877   585.524244560208   588.029960678725
 0.5465133837  0.5465176844    593.91643746021   595.365199081725   591.720087513876   587.016092552284   599.136131548555   599.925806475787
 0.5466869276  0.5466928015    593.91643746021   610.964821615841   600.538666328267   601.567416721518   597.690567816773    611.67997809541
 0.5467253512  0.5467351517   616.235958211167   610.964821615841   600.845782842516   608.493908164252   610.220568617804   613.585487631714
 0.5484252629  0.5484258494   614.757516450412   610.964821615841   616.931712992393    614.34873334654   604.403779048246   604.782028239988
    0.5485286  0.5485299718   614.757516450412   615.382717886944   616.615511698193    615.34408976017   607.395412883982   607.011042059427
#[time: 0.55]
 0.5503876234  0.5503911501   614.757516450412   627.261113298521    616.50639047245   616.553204752156   621.463278799636   624.245186130548
 0.5505655763  0.5505656868   620.775640658888   627.261113298521   622.308710488387   626.414043515972   626.107515209556   630.658334429843
  0.550586546  0.5505877754   620.775640658888   621.572428735784   626.880879485789   631.454623747274   616.882380458732    615.80619426655
 0.5515563292  0.5515597653   620.775640658888   622.954678062122   623.447094693598   623.711978401255   623.774976602882   626.868560196685
 0.5527896667  0.5527896669   620.775640658888   622.954678062122   623.632367929462   624.160576232435   623.799482263089   624.334427707298
 0.5532928884  0.5532969767   620.775640658888   619.745149242842   626.908311143633   627.749305305247   611.035071020415   610.882376994241
 0.5535508341   0.553552433   629.932006974692   619.745149242842   621.933007004965   618.131161686971    622.26030833425   625.533493872191
 0.5568952385  0.5568952387   629.932006974692   619.745149242841   624.265513096363   625.017074027458    623.96161114831   625.137998264534
 0.5575716753  0.5575728515   611.034320050311   619.745149242841   629.901178558808   625.490978044832   615.949887341268   627.592204346878
 0.5576239959  0.5576250649    617.99241074473   619.745149242841   618.758905419376   622.849046917751   612.929159065156   617.762310589798
 0.5599050018  0.5599067106    617.99241074473   619.004772011264   621.533809687836   622.039665875452   611.265383173322   611.051590542557
#[time: 0.56]
  0.563286692  0.5632966243    617.99241074473   619.050347819231    621.57310539685   622.094208665546   610.278046365149    608.82675925796
 0.5634494915  0.5634604076   617.015978247067   619.050347819231   621.725024612943    622.19626409155   609.712656849678   609.799390201529
  0.566140756  0.5661407562   617.015978247067   619.050347819231   622.994768632988   623.854744669168   623.033601291744   623.968362390134
 0.5667793485  0.5667815098   624.387810517195   619.050347819231   614.712044002019   619.509123922217   613.918035375414   612.634586134474
 0.5669617366  0.5669635835   624.387810517195   626.566979479018   628.600009231128   624.995792104381   619.522044145473   619.316752610784
 0.5688612291  0.5688616275     640.0594861335   626.566979479018   628.631387108615   629.885571849461   641.233520711327   633.363619687528
#[time: 0.57]
 0.5701334014  0.5701334802     640.0594861335   644.400056750403   644.494897314066   631.679819886342   639.687223080198    636.33640490439
 0.5708594817  0.5708612965   643.714634723297   644.400056750403   648.430295576664   652.037508655399   637.583895098665   637.527675141657
 0.5734210088  0.5734331396   643.714634723297   650.424022406646   648.594102100011   649.133733230147   638.761109041674   639.943691096264
 0.5747729869  0.5747813738   651.559968124282   650.424022406646   649.319686452451    652.03090435381    658.60251642889   657.287047529821
 0.5750721982  0.5750744537   651.559968124282   653.437966994429      654.236833935   653.981693219664   656.999895462508   657.671194671411
 0.5755108914  0.5755108916   651.559968124282   653.437966994429   654.326596444488   654.691782795644   654.324692332939   654.684403112566
  0.575903487  0.5759135169   651.559968124282   652.870510907701    654.09420822475   654.893980708318   642.885267781848   642.725088449222
 0.5775402478  0.5775452941   651.559968124282   654.111570974616   656.188761852282   656.639736197782   648.074800705288   647.401012440705
 0.5782325181  0.5782325183   651.559968124282   654.111570974616   654.652519276401   656.902777977521   654.791101437796   656.881880616632
#[time: 0.58]
 0.5800212935  0.5800264147   658.291040379258   654.111570974616   654.819348493319   655.268737061754   652.608371975247   655.203439772466
 0.5815931299  0.5815944309   658.291040379258   659.752297558733   657.064098098136   656.765570692465   654.744123658706   652.932960579172
 0.5818360527  0.5818386688    662.53236575086   659.752297558733   659.034022279141   659.036377403238   654.892897587022   663.029148612725
 0.5835933154  0.5836008483    662.53236575086    672.93952249378   666.250643650877   664.420883829799   667.739570553601   674.712947239292
 0.5838815304   0.583892985    662.53236575086    663.34781747327   670.250442446404   676.208653607143   660.650065347896   660.301423801961
 0.5841137461  0.5841164568   667.441600672709    663.34781747327   664.548326938172   664.787908195452   658.211959625593   659.426590879463
 0.5845887265   0.584595022   662.331854107196    663.34781747327   668.962005215143   668.319648109637   662.892836224864   663.807570351447
 0.5849611045  0.5849630291   658.269495617039    663.34781747327   667.048063933338   667.602937028282   659.749704694227   661.525465047191
 0.5895390388  0.5895435418   658.269495617039   657.669538848145   659.527205394473   666.080653781013   659.070548916744   659.012948728443
#[time: 0.59]
  0.590497136  0.5905044019   658.269495617039   657.593178089948   660.480739970846   660.304340992939   649.803609221855    649.86003679255
 0.5908781211  0.5908829256   660.665092853055   657.593178089948   661.777759297444   661.537196213058   655.778434953804   656.273149920787
 0.5909754701  0.5909765734   659.894327791219   657.593178089948   662.958793129685   661.947758597684   665.909530275391    660.99987051042
 0.5962246636  0.5962267448   659.894327791219   657.911269487826   664.063778970905    662.70922682276   650.328148503824   649.950632988279
#[time: 0.6]
 0.6015506384  0.6015522927   659.894327791219   661.187567409397   661.027285670884   660.368495499488   663.432684880056   658.837229107542
 0.6016607423  0.6016636968     671.2708224975   661.187567409397   663.434573915514   663.898901560432   661.027371094817    659.45878867861
 0.6019916634  0.6019922969     671.2708224975   670.247459977456   676.708197613379   669.351806964853   680.654419462409   677.551215459759
 0.6027534259  0.6027614345   670.782570864822   670.247459977456   676.505665846988    675.28280546947   660.400155705812   665.519891334056
 0.6067099979  0.6067100738   667.587703207769   670.247459977456   670.650841834162    670.64038090717    674.32205402724   676.142593609486
  0.608756111  0.6087563939   667.587703207769   656.622628198694   674.437231733956    675.73875874397   670.094116487315   660.820562495496
 0.6096179584  0.6096179638   667.587703207769   658.625029576552   665.630016191924    662.33095000542   662.718201081167   663.133450554161
#[time: 0.61]
 0.6105489047  0.6105489868   667.587703207769   665.744648667347   671.554939393009    664.56529137798   674.635474218347   669.132703992413
 0.6117884179  0.6118002521   660.349019942463   665.744648667347    671.26638749864   670.674996755626   663.536756006386   670.827097567759
 0.6134080536  0.6134206451   660.349019942463    659.81755866957   663.888335736273   665.277395402797   660.540569152861   660.499813545091
 0.6134574636  0.6134703643   660.349019942463   666.195807591877   663.726975292622   663.498400955825   662.245598374665   658.598422030129
 0.6137434613  0.6137474009   667.492568822991   666.195807591877   665.979194741037   668.459501726022   667.643848002543   667.512327335861
 0.6149802859  0.6149823296   667.674709385086   666.195807591877   670.046718074458   669.640248745054   657.582886304132   659.129173774622
 0.6152033255  0.6152061521   667.596407934315   666.195807591877   673.615455671926   672.790790627028   661.603309993185   662.202056462326
  0.616639947  0.6166434554   667.596407934315   664.457534440683   666.392453240948   667.925386097941    667.31330789496    666.79217020121
 0.6174100046  0.6174197253   667.596407934315   670.724234957058   671.293084495597   669.309936004373    667.65146869726   663.245439962565
 0.6179283206  0.6179349593   678.821828758245   670.724234957058   674.736918513905   675.867254084488   669.053173681236   669.261845921667
#[time: 0.62]
 0.6224304661  0.6224323481   678.821828758245    681.09229176335   675.545848118682   674.320905067535   670.536714512787   670.885709037263
  0.622519122  0.6225468562   676.764665974828    681.09229176335   685.268589894073   686.468863808092   678.091905575997   677.565304744397
 0.6232175248  0.6232175877   676.764665974828   663.767532252653   681.748825237471   683.885338686812   683.939964604691   670.677560178729
 0.6247524049  0.6247564967   676.764665974828   681.860791148882   676.125936782295    671.21405945904    675.04546462879   671.652529477879
 0.6251397168  0.6251408819   676.764665974828   678.109322844458   678.958988322434   680.845143821111   669.316619374047   669.073415505812
 0.6271116307  0.6271155844   679.861900783597   678.109322844458   685.190424890367   686.124078063113   670.564255811644   670.876289601199
 0.6275293281  0.6275309694   688.113823211206   678.109322844458   682.221409404096   681.749919144026   682.535972118913   682.929383922912
#[time: 0.63]
 0.6320596866  0.6320638648   688.113823211206   680.955711854234   688.956442032395    684.23416987592     691.6800208886   686.276070253662
 0.6320671898  0.6320693777   688.113823211206    691.21888887235   688.294587157249   686.082399807255   681.937247365183   681.248021286648
 0.6343140257  0.6343150987   693.013019303874    691.21888887235   689.154271046971   689.523432602237    685.10748062014   686.060175617209
  0.637263417   0.637263418   693.013019303874   692.436700244304   691.975695799485   692.119714440038   691.421813401599   692.387658701444
 0.6383706137  0.6383706139   693.013019303874   692.436700244304     695.4839085674   691.393340788256   695.643246687981   690.770224480623
 0.6396274147  0.6396353076    693.03980841579   692.436700244304   692.793683512586   692.638661364048   685.614816350891   686.989887730073
#[time: 0.64]
 0.6407702298  0.6407736839    693.03980841579   692.455485467682   691.108213163069   691.452217992804    685.61954149646   686.522693397123
 0.6412798672  0.6412847451    693.03980841579   698.247367897661    695.24852576969   695.000597664512   694.842289918586   694.427348951458
 0.6436842951  0.6436847417   689.003042541286   698.247367897661   699.517315241366     701.2140260792   695.449873697861   702.348521904869
 0.6457297729  0.6457297731   689.003042541286   698.247367897661   697.080125223537   701.952089222777   697.029643119768    701.91845646028
 0.6463468616  0.6463471668   689.003042541286   690.871218442797   693.794180891921   694.949246959922   682.289787810667   680.854392550854
#[time: 0.65]
 0.6501368415  0.6501369615   701.319505669159   690.871218442797   691.792315545865   692.730392429228   695.740478360021   695.979163633145
 0.6519746271  0.6519754827   701.319505669159   707.121828170596   705.634057652533   699.826428472918   700.879555183476   699.724025900846
 0.6564880999  0.6564892418    710.96099825856   707.121828170596   703.167203649475   711.483375994967   718.115098359082   714.647193601956
 0.6572920293  0.6572970635    710.96099825856   709.978750292168   714.910014547836   713.322715743177   703.217056152501   703.346424276974
  0.658748825  0.6587500057    710.96099825856    716.92544496706   713.012910420958   712.315087040975   713.662993306815   712.654746665082
 0.6592019842   0.659210419   721.101269357509    716.92544496706   713.761491593603   713.608831054302   730.580705481095   725.876652129061
 0.6593543101  0.6593551984   721.101269357509   722.113298771258   722.674136458168    721.63440430797   714.818125478788   712.861839166583
#[time: 0.66]
 0.6609467008  0.6609487212   721.101269357509   720.065132330938   725.638541583387   726.123985589264    728.75496223209   727.488342110952
 0.6643452751  0.6643482726   725.723000018052   720.065132330938   724.807927026858   724.235274423465   716.485934509064   715.389300851471
 0.6669510453  0.6669529465   725.723000018052   725.202353748071   726.637138518546    725.92151299914   720.056320357174   720.598510112364
#[time: 0.67]
 0.6741101069  0.6741102482   725.723000018052   734.677456054321   731.411808846667   731.082961153227   728.485168216154   727.737222886404
  0.677919289  0.6779197392   725.723000018052   730.923619640383   732.213760433975   739.311822147126   735.161174512192   739.860711524367
 0.6780755647   0.678076918   725.360130819731   730.923619640383   733.761369494675    736.37810625215   733.569378434722   737.325371402196
 0.6790893499   0.679090882   733.604554666029   730.923619640383   728.249117866946   725.771627159689   724.557351953745   727.294771442026
 0.6795833231  0.6795851562   733.604554666029   745.076490797569   731.191243280208   731.997004864396   739.734168300104    740.41703073415
 0.6799714499  0.6799838898    746.93612702083   745.076490797569   739.247381430748    742.82988702528   738.057691961204   742.009828474737
#[time: 0.68]
 0.6810704373  0.6810790267    746.93612702083   753.696535954734   751.896293499146   750.659622013036   750.334450678329   750.205687854291
  0.681686596    0.68168869    746.93612702083   760.972297741528   755.226928183368   760.252256299152   753.220205326533   759.759960778704
 0.6823141082  0.6823199035    746.93612702083   748.067048555319   754.127094060561    763.17247203284   739.200737900727   738.888689849978
 0.6871257041  0.6871278887   763.316234239013   748.067048555319   751.645180385286   752.201312788037   765.556721266898    756.48071110658
 0.6874155176  0.6874164654   763.316234239013   751.217648805483   769.098485744398   752.844061169245   764.676385736782   759.167323267377
 0.6882759122  0.6882844792   763.316234239013   763.923997452868   760.605610125879   754.636250288372   768.971225364741   771.424746843076
#[time: 0.69]
 0.6902357723  0.6902408285    766.84740490081   763.923997452868   761.733539980172   763.955039261564   767.080727316195   766.262608333423
  0.695753319  0.6957574739    766.84740490081    776.45470307971   765.948855048119   765.842022127612   770.329301237035   768.086978326829
 0.6978309274   0.697832348    766.84740490081   770.141076856561    775.35803887405   779.221882931759   764.839562585882   763.194556677952
 0.6979728893  0.6979823969   767.268888292438   770.141076856561   769.724116288018   766.634139891314   774.019546213745   779.759255053535
 0.6987220754  0.6987230451   767.268888292438   763.620001951285   771.799436587359   773.250973382657    771.30479904266   767.148885011699
 0.6995227461  0.6995305659    771.95503977321   763.620001951285   769.602229727646   767.548865045328   765.355906117041   767.524721550638
 0.6997053337  0.6997089543    771.95503977321   760.482557247128   774.085820323131   766.247995068867   775.330637284102   766.774390536045
#[time: 0.7]
 0.7011021789  0.7011122566    771.95503977321   765.398908743564   768.827458665774   766.559140640263   771.465014661531     769.9455928397
 0.7020603304  0.7020603306    771.95503977321   765.398908743564   772.419131204853   770.292364802124   772.133141853143   770.097157788963
 0.7028909121  0.7028972842   759.387270603221   765.398908743564   774.650188863098    771.00658033541   762.152015030189   760.660238369474
 0.7032665688  0.7032688002   759.387270603221    758.64772744189   763.041866216953   763.932532670497   750.243874289411   750.345125064413
 0.7034244769  0.7034286787   764.341303299245    758.64772744189   764.983328503833   764.511827797578   754.327470573303   753.993677951549
 0.7046994858  0.7047040536   764.341303299245   760.471247761824   765.797156982711   763.831853199875   769.702415854378   766.107451249343
 0.7050566779  0.7050759067   764.341303299245   775.050797963839   763.077659197595   762.624681321534   763.522681655091   772.261187118601
 0.7053739762  0.7053804208   779.565170532935   775.050797963839   769.226968672536   775.671875062749   782.488664566752   780.441930190838
 0.7057288829  0.7057381531   779.565170532935   784.038822884562   780.443526917035   779.039992388802   780.740715287881   774.498488070874
 0.7082387034  0.7082461237   786.996631540884   784.038822884562   782.383051010993   782.670434456426   776.525685583894   777.708856649321
 0.7086677705  0.7086714185   784.700091233576   784.038822884562   789.374539515505     788.3084787491   788.902320208424   788.105519685867
 0.7092022554  0.7092196148   784.700091233576   783.251777506275   786.401166148776   786.247457231061   778.287119622823   780.080013127944
 0.7094518788  0.7094584051   784.700091233576   781.654392641093   787.630853046073   786.813295873756   792.442951080294     788.2219510816
#[time: 0.71]
 0.7121073782  0.7121074112   784.700091233576   783.449798982219   788.198152225012   787.293135743471   786.726191867006   786.303838655883
 0.7183474889  0.7183534283   786.141692545692   783.449798982219   791.518033623724   790.399436379529    778.40486340652   778.963614476597
#[time: 0.72]
 0.7228441743  0.7228480511   784.205820096059   783.449798982219   785.309740042612   785.028962820538   775.739555822174   777.700370765564
 0.7245870758  0.7245889458   784.205820096059   766.216305518942   789.142881773523   788.648537727157   782.478111204418   770.210744851732
  0.724849147  0.7248674019   784.205820096059   788.350212565862   784.301850464736    775.89286534423   779.380116963999   778.203607547233
 0.7254024099  0.7254026484   798.779167229683   788.350212565862   790.818401090045   795.524870062894   793.621042999066   793.554234979938
 0.7291665826  0.7291670344   798.779167229683   804.447807072605   799.928382162335   793.415445653591    804.45335607367   807.541767736545
#[time: 0.73]
 0.7305364546  0.7305392446   798.779167229683   797.338178452716   803.812569327232   805.096873155444   797.302776417601   797.609414209648
 0.7317192048  0.7317216629   798.779167229683   802.987024808326   799.599566991904   799.254919900634   799.110626259329   798.453464292114
 0.7333572922  0.7333579664   798.779167229683   801.789832104692   803.568856668574   806.292832498182   795.719633761567   791.823895840364
 0.7344412654   0.734441741   798.779167229683   803.574940934132   801.947809677263   802.577047557338   802.002855344174   802.614815101948
 0.7349972641  0.7349993954   807.624279702706   803.574940934132   802.294007752647   804.396141218488    798.35125698626   801.775333419081
 0.7353991064  0.7354001732   807.624279702706   808.222682691184   809.334940757843   808.059669484395   805.555376396016   805.406409420169
 0.7379287429  0.7379287431   807.624279702706   808.222682691184   814.892938972733    815.20471470347   815.173364305716   815.500214670085
 0.7394668015  0.7394668133   807.134282071002   808.222682691184   809.067602192206   809.129664189195   808.396976813832   808.742170775838
#[time: 0.74]
 0.7404683881  0.7404712006   805.796871024778   808.222682691184   811.519170222395   811.968611447133   797.938860076574   797.938277628552
 0.7412945386  0.7412945388   805.796871024778   808.222682691184   807.954042839299   808.200103663291   807.944316216479   808.174172221319
 0.7417114729   0.741714284   809.292699318192   808.222682691184    808.99719113374    809.50738621362   813.959414443617   813.007448263498
 0.7432504494  0.7432518839   809.292699318192   810.511163930538   810.912949937871   810.604319900582   802.692246446746   802.857566206968
 0.7443122793  0.7443124933   806.609770192287   810.511163930538   811.129765720756   812.731595297701   804.216971424899   808.073335668301
 0.7481936358  0.7482110796   806.609770192287   809.432025913676   812.622773911803   814.655474594393   809.114064359111   809.474095744587
 0.7490167247  0.7490195297   812.409958806083   809.432025913676   812.174724666828   813.345804413272   813.413741804048   812.554589356748
#[time: 0.75]
  0.751115424  0.7511178315   812.409958806083   819.196832084531    815.51044032187   813.900965809253   815.621433831528    813.52334179424
 0.7542571145  0.7542593212    818.48084667871   819.196832084531   816.057545907895   820.787944585809   810.602520520814   810.641545058174
  0.755567188  0.7555671975    818.48084667871   819.932997630009   820.860245777916   821.081324387575   816.263884354451   814.034086216781
  0.756515628  0.7565271339    822.70830824929   819.932997630009   823.860354096925    815.88221861735   826.145581698806   824.011717733978
 0.7577493055  0.7577588121    822.70830824929   831.828315014939   820.155093460258   820.750099885736   826.558182017977   827.860144828021
 0.7585154921  0.7585220206   829.806203953309   831.828315014939   828.855127875949   834.531662055013   830.882161118713   830.900522272091
 0.7588144497  0.7588294559    832.62729135393   831.828315014939    831.06860790882   831.237746566251   822.900558334648   822.982858575873
 0.7596276413  0.7596292846   839.364385160232   831.828315014939   837.050195865894   836.702191459312   837.276505710008   835.742509335149
#[time: 0.76]
 0.7656782237  0.7656830593   839.364385160232   839.865568585657   837.877111843832   836.464854719437   835.037333813851   834.853513136465
#[time: 0.77]
 0.7720390895  0.7720474725   841.369735863763   839.865568585657   840.884488439949   841.036380964138   841.841310629357   841.568103659069
 0.7720783096  0.7720795439   841.369735863763   837.526828422924   845.819717318752   845.071526209149   847.999756752494   844.951731370758
 0.7739391956  0.7739412002   841.369735863763   844.740461620701   844.276681008078   842.135400847057   837.719197675088   836.915159625444
  0.774070898  0.7740708982   841.369735863763   844.740461620701   843.598091948469   847.257232017621     843.3532843666    847.06290650174
 0.7741627944  0.7741765691   848.958090612626   844.740461620701   844.460195301446   845.117957762448   840.857164872834   842.780409062382
 0.7757287797  0.7757329874   852.211703361635   844.740461620701   854.039133816362    851.35515379676   853.820863762948   846.034031726194
 0.7785003584  0.7785005292   852.211703361635   854.928205376229   853.404353952516   848.795315632182   852.094802432203   847.043437393456
 0.7788391041  0.7788413203   860.651494605881   854.928205376229   857.171868165946   858.983376123142   855.900800215843   857.014506831411
#[time: 0.78]
 0.7826113854  0.7826126692   860.651494605881   861.593850465602   862.595073169951   860.402282466188   854.610867792452   854.375384195956
 0.7836128148  0.7836137655   860.651494605881    870.00399356733   867.325725155839   868.081126922432   863.757335720878   861.290917180706
  0.786338327  0.7863427122   860.651494605881   847.085054333043   866.853834530886   872.352005564005   864.637228339958   848.595358630224
 0.7865023835  0.7865040536   854.107717365483   847.085054333043   862.638098881893   856.026428751131   844.532569148511   845.468927186168
 0.7865232317   0.786523245   862.494660648414   847.085054333043    860.20914170744   853.395461138377   865.142739932438   851.563311830489
 0.7880227128   0.788022713   862.494660648414   847.085054333043   860.759107213988   853.066286314194   860.649181516621   852.822655749141
 0.7884418563  0.7884562788   862.494660648414   861.938562437712   862.637319437687   855.390677889768   852.844648883979   852.848855279353
  0.789137093  0.7891397303   862.494660648414   866.930391694573   867.158726517834   866.900873972664    863.42340006752   859.308556258996
 0.7893012432  0.7893012634   862.494660648414   867.587201416319   866.632624509181   868.827457159108   865.256844165408   868.516818954095
#[time: 0.79]
 0.7924582533  0.7924613613   871.224898406549   867.587201416319   865.574237291843   866.528026464741   860.799670867174   861.948218290394
 0.7924969147  0.7925055252   865.670669862256   867.587201416319    873.40523783024   872.460482149923   864.436394086826   866.398026565633
 0.7933054053  0.7933115897   869.534446916395   867.587201416319   869.265588236554   869.785911404901   867.300670485222   867.605310520595
 0.7948537627  0.7948551331   868.650496442365   867.587201416319   873.329980737952   871.978529231916   860.264538989145      860.851845594
  0.795180805  0.7951825216   868.650496442365   871.607694982409   871.165688497714   870.879006957018   870.706076738911   870.838062144905
 0.7959846677  0.7959852068   878.552021985185   871.607694982409   870.720497678348   871.152323380199   868.855455477912   870.128899822359
 0.7967026213  0.7967031552   876.956360848992   871.607694982409   878.061995372233   875.782584372847   880.142247389726   877.272752831502
#[time: 0.8]
 0.8000034942  0.8000089524   876.956360848992    882.35711309442   876.520702489177   874.531456966263   880.236406119654   884.280940704821
 0.8001226116  0.8001226173   883.560173183633    882.35711309442   883.216196170478   886.678595835829   885.638607432658   885.063012463673
 0.8015092131  0.8015159825   881.157166550299    882.35711309442   889.856927774061   889.018899843246   871.559959568666   876.802930354659
 0.8041469954  0.8041481574   881.157166550299   858.955465415317   889.436290387274   890.265240419576   877.040633887813   863.471900222205
 0.8041729912  0.8041782675   881.157166550299   884.871997699768   887.223138232185   867.775444703912    876.95484955789   876.771614550584
 0.8041837989  0.8041895857   887.346730275784   884.871997699768   887.433587702041   889.485132927951   880.923406435165   884.247565851043
 0.8070470837   0.807048794   887.346730275784   888.253328568139   891.499024083122    890.54316001446   884.576940522372   883.366942690342
 0.8082819423  0.8083029967    892.93990024138   888.253328568139   890.401147546792   890.639713211324   884.561115835925    884.03595773779
 0.8091336295  0.8091372059    892.93990024138   893.481196277411   891.875015836373    891.15878464991   892.087709404301   886.990730446858
#[time: 0.81]
 0.8105715501  0.8105780955   894.456674306445   893.481196277411    893.66076082387   893.684737939291   888.525504940161   888.616390787301
 0.8122881063  0.8123004028   895.612903488328   893.481196277411   896.397189222193   896.086969672343   891.950347100574   893.900034740976
 0.8132635722  0.8132669362   895.612903488328   892.641417041343   898.972582835339   897.926083916984   905.412784386423   901.308148611839
  0.814627951  0.8146280001   895.612903488328   893.037523887463   895.285361594506   894.727292536507   899.249437352771   898.103648724204
 0.8147484992  0.8147561826   895.612903488328     909.4572548829   900.247393846166   898.397962714061   903.179321748018   908.285353473836
 0.8151136399  0.8151136817    900.18679350659     909.4572548829   902.607029257785   909.286475775612   906.001507455402   915.556039544303
 0.8160548234  0.8160561251    900.18679350659   899.396639493974   906.693681349596   910.341991984366   891.466823651934   891.950932239323
 0.8172786369  0.8172819373    907.00832920116   899.396639493974   899.586529131523   899.442915057364   903.364119436567   900.826134552977
 0.8188071478  0.8188283756    907.00832920116   904.538516764886   901.047327506261   902.055246068253   901.777667551243   901.844086935926
#[time: 0.82]
 0.8207678022  0.8207683273    907.00832920116   915.775918415822   905.679792564582   905.701520200964   913.070847924365    916.28769895774
 0.8208108652  0.8208149644   909.777579753819   915.775918415822   912.885656111727   917.047434343133   913.591354021654   916.537346242949
 0.8209442978  0.8209497343   909.104297498271   915.775918415822   912.642699509971   912.335567355159   908.235330091329   916.041367977974
 0.8224861037  0.8224873154   923.218985631261   915.775918415822   912.651693418649   919.162338165609   916.458050895684    918.34341701948
 0.8234742964  0.8234772154   923.218985631261   922.015556398365    922.84971454008   921.303374676243   913.986359841644   914.623131666399
 0.8241219662  0.8241234414   923.218985631261   923.943564178828   926.427769320611   925.104006863087   916.267790800339   913.792846573369
 0.8293727902  0.8293757717   923.218985631261   924.601705947732   925.318441370768   925.430845924343   929.045306953096   929.690911714968
#[time: 0.83]
 0.8352052656   0.835209821   923.218985631261   925.918317741449   925.310973565015    925.74849389141   918.004342497945   917.418104191027
 0.8384600008  0.8384697292   923.218985631261   924.565291320618   925.503806229337   925.754677210096   927.794577634915   933.002928521066
 0.8397299609  0.8397301182   923.481400679189   924.565291320618   929.632943745991    930.88399137457   926.552287025042   930.081736366162
#[time: 0.84]
 0.8410346186  0.8410460293   923.481400679189   944.295964574258   925.079750094972   925.330128651666    928.19044333853   940.726619866874
 0.8418008824  0.8418034952    946.87430639228   944.295964574258   929.698731949652    942.95659511274   953.893208931938     951.5775478068
 0.8419150157   0.841918482    946.87430639228   947.766192222654   950.969624214933   949.912031016569   938.042365316834   937.414262336893
 0.8423428663  0.8423532248   951.840798442957   947.766192222654   948.995674104471   949.210284352715   946.405700723549   947.450991889363
 0.8429214838   0.842921484   951.840798442957   947.766192222654   955.532453732948   952.713568489382   954.860324634073   952.151304841095
 0.8437397936  0.8437515106   951.840798442957   946.176224240549   953.154569734132   948.783654793371   956.614803622586   953.146448021752
 0.8448467989  0.8448516321   951.840798442957   952.694935007335   955.738172085772    952.45284128662   945.397592925751   944.764453874001
 0.8484687872  0.8484967437   951.840798442957   956.653952078181   954.134617266386   954.316760653664    959.77488767018   965.006046060682
 0.8497591281  0.8497624085   960.535316652485   956.653952078181   957.843033113851   960.623412674675   950.069732811525   951.614413858864
#[time: 0.85]
 0.8505623226  0.8505883651   960.535316652485   961.061240822506   965.556556713757   963.726887113008   953.960456263075   951.438257913846
 0.8536923692   0.853692485   960.535316652485   958.196027433459   960.809240049213   960.812524728441   968.528514571811   965.647313233929
 0.8554875676   0.855488696   960.535316652485   961.771252834133   961.365487909791     960.3450152282   952.635871412879   951.468685572961
 0.8574698524  0.8574794492   960.535316652485   962.257170843429   963.801645470234    964.24410243614   958.598094221318   958.372794810049
#[time: 0.86]
  0.860824469  0.8608392507   960.535316652485   968.310490827467     962.3319057572   962.553395945916    968.91987703047   975.741169550432
 0.8615464641  0.8615485145   962.145028758427   968.310490827467   965.616955963926    970.26237946823   967.253920280451   973.953579976471
 0.8616442854  0.8616446526   962.145028758427     965.9796193821   966.592125976371   970.352011087058   966.264534007418    969.43212720277
  0.863659238  0.8636595244   962.145028758427   963.294843008362   966.650620979953   961.224446849552   959.142540948457   959.079017594235
 0.8667027742  0.8667181613    988.36551354333   963.294843008362   966.580011051257   967.040650996368   984.054226753174   971.009477804608
 0.8667445892  0.8667571927    988.36551354333   1005.35748874772    983.92180282638   970.963995253999   996.845269628033   996.919751586343
 0.8689923405  0.8689928534   994.582777342733   1005.35748874772   993.900488355503   1003.62169092393   999.204050320182    1008.1590670107
 0.8691154894  0.8691162005    1008.7770972302   1005.35748874772   1002.55989419194   1007.50102695262   999.478033057839   998.925583700822
#[time: 0.87]
 0.8721948045  0.8721948047    1008.7770972302   1005.35748874772   1010.65654900253   1009.48539690727   1010.78315139518   1009.65997534917
 0.8734261739  0.8734322032    1016.1028871008   1005.35748874772   1011.82627976849   1010.30426226044   1009.18947979163   1010.32802463594
  0.873471719  0.8734818643    1016.1028871008   1021.90900223911   1016.89638453681   1013.26002362321   1019.26626207602     1015.422974519
 0.8752375529  0.8752383555   1033.53008851058   1021.90900223911   1023.89282544756    1027.3972924929   1027.47247361653   1027.91034875537
 0.8774313389  0.8774314147   1033.75751812034   1021.90900223911   1031.90102947545   1028.44902104028   1036.32167851512    1021.3120475726
 0.8775182577  0.8775214335    1036.3659015978   1021.90900223911     1034.791074185   1026.59634384803   1032.38366168878   1022.80704720225
 0.8777767746  0.8777878619    1036.3659015978   1046.24017635658    1038.6828207021   1030.26407401243   1042.14413061906   1043.42515728525
 0.8786810844  0.8786826565   1053.99745451761   1046.24017635658   1041.82479595501   1042.82777091884   1043.67721661689   1042.41196391389
#[time: 0.88]
 0.8815162627  0.8815317439   1053.99745451761   1058.49935605325   1057.28784783371   1052.81528778499   1057.60461627376   1058.55320105516
 0.8852046933  0.8852050768   1060.83283298304   1058.49935605325   1055.85413626157   1055.67335138407   1052.62270448008   1053.15293892023
 0.8854755558  0.8854891051   1060.83283298304   1063.27034411753   1061.04505467379   1060.52630264003   1061.05094868252   1060.48390391699
 0.8888946631  0.8888950569   1062.03169840708   1063.27034411753   1063.10894719563   1059.75583888757   1063.95177809789    1064.3969027675
 0.8890589895    0.88906368   1066.34120761328   1063.27034411753   1070.12958841038   1071.33316495029   1062.32159300022   1062.91265158782
#[time: 0.89]
 0.8930949927  0.8931071866   1054.69400805661   1063.27034411753   1065.16398587839   1065.00787355923   1060.61125462068    1065.2341562944
 0.8953946866  0.8953989049   1064.71639250351   1063.27034411753   1062.54880016111   1069.01971614074   1055.91209327407   1055.62612610224
 0.8965385948  0.8965419805   1064.71639250351   1066.65469614877   1067.00978068648   1064.05813033868   1063.51687652874   1063.32046030863
 0.8974474542  0.8974476584   1064.71639250351   1066.95681387223   1069.10633611434   1069.86945810351   1061.17190075494   1060.32852710019
#[time: 0.9]
 0.9000041334  0.9000041336   1064.71639250351   1066.95681387223   1066.30881465193   1066.53234430005   1066.34466885054   1066.57167397356
 0.9010474675  0.9010479542   1064.71639250351   1063.15492364482    1064.5933608254   1072.84519943365   1063.75201843665   1063.80465735059
 0.9037656337  0.9037723504   1064.86668819988   1063.15492364482   1061.24754990575   1061.30750495643   1065.75037019812   1065.41587904807
 0.9067847647  0.9067852567    1065.1158127536   1063.15492364482    1066.5813283124   1066.07701669989    1057.4457272727   1057.36033164932
 0.9068459531   0.906846971   1088.57884798111   1063.15492364482   1067.36987717973   1066.85994033631   1082.89969189088   1070.74317256775
  0.907179379  0.9071842424   1088.57884798111   1091.89000385121   1089.43739970911   1071.73436759938   1086.52222421103   1085.38265760187
 0.9076387217  0.9076395537   1092.54844514635   1091.89000385121   1092.06570028366   1093.07233455691   1082.22630434358   1084.41272267948
 0.9081582799   0.908160391   1092.66113022997   1091.89000385121   1089.21736260608   1094.98014448688   1083.94499448204    1086.7794625768
 0.9082211133   0.908229209    1096.2201870813   1091.89000385121   1097.11208607393   1096.69053973307   1091.15612807728   1092.96302764168
 0.9083048156  0.9083112372    1096.2201870813   1098.31424196149   1093.73431674273   1093.82418439556   1093.93098794676   1093.39368674206
 0.9093776081  0.9093900232   1098.87221049891   1098.31424196149   1097.95067840604    1098.4529800501   1093.59360627795   1093.78244819971
#[time: 0.91]
 0.9115112294  0.9115246177   1098.87221049891    1082.8469530085   1100.76801055946   1100.58487121851   1102.90339743464   1090.59866734017
 0.9116488407  0.9116620968   1098.87221049891   1106.37798706436   1103.56935793014   1092.31807869337    1097.0378314008   1096.29887457294
 0.9127665928  0.9127740822   1113.12172169647   1106.37798706436   1105.95257691572   1108.88088024416   1104.66120991407   1106.60913694753
 0.9132643134  0.9132690239   1113.12172169647   1114.28772626253   1113.02305192313   1111.46013041441   1105.16754912394   1105.18743213932
 0.9137817292  0.9137840888   1113.12172169647   1114.35155744171   1116.06446148869   1116.35818166339   1116.05381530872   1116.50611995982
 0.9162541296  0.9162541298   1113.12172169647   1114.35155744171   1117.37952219169   1117.83799502681   1117.57850835671   1118.00717976438
 0.9175005367  0.9175006138    1109.4243609614   1114.35155744171   1120.20692508808   1121.09318372993    1117.3469571611   1121.24214621554
 0.9182937652  0.9182942713    1109.4243609614   1112.42441524772   1113.06100840868   1115.92782737919   1114.92293152557   1118.55339093817
 0.9196930832  0.9197025251    1109.4243609614   1110.32393763004   1113.17322503262   1114.84033903685   1105.20981045555   1102.94787010159
#[time: 0.92]
 0.9228867486  0.9228867488    1109.4243609614   1110.32393763004   1116.81638307474   1117.39193992543   1116.27418305716    1116.8141896776
 0.9295911577  0.9295911579    1109.4243609614   1110.32393763004   1110.14048910709    1108.0985282275   1111.03070804723   1107.94687621263
#[time: 0.93]
 0.9342067254  0.9342115213    1109.4243609614   1109.98755698438   1110.08872802213   1110.15852084685   1107.15313542741    1106.8767255153
 0.9350706927  0.9350761058     1107.731830595   1109.98755698438   1114.32681655051   1114.61959875803   1108.04759620438   1105.97565596974
#[time: 0.94]
 0.9402625158  0.9402700992     1107.731830595   1113.10513132034   1111.18857693525   1111.99783849096   1109.85406145837   1108.29425008506
 0.9412067228  0.9412067473     1107.731830595   1122.31275586526   1111.63076978504   1114.24003020514   1112.30814459381   1119.84582143429
 0.9413946457  0.9414057516   1118.96155781978   1122.31275586526   1113.41465099787   1118.15353760698   1114.06971113666   1113.68018412412
 0.9448749827  0.9448916849   1126.69766007851   1122.31275586526   1124.92250127541   1128.16717308996   1121.26829898357   1122.57220325539
#[time: 0.95]
 0.9507939318  0.9507985808   1126.69766007851   1133.67331876417   1135.33450860701    1130.8249230426   1128.81753122395   1128.25701944994
 0.9510386606  0.9510438688   1131.26040389368   1133.67331876417    1130.8595732035   1133.18807357795   1128.05192430973   1127.07680829774
 0.9518535465  0.9518558326   1131.25118824259   1133.67331876417   1138.00988374954   1139.71599734881   1133.13583296111   1133.20374264087
 0.9581993192  0.9581993713   1131.25118824259    1133.6673761994   1136.43916648439   1137.60267266795   1134.72743666595   1136.61126476968
#[time: 0.96]
 0.9601041987  0.9601137686   1122.58782765082    1133.6673761994   1132.85139903358   1133.55825502832   1129.56686694552   1132.77110412142
 0.9611210587  0.9611213222   1141.65332929074    1133.6673761994   1131.00616789888   1133.92438243388   1148.36636288621   1140.28162410116
 0.9630822361  0.9630922258   1141.65332929074    1150.3258119625   1143.53999804336   1138.89667320786   1146.54316259528   1156.80758058077
 0.9653988433  0.9654000385   1151.47029786122    1150.3258119625   1150.01183440029   1154.92352339034   1141.33096328408   1142.24037885674
 0.9655474963  0.9655607353   1141.05012887609    1150.3258119625   1152.08210549227   1151.92618778679   1145.91571083257   1150.53781132522
 0.9668261084  0.9668261867   1154.50262933591    1150.3258119625   1146.57665598673   1147.95284750361   1153.99008714664   1152.72764414859
 0.9670584637  0.9670624431    1149.6717221115    1150.3258119625   1160.97000279511   1157.63572376498   1142.30834212826   1141.87892043943
#[time: 0.97]
 0.9702568437   0.970260067   1156.13859734698    1150.3258119625   1152.98446835933   1153.43318950996   1146.85243308249   1147.08265095087
 0.9707354791  0.9707356371    1148.0147525593    1150.3258119625   1158.31789382796   1155.58779785209   1156.57982564865   1159.53757658409
  0.971367894   0.971377845    1148.0147525593   1141.39217446621   1149.87868681226   1150.10061257723   1149.86789762061   1147.27058261151
  0.971837123   0.971839749    1148.0147525593    1144.5812061444   1147.63330095912   1146.10711385957   1147.92432657746   1147.67527596707
 0.9727538317  0.9727539149   1149.59653864051    1144.5812061444   1149.50549325899   1145.20041556932   1144.94194900376   1145.82925700183
 0.9744445552  0.9744567386   1149.59653864051   1148.09621245628   1149.92158773959   1147.92329302415   1142.43225190702   1142.17247952619
 0.9745803516  0.9745809446   1149.59653864051   1156.41820153462   1149.79594601548   1147.80596408111   1158.61394286116   1166.48902361841
 0.9772549943  0.9772576617   1151.93323384257   1156.41820153462   1155.97372366418   1159.12652224841   1152.97396442933   1151.83728260039
 0.9776879166  0.9776984283   1151.93323384257   1157.07611199263   1156.45927050794   1158.37347733421   1151.48925368774   1148.73570674337
#[time: 0.98]
  0.980501282  0.9805061381   1160.31468557182   1157.07611199263   1157.67629973915   1160.55253086708   1152.44781958857   1152.37576916295
 0.9808611803   0.980872065   1162.40202243996   1157.07611199263   1164.49816363233   1162.72921571919   1155.67180885571   1157.72828422662
 0.9823438486  0.9823490614   1162.40202243996   1166.53219232822    1162.3166898556   1160.52146113341   1157.61830527477   1157.68520792591
 0.9844724753  0.9844775653   1168.17744338851   1166.53219232822   1168.14865357299   1170.50177612886   1158.44570282098   1159.69801346587
 0.9861850957  0.9861908309   1164.87925639906   1166.53219232822   1172.55875578724   1171.82820206859   1156.51876527029   1156.89600173936
 0.9894445824  0.9894545751   1164.87925639906   1170.66996071609   1168.38133861808   1168.98066324417   1168.43274233388   1176.13282867346
 0.9896472185  0.9896515929   1164.87925639906   1171.38426796975   1171.09547542765    1177.5363352018   1167.45058537241    1170.9733854122
#[time: 0.99]
 0.9905148389  0.9905162072   1175.15678416963   1171.38426796975    1168.4315901732   1169.72115123919   1170.95311334609   1173.29986873611
 0.9908095503  0.9908169608   1175.15678416963   1176.05331090386   1170.09531371636   1175.65435894193   1171.11882749818   1170.70798052636
 0.9924953555   0.992497528   1170.62084100672   1176.05331090386   1178.04843175282   1178.28447506631    1171.1996213248   1170.09478020231
 0.9962431658  0.9962506344   1170.62084100672   1174.33634643039   1178.44430599845   1182.60015407692   1173.26142380582   1175.97379320159
 0.9983943786  0.9984027023   1170.62084100672   1171.51737198732   1173.64553104468   1174.02525008535   1162.83443568953   1163.00323508877
  0.999472984  0.9994797159   1170.62084100672    1168.9182058809    1167.0999583942   1174.30980274414   1180.50523336307   1177.76079568274
 0.9997927292   0.999796146   1170.62084100672    1194.3613302876    1168.7741100899   1173.79129628047   1178.59223464936   1189.91443457838
