# command line: ./generate_stepping_data --k_b 5000000.0 --k_ub 100.0 --cb 0.1 --cm 0.4 --ct 0.2 --ls 10.49 --lt 23.8 --eqb 120 --eqmpre 200 --eqmpost 224 --eqt 0 --dt 1e-10 --label paramSearch-lowwkb --seed 1.0 --runtime 1.0 --framerate 1e-10 --nomovie --exp-unbinding-constant -2.0



#********paramSearch-lowwkb__k_b-5e+06,k_ub-100,c--2,cb-0.1,cm-0.4,ct-0.2,ls-10.49,lt-23.8,seed-1,dt-1e-10********
#time_unbind, time_bind, nbx_bind, fbx_bind, nmx_unbind, fmx_unbind, nmx_bind, fmx_bind
#[time: 0]
 0.0009828643  0.0021644427   2.49715854099206   3.77724600596599   2.33892461622228   2.62245019488067   2.29415331369788   2.08188095579383
 0.0038233866  0.0039230783   2.49715854099206   9.13062741309041   4.40563216344671    4.6327064580386   5.81149255787076   5.73123303994493
 0.0042300692   0.004280566   2.49715854099206  0.776987153141429   8.50357785907632   11.6219128862054  -3.09676396174646  -1.32857937377527
 0.0059370536   0.006367447   2.49715854099206   4.48703687198627   4.65481946963217   4.17410843046982 0.0421102971095388 -0.705642281162974
 0.0068407033  0.0075136114   5.02697014862581   4.48703687198627   6.46893170954036   7.33478259262903   14.4971580330339   11.8243820033767
 0.0083588169  0.0083787224   5.02806220847588   4.48703687198627   8.29145253205764    8.0141706094834  -1.43626377865562 -0.986526627853071
#[time: 0.01]
 0.0098095109  0.0102673659   5.48607008776091   4.48703687198627   8.88524030425528   8.59998589220559  0.322866760848828   1.88530640069305
 0.0117588278  0.0128448206   5.48607008776091    4.1023325966022   8.25279655324917   7.84249712536924    13.280323078512   10.9608427302303
 0.0133261548  0.0139869853   5.48607008776091   7.22643127968382    2.4962115998918   5.15819991258312   7.79905859558792   8.15209290885879
 0.0163124561  0.0170201885     23.25890433613   7.22643127968382   7.84487958177006   8.17928110603488   18.0497711320478   14.7422643466031
 0.0174223385  0.0177461178 -0.432407221641843   7.22643127968382   28.7360579688992    14.240157073437  -2.08321342092569  -2.74307062893111
  0.018444106  0.0197865069   10.6963606920466   7.22643127968382   6.22816593464218    10.655156102086   1.82327437643283   2.89355768484927
#[time: 0.02]
 0.0223262204  0.0225487029   10.6963606920466   15.0333104464731    6.7134370326695   9.37206991131641   9.55544754977647   8.19957872393446
 0.0236975241   0.024607599   18.4155496670086   15.0333104464731   15.0152621913744   17.2125168826418   9.83727102922431    9.5316051788028
 0.0253595665  0.0257934772   18.4155496670086   17.1109988472133   22.7476540779773   20.9099737235239   14.0728037225373   14.0435644504733
 0.0275771286   0.029101301   18.4155496670086   26.4546650700257   22.6313173920687   21.1976148463007    18.177950078808   17.6961007235569
#[time: 0.03]
 0.0298159021  0.0302903471   30.9744925184967   26.4546650700257   24.9501460648926   29.0455316989141   20.6256903849265   19.8375142935514
 0.0312601877  0.0320458294   30.9744925184967   28.8332225688813   30.7003995743999   29.6315001105031    41.150754595054   36.8942747068922
 0.0324863021  0.0329503083   18.3158225936862   28.8332225688813   35.9682290989737   34.8419396546699   23.8490930304611   36.7937431540396
 0.0333594882  0.0333820756   18.3158225936862   16.5892726456207   22.1606486241625   26.8647776208357   12.0120809059021   12.4693148235198
 0.0334986034  0.0341794051   18.3158225936862   15.5518625509588   24.9791577262767   23.6518928220187   14.5763484962148   15.5391318667301
 0.0357101676  0.0359304254   18.3158225936862   23.0195799850516    20.608766307055   19.2679623071464   18.7825187601293   23.1985209925423
#[time: 0.04]
 0.0403664867  0.0421409915   13.9387836607981   23.0195799850516   22.0928897779111   23.3112583635595   15.6438868452723   22.9153846210299
 0.0431509462  0.0444812464   13.9387836607981   15.6126503557199   14.5376786253113   31.8686666048652   12.9912770262719   12.5438796506317
 0.0484539202   0.049426673   13.9387836607981   19.2491389991276   18.9448674638656   19.5507594588942   7.96419789490023   9.13643488123578
 0.0494882839  0.0495520478   23.2129611017445   19.2491389991276   19.5463396182025   21.3875665520578   24.2780795958591   22.9689918635812
#[time: 0.05]
 0.0496434408  0.0505488413   23.2129611017445   27.9630859491524   25.6420875974294   23.8434392145739   18.0715318849763   18.5110642730749
 0.0506155011  0.0507544841   35.7165283500342   27.9630859491524   29.9119337448818   31.9693248389538   30.6609202486663   32.5012292656026
 0.0513361864  0.0513782465   35.7165283500342   43.4484255019804    37.975667179093   34.3087516082315   36.1599005571716   43.2298741802806
 0.0519836245   0.052716774   44.0909288999493   43.4484255019804   39.5693310791916   37.0763405779501   36.8380786147036   39.1954389593906
 0.0528113711  0.0528462658   33.8721484492876   43.4484255019804   46.1588058285764   45.9051512420363   40.8246507640596   49.3286256315836
 0.0543242489  0.0555017513   40.9955945622434   43.4484255019804   43.1990373891994   47.5001020446523   44.5169614027714   50.5947242952322
 0.0572127232  0.0576303293   40.9955945622434   43.7405472970474    47.598510135015     48.77827347839   33.7376007769707   33.2924264611657
#[time: 0.06]
 0.0598339467  0.0615294585   39.8493753362953   43.7405472970474   43.7844869076169   45.4645782269718    40.177670525795   36.2834887720503
 0.0623910817  0.0624275119   41.1133584011603   43.7405472970474   43.8188668645543   46.8360143086346   42.8173384843993   42.9100911697292
 0.0640582109  0.0644558127   47.4796642256254   43.7405472970474   45.5114814286903    46.825244377949   46.7185656104284   46.2855595638274
 0.0644968074  0.0644986731   47.4796642256254   48.5326839230951   49.9925754013572    48.013255618754   50.0627189448031   48.2065502628996
#[time: 0.07]
#[time: 0.08]
 0.0822745353  0.0825403076   66.2253428721759   48.5326839230951   48.9360595982425   49.0315199258584   58.7359156204323   56.6502196619393
 0.0826076893  0.0843014054   66.2253428721759   70.3034364371125   69.6676959035223   57.2223896148316   63.6578608295981   62.3717191052633
 0.0844088883  0.0854075799   66.5963242775852   70.3034364371125   68.4514110112741   68.6786195248882    71.503097784034   72.4824783279237
 0.0868113037  0.0879841393   73.7900043126267   70.3034364371125   68.5848980115968   68.7271370366578   63.5435796926797   64.2121457229211
  0.089164988  0.0899965934   73.7900043126267   75.1168634974382   73.6928376226754   70.4215248134367    73.013180943723   77.7390197022722
#[time: 0.09]
 0.0902696508  0.0908153626   73.9320698910477   75.1168634974382   74.7095912430404   74.7300087639786   66.4397758281007   65.8532840908086
  0.091963463  0.0920470139   77.3118586485474   75.1168634974382   77.6685996951455   77.8685475918176   67.8666353351832   67.7228465006284
 0.0928390013   0.093026769   81.0551132660798   75.1168634974382   78.3675118339507   78.0167374176732   74.4830286249492   75.7508814211933
 0.0949668373  0.0950263852   73.9694148763282   75.1168634974382   82.6609784068821   79.7790476585261   68.2185303464066   66.7132301012878
 0.0958274262  0.0961001286   73.9694148763282   70.3239008139567   77.4645266188946   77.7651746134539   75.4603970232331   73.6478192144864
 0.0970902248  0.0973386769   73.9694148763282   69.3479533200576   75.1442645769788   74.3929786374306   80.9064714839074   74.7815976340455
 0.0978472861   0.099930347   65.8680202147396   69.3479533200576   80.0088318796576   76.1318361811245   67.6269946924159   68.3017716043678
#[time: 0.1]
 0.1025789548  0.1027508849   65.8680202147396    52.435884068794   69.2613873299032   71.3472618017218   65.7875367051587   60.0062257178259
 0.1048941267  0.1050951238   65.8680202147396    32.093970333127   60.7254506703635   59.5296630961195   68.1894793378507   38.3081199831197
 0.1051857175  0.1056977844   65.8680202147396   71.9882438226833   71.5949380158596   42.5254152506305   69.1833265608126   65.3836463886068
 0.1064280298  0.1076118299   75.7267062256557   71.9882438226833    71.629783128658   74.8042429472997   82.7095074525443   77.9593977158476
#[time: 0.11]
 0.1098488687  0.1101603075   70.4191882622619   71.9882438226833   79.4093385087232   77.3877695874154   76.0453705413179   77.0563539294918
  0.112097535  0.1124193016   70.4191882622619   64.0946866474988   73.9610547789227   74.1567008399779   68.5277588152645   67.9330659824806
 0.1126057289  0.1134688108   70.4191882622619   63.6263085043232   72.0472763667791   68.3865947733354   73.3591564818941   68.1730263344347
 0.1139277894  0.1143155951   70.4191882622619   71.9368357137725    78.060058119135   71.6032619374057    70.137346936468    69.606473328175
 0.1149744971  0.1150601357   70.7689186119951   71.9368357137725   77.6110798443464   78.5124274608332   75.9459503645005   76.7075471414372
 0.1185668304  0.1189307869   70.7689186119951   71.5059339809527   74.3720548747113   74.7184272926205   64.6268484845069   61.8562395126579
 0.1197694982  0.1197897938   70.7689186119951   75.7740220354653    76.937172454766   77.6094107535188   72.7232029369424   71.2812656324188
#[time: 0.12]
 0.1214766114  0.1229372691    75.207104616102   75.7740220354653   76.1970552745021   78.3204888475867   66.9730683217765   66.8735154621226
 0.1238065935  0.1243441488   80.5328467282168   75.7740220354653   76.6192814837491   76.7546961730987    76.855287522402   72.5656052769714
 0.1259980883   0.127450141   80.5328467282168   84.4188151330607   79.1078172865821   78.5990021818051   82.5343781658346   79.1993932566077
 0.1280412185   0.128371991   83.6423393987622   84.4188151330607   85.3373269555088   87.8218596978315    79.529714114533   84.7811169308833
#[time: 0.13]
 0.1305295868   0.130896704   83.6423393987622   85.0537513423648   88.6774703014834   89.3392835777603   76.2704913675745   74.9859027885611
  0.131659527  0.1328227298   83.6423393987622   84.6036317385558   88.2907213333312   88.8703174105307   83.8317382043613   81.3666255475483
 0.1362278011  0.1363678275   87.4799231181465   84.6036317385558   88.1560945242857   88.9049645294649   81.9700959413871    82.618257614834
  0.138364541  0.1387799736   87.4799231181465   86.9739523547396   86.3555083537355   86.2051889577313   85.6011101951349   85.7774408598252
#[time: 0.14]
 0.1394098356  0.1403664255   87.4799231181465   86.1575801591694   92.6036872007492   92.4291891111394   91.3529428109469     89.43800652456
 0.1410144895  0.1411622236   73.9971237423882   86.1575801591694    91.684383408655   91.1730281455235   81.6841347846757   90.8541475131216
 0.1412364529   0.141799259   87.5059653822363   86.1575801591694   80.3821998821115    87.276907043186   91.5819241749085    90.852982066749
 0.1419571346  0.1424810385   87.5059653822363   91.4904336162574   91.0280409864489   90.6135741100357   80.1272338186944   81.0269911373371
  0.144741738  0.1453218894   87.5059653822363   90.6588377648088   91.8801032749907   93.8510379309004   86.8007937107687   86.2555017460601
 0.1455034001   0.145544642    86.210380007954   90.6588377648088   93.4430364128062   95.0139228988719    92.638660999882   98.3372955871932
#[time: 0.15]
 0.1508505303  0.1528686762   88.9804273687161   90.6588377648088   86.7500454044365   91.2736853333237   94.1960727361415   98.2679931984544
 0.1530616007  0.1533802506   94.7900413234119   90.6588377648088    94.390803234783   95.0527100446609    86.534906324358   86.8460058667033
 0.1552642891  0.1555652432   92.2634509483659   90.6588377648088   98.2786986342554   97.0246752820864   81.9266177542272   82.0775551833465
 0.1557933974  0.1558938594   92.2634509483659   96.3745939133194   97.2547061924878    96.298667402015   87.9679751745378   85.9258451723584
 0.1562290001  0.1565112541   91.5412606197209   96.3745939133194   100.142176729201   102.919108520918   95.8295709525567   97.8273328292996
 0.1566085274    0.15737962   91.5412606197209   93.1001754187774   93.6987355000897   93.5218616809258   87.6698195472038   87.3390845520143
 0.1578102228  0.1582180134   91.5412606197209   93.8374338741888   90.8141109625384   94.0604601315406   91.3319813165974   88.9582031915066
#[time: 0.16]
 0.1588490053  0.1600481477   106.118193109129   93.8374338741888   95.3650464190614   96.5795275024181   102.808797831445   100.526584807787
 0.1607631092   0.161064094   106.118193109129    108.59464478329   102.461562764392    100.33679637591   99.9331104996753    99.753604149652
 0.1611237007  0.1616992119   107.216080203938    108.59464478329   113.870062410698   115.133287576131   101.100471692862   100.389997461494
 0.1618087732   0.162482473   107.216080203938   113.885851283289   110.278275264614   111.145443741581   108.766767801107   108.797283689534
 0.1642218099  0.1645015048   121.525666964222   113.885851283289   111.141501258159   112.251291159801   124.083610388235    115.94062005011
 0.1662813687  0.1668309345   121.525666964222   116.053538590332   121.395044950157   118.796642314688   124.315605244456   119.468083797115
  0.168540427  0.1688065665   121.525666964222   118.829245522573   121.864608349609   119.857434360201   122.713419690089   113.157973178783
#[time: 0.17]
 0.1697542912  0.1701121003   121.525666964222   133.498896215973    122.04681439697   121.486992645104   124.467126320971   132.862039329098
 0.1702063371  0.1706885715   134.208415223052   133.498896215973   131.189696346831   135.593834491557   129.819314476557   130.322925169073
 0.1711120993  0.1719308459   121.779193753219   133.498896215973   136.539400691144   136.254234363586   123.828526212318    137.04606327058
 0.1735247732  0.1735997237    128.55497957811   133.498896215973   130.431672704957   139.368031581261   135.759364031747   140.413451669268
  0.174721331  0.1760266772    128.55497957811   130.916326620184   133.750773815526   135.628911484555   122.643214763376   122.413593038405
 0.1782338528  0.1794002351   140.977056760981   130.916326620184   131.229485970419   131.495654341685   143.447175162381   137.692888427489
#[time: 0.18]
 0.1813763852  0.1814190001   140.977056760981    144.63177336885   146.621797672485   140.040522254092   140.529754954466   135.283715839044
 0.1819094518   0.182756852   140.977056760981   151.065128336046   146.188668372958   148.062091777001   146.902086971166   153.045712015174
 0.1834912854  0.1837865856   140.977056760981   146.633561065397   150.133507567912   157.902106221962   143.872155197275   146.018062811817
 0.1840425145  0.1847716561   143.505333050546   146.633561065397   145.301558623142   146.095992383606   145.335674081955   145.431359310266
 0.1871281632  0.1875523566   143.505333050546   134.409459745006   146.627165038525   147.192340286446    142.59574293154    139.17824412461
 0.1879032073  0.1879800188   143.505333050546    147.88743153386   137.743733687708   139.271517715019   146.017163222644   148.040189437271
 0.1882608039  0.1883723485   153.283883413916    147.88743153386   149.435942290126   151.337670850804   145.122521690733   147.030486039885
 0.1884184658  0.1890883452   153.283883413916   150.547631518362   157.731022683487   148.742066373721   151.971385037306   150.812543048063
#[time: 0.19]
 0.1905848377  0.1940501334    133.37950148767   150.547631518362   159.752676954729    157.54631935248   135.852897928085   149.697941511804
 0.1945797794  0.1949831219    133.37950148767   135.574806391725   134.914402857464   150.656240739255   127.004285100151   127.050951917937
 0.1951600943   0.195294676   140.392308079404   135.574806391725   140.353260002019    142.01276375817   137.213151294156   137.377455608569
 0.1953570406  0.1955684221   140.392308079404   142.320998166298   142.288163184641   139.806576169581   138.227383805447   134.440374788085
#[time: 0.2]
 0.1995289923  0.2008177503   152.983268580184   142.320998166298   145.869092152561   139.412857480934   151.059904963511   146.912856218736
 0.2021104011  0.2021901985   152.983268580184   154.608305456304   152.899795114711   148.403733565303   151.070641624048   150.442029660597
 0.2031860188  0.2032017092   152.983268580184   150.979061158186   156.874151369852    157.40323628248   145.141104627389   144.899372921213
 0.2088439488  0.2099908602   152.983268580184   157.622104521915   154.900579357375   153.895048623074   157.963379900803   161.232516108561
#[time: 0.21]
  0.213953901  0.2142517293   160.934262519098   157.622104521915    157.93783837194   159.407332026246   170.136754156013   164.201918363459
 0.2145503719   0.214571487   160.934262519098   175.183955191952   160.891600820577   160.520684346999   168.126233747633   180.358623380505
 0.2152296134  0.2156105345   179.655186264512   175.183955191952   167.312311794735     174.8393042526   169.893589699321   170.503179578046
 0.2162152375  0.2162669118   179.655186264512   173.720758043479   180.762807011764   179.293030763394   171.126254864903   173.834199467322
   0.21760865  0.2179671642   179.655186264512   176.578308685492   178.016497360317   177.175965759452   180.539468715526   179.063588281951
#[time: 0.22]
 0.2222792066  0.2226368323   179.655186264512    180.35827337594   181.614353290035     180.2227341685   180.494964236456   180.520741319251
 0.2236535176  0.2241683373   179.655186264512   183.791452460674   185.010488471599   185.467939110648   176.869825296506   174.053151055681
 0.2245625118  0.2247126487   179.655186264512   181.482462641408   186.429997008161   189.182343217716   178.237779685868   177.765604958394
 0.2247956771  0.2253024751     182.2441899629   181.482462641408    182.97699265566   183.172934207359   181.337705294537    176.12467713857
 0.2280112529  0.2299206855   194.256105872134   181.482462641408   183.557294074799    183.31266691411   194.262790933547   183.276035629656
#[time: 0.23]
 0.2324695096  0.2326014564   194.256105872134   200.313595050316   198.624960169352   189.141921462182   195.470846356122   193.874711324197
 0.2328071947  0.2331183691   202.629305549449   200.313595050316   199.981756865735   202.737409895536   193.168203579778   192.887229958438
 0.2333363984  0.2336089171   202.629305549449   190.737752589113   204.788408015069   203.275694231375   202.811092831725   193.373763246317
 0.2350852709  0.2355692106   202.629305549449   205.927067890886   206.865397210751   198.500641586226   196.645103872587   197.275970906698
#[time: 0.24]
 0.2402648135    0.24058142   204.671943492849   205.927067890886   205.666536350291   206.767273006467   198.568838751935   196.485843067543
 0.2406564158  0.2408366859   204.671943492849   202.902479902497   208.391606134089    209.07350965243    212.66827517989   209.668785460895
 0.2418189436   0.242622661   204.671943492849   202.025589618186   207.554516746843   207.059801707634   214.618799076698   211.733538555647
 0.2429089208  0.2434483667   204.671943492849   212.852880756443   205.883908660437   204.864284893508   205.616360374356     205.1295046284
 0.2445177769  0.2446370614   210.505819165139   212.852880756443   209.767225003267   213.500045006956   200.094171011729   205.402455746628
 0.2448621548  0.2450419446   216.877076365379   212.852880756443   213.976212932735    214.92461561068   206.839863216252   207.827349827214
 0.2456987517   0.246565028   212.210925730381   212.852880756443   218.856290229923   217.260713296685   219.885687587089   216.031765275286
 0.2480423119   0.248608921   215.954682266169   212.852880756443   217.467443909234   217.869057500742   209.442329917837    210.50212506678
#[time: 0.25]
 0.2496264777  0.2505766035   185.534039574805   212.852880756443   214.670785141586   214.529961922452    194.59411202856   212.685448136149
 0.2515310181  0.2520886733   215.137981719708   212.852880756443   191.184364460569   211.662154210632   204.959547951872   207.507666891828
 0.2531050807  0.2532221571   215.137981719708   218.119599002612   219.020923000107   218.173948847724   209.167832123244   207.681833745587
 0.2564695055  0.2566594075    220.16550173423   218.119599002612   219.255004726901   219.501717416773   219.223983000566   218.932661320928
 0.2570322737  0.2578385725    220.16550173423     220.6693427123    225.65977121979   224.464577152209   229.994282895273   230.762484989299
 0.2587659363  0.2594118007   221.262496797254     220.6693427123   226.318564105051   226.562661653123   214.067584756624   213.936255042689
#[time: 0.26]
 0.2643718909  0.2645908225   224.816831336531     220.6693427123   219.150496618604   219.602721401486   235.025111289458   229.873966365882
 0.2684133292  0.2693365381   224.816831336531   228.418931334648   229.422509871195   227.160543251129   229.847687246751   232.339737998128
#[time: 0.27]
 0.2714363816  0.2719364851   230.308376691578   228.418931334648   231.101714518812   232.942562489575   227.644675088157   228.253868708447
 0.2729556547  0.2739113448   222.092832091069   228.418931334648   235.427960433424   234.567402601435   218.185889748184   229.006275771876
 0.2739400977  0.2739839859   233.870693666666   228.418931334648   225.817386151257   229.068395455959   242.389846836715   237.067579456472
 0.2748144047  0.2751619382   223.818916058684   228.418931334648   235.283305868788   233.425815859835    222.96573427989   231.867443768734
 0.2775374537  0.2780541024   233.667278201727   228.418931334648   223.730462319419   228.468909211277   223.193882266263   222.816400292825
 0.2783179565  0.2786531649   233.467019957059   228.418931334648   234.220090031777   233.259890792081    231.61753680247     228.6711179866
#[time: 0.28]
 0.2855090833  0.2865185398   227.909498634386   228.418931334648   237.886936545032   234.557661184834   227.376454512751   228.591370736783
  0.289156634  0.2898100977   227.909498634386   235.529218192272   230.474548920051   230.734228126889    232.37167635381   235.971828905891
#[time: 0.29]
  0.290475541  0.2905541736   234.781554959027   235.529218192272   233.544471108101   236.958326805024    229.50694884158   228.626153280455
 0.2913877001  0.2915196024   237.474826167509   235.529218192272   237.445630638679   237.589482296121   234.464828281793   234.770471732707
 0.2939581684   0.294030878   237.474826167509   232.321530880949   238.910905278386   238.481604024654   234.447171906532   234.633300533549
  0.294226491   0.294233655   237.474826167509   238.563444324346   233.721587415242   234.315070202378   229.694574171877   229.937337229717
 0.2959651645  0.2960908144    241.27147375478   238.563444324346   245.045291625823   245.770088267789   236.435208216264   238.150074310916
 0.2989825251  0.2994363163   239.643806282632   238.563444324346   246.546768532437   244.729543818632   231.863124041291   231.929087079914
 0.2997154446   0.299889394   239.643806282632   238.144727927766   244.607945171929   244.226081340594   234.325493927352   235.389739245543
#[time: 0.3]
 0.3004345243  0.3005124777   239.532812632424   238.144727927766   242.892246240399    237.40150405421    236.33085306285   236.439425429151
 0.3026931836  0.3032390794   239.532812632424   240.696379434724   244.832520124879   243.757913493257   230.824000215106   230.811123186717
 0.3073192111  0.3077249987   253.983040322247   240.696379434724   243.711835321859   243.966952583001   256.471761097007   243.109073735281
 0.3084871038  0.3086312717   253.983040322247   255.520115153183   256.597994283254   248.078587815185   259.655964203001    262.82765628365
#[time: 0.31]
 0.3107599029   0.311555548   260.542056276662   255.520115153183   258.417123734963   258.926823352019   262.458043773915   260.910281770287
 0.3134722948  0.3141206203   260.542056276662   257.585832687298   263.154658040745   260.580592210084   253.147802011112   254.178469280036
 0.3144010208  0.3145659846   260.542056276662    262.21862754329   261.314292557478   259.141529497401   261.981682344663   262.293720442369
 0.3189667679  0.3189693755   260.542056276662   256.762360990313   257.276044172676   264.954799139379    269.46179483548   263.758298000816
 0.3191532828  0.3195529414   260.542056276662   262.184296267679   264.051740602752   262.048650015402   252.596097521904   251.697136921969
#[time: 0.32]
 0.3250451532  0.3250532066    263.06398044179   262.184296267679   262.306571102051   262.571745989118   258.134196097267   253.185380022195
 0.3278848238  0.3283006123    263.06398044179   270.494705783129   264.288731536611   263.993370183306   267.248292599563   265.661789884519
#[time: 0.33]
 0.3300735805  0.3315156004    271.80341077115   270.494705783129   268.717729405613   272.502606327342   262.697777126014   263.533449571174
 0.3335764694  0.3342847631    271.80341077115   271.047389654407   273.935278661764   273.614785040013   268.959633465018   269.168385833551
 0.3359735038  0.3364266923    271.80341077115   276.056762733262   273.880781786319   273.553970574315    281.86229991198   286.395167404544
 0.3366169692  0.3366491738    271.80341077115   278.446907707745   277.583585209799    279.78032499647   271.144846210019   269.833154338981
 0.3376186207  0.3392899277   279.320801542017   278.446907707745   276.996364379013   282.427985478683    269.62965754608    269.87982143942
#[time: 0.34]
 0.3422064453  0.3429340067   281.422794872979   278.446907707745   286.111709681505   285.606695146616   282.022685707428   280.410899708998
  0.345548303  0.3463777807   281.422794872979   283.752446414393   285.309425020879   283.507665401693   278.186740317054   275.160104109102
 0.3487373612  0.3492304963   281.422794872979   285.742726320103     285.5379474171   286.186691020293   280.451466490564    279.74881762018
#[time: 0.35]
 0.3498439545   0.350392435   291.360661253034   285.742726320103   285.308956282921    286.62382748655   285.773009473037   287.666521939988
 0.3515540299  0.3517022732   286.303190820254   285.742726320103   295.713800550011   292.890212996405   279.832174672883   279.832822721069
 0.3543322006   0.354587973   286.303190820254   284.263122999844   291.614266840858    291.30204820468   295.868430822936   291.801534097036
 0.3567128431  0.3567171846   279.613371481218   284.263122999844   290.048527976819   288.890520274283   282.357420384228   289.791454824668
 0.3575597752  0.3576836219   279.613371481218   281.495949073673   283.017420159427   284.913202547426   272.365934464771   271.037722554136
#[time: 0.36]
 0.3614421376  0.3616407933   279.613371481218   268.859522036718    285.30317317241   286.548842054542   284.572607644642   276.673366190292
 0.3616598067  0.3623109799   279.613371481218   280.541347357451   277.183631919802   273.848044840309   285.153927220271   286.718747149211
 0.3671052042  0.3684940937   274.812760007098   280.541347357451   281.076503145607    281.28153334315   284.266731331558   290.739621054579
#[time: 0.37]
 0.3713060399  0.3714799021   283.108660535899   280.541347357451   281.032340061069   285.035198810394    280.13183462257   280.887058232442
 0.3743534716  0.3746919048   283.108660535899   284.380126828571   283.971831138228   283.278954974143   281.357357277954   280.894851755948
 0.3780777536  0.3787931771   283.108660535899   285.238315987545   287.323370200316   287.691702597752   276.204676791217   275.680754153906
#[time: 0.38]
 0.3804105306   0.380480388   281.057960623176   285.238315987545   285.648275098714   286.274487890548   287.782474117504   290.195238545885
 0.3851097168  0.3854115968   281.022439539221   285.238315987545   284.173506453506   285.350583852419   285.009931740015   287.177342191774
 0.3855122839   0.386657995   282.286526369069   285.238315987545   283.607125291455    284.14606767041   283.955924357626   289.892324923533
 0.3874956861  0.3879539659   302.780977815217   285.238315987545   285.343003077588   285.866273929026   300.426850303658   289.308715537607
 0.3880686552  0.3887193695   302.780977815217    300.87936583098   297.750138395358   292.634238023149   297.310267498003   297.150483027256
#[time: 0.39]
  0.390603592  0.3911711417   302.780977815217   303.929353813425   306.838390872593   306.299879997967   305.059261782788   298.523195318005
 0.3919895952  0.3920900297   302.780977815217   309.543942321811   306.224007628912   306.595045163438   309.011782246308   316.173553937838
 0.3926983877  0.3931020705   312.121057788832   309.543942321811    312.64087657118    317.48634214646   304.303579527077   304.060299931813
 0.3968371938  0.3971023287   312.121057788832   325.827501148477   315.695944507249   314.665169832623   319.407447234809   323.326778301378
 0.3979205343  0.3986325943   327.229553738597   325.827501148477   318.934369993812   321.726577810435   321.488003567489   322.196830420534
 0.3986592157   0.398662634   332.165769066858   325.827501148477   330.431106963323   329.859075636455   331.482707774931   328.327571419602
 0.3990325337  0.3992387617   332.165769066858   332.741570745112   331.605023107078   329.570880843634   330.146440020576   329.727302926885
#[time: 0.4]
 0.4015016841  0.4017605278    331.93700676139   332.741570745112   336.875119454594   337.122784086197   330.328302574976   330.053113699155
  0.402460817  0.4026017774    331.93700676139   337.756008195627   334.523397598915   334.667868685671   330.993642485078   330.203667419385
  0.402635722  0.4028418631   336.943094338083   337.756008195627   337.550962225143   340.968478633087   330.108505388528   330.126298584504
 0.4030771794  0.4033193146   336.943094338083   346.703383363101   337.576573806498   337.662354141337   342.998098370192   347.997275113479
  0.403751441  0.4038549808   348.013959138566   346.703383363101   341.862985635175     341.3602765128    347.68173051186   347.099114065964
 0.4060317871  0.4061145651   348.013959138566   350.930191639957   349.797991460721   349.512108822452   349.864179921913   351.797079814927
 0.4075997572  0.4079150024   348.013959138566   346.906513479875   353.188336734405   354.065363739888   340.566840985647   341.267379611972
#[time: 0.41]
 0.4094112727  0.4101292145   350.428611762427   346.906513479875   349.345383948211   349.120472191458   340.875481549657   342.685733191815
 0.4109711939  0.4111693739   330.188437664778   346.906513479875   351.618025520585   349.317746924132   339.414080316231   350.677796895191
  0.411409378  0.4118381742   353.448978897128   346.906513479875   338.602149915924   342.368983409245   346.644720199981   348.966659940505
 0.4121737816   0.412415031   353.448978897128   346.344147165018   357.953885624035   353.447443160536   362.322447340903   352.155171012957
 0.4158898871  0.4158960741   353.448978897128   354.496310300607   350.754698884846   350.153757238919   359.145976307518   361.337248265994
 0.4160334485   0.417084365   353.729436374777   354.496310300607   358.305508278938   358.809136759513   346.963384595691    346.90345260195
#[time: 0.42]
 0.4210249253  0.4213367686   366.195011665999   354.496310300607   357.401260313743   357.615990967083   374.242402947485    363.07654118807
 0.4224511537  0.4225971498   366.195011665999   361.646659868275   367.923908961093   360.855739412566   374.745577161104   369.141214214673
 0.4249946745  0.4256312428   366.195011665999   373.964230823408   368.134418602291   366.658240023429   368.462128948396   366.730764166316
 0.4259310418  0.4266617075   379.633482707313   373.964230823408   371.153716047934   374.112472101208   369.211908086809   372.816347305564
 0.4267157005  0.4282020715   375.014296516882   373.964230823408   382.510730442821   380.234942076162   370.881199369341   375.120315362339
#[time: 0.43]
 0.4296642036  0.4330345536   375.014296516882    365.59260446667   378.695911082639   378.334225613195   374.340950577532   364.972769825011
 0.4333433856  0.4334524769   375.014296516882   383.906305719443   375.804172179708    372.70306016406   378.575627974385   377.318569906482
  0.434964342  0.4355595982   375.014296516882   376.431444468011   379.004525829606   380.528008896944   367.774669112855   367.555339457103
 0.4358458928  0.4360178073   375.014296516882   373.451259527598   378.128374690586   378.596919135299   372.001189958427   372.327959736422
 0.4370222852    0.43703237   375.014296516882   373.381784055287   375.983641503517   375.570500757922   365.840506508103   366.296745072321
#[time: 0.44]
 0.4449843285  0.4462909071    374.00362515408   373.381784055287    379.50688490329   378.615691555353   378.802361017238   378.434705881354
 0.4482299516  0.4487634519    374.00362515408   374.968751116854   380.191909107306   379.868968028547   368.925600643372   368.381582200007
#[time: 0.45]
 0.4501064604  0.4513647098    374.00362515408   375.915559781398   374.683970261714   374.447584857427   369.863651419217   369.212019581931
  0.452797888  0.4528833232    374.00362515408   369.634929497326   381.230027398852   382.860381127151    379.63062969816   376.494111770854
 0.4530336447  0.4556355715    374.00362515408   368.004194728778   374.832998208702   373.820780728596   381.031740129199   364.277429278505
 0.4566784977  0.4571065044   361.221875647218   368.004194728778   374.172211757564   371.591021422666   366.343202624472   372.665245454868
 0.4585367052  0.4585606294   370.620277568611   368.004194728778   369.277859895366   373.667633923609   366.459672259995   367.007198590787
#[time: 0.46]
 0.4598616026  0.4600899992   370.620277568611   368.406155967077   370.371011811001   369.474117985188   374.715476712946   371.375938698912
 0.4632895182  0.4643075383   370.620277568611   370.003140723995   377.218487765753   375.114653509178   365.733365497636   366.223626861986
  0.468307534  0.4693511531   370.620277568611   372.528663481847   370.823476222023   370.779323804204   365.363836574635   365.318291829433
#[time: 0.47]
#[time: 0.48]
 0.4812028947  0.4824376046   370.702908412177   372.528663481847   373.056380232941   370.492028336443   380.434905753225   382.844745686776
 0.4826896717  0.4830655164   379.668831964961   372.528663481847   372.333154608108   372.467004411981    369.30339403125   368.322041362177
 0.4835015177  0.4838349588   379.668831964961   380.281797277028   380.113995220893   377.581118969307   387.819927047993   388.270064854594
 0.4851611223  0.4865793132   374.509273158723   380.281797277028    381.81119525203   381.920876330696   380.168732320945   381.230738316835
 0.4878935978  0.4880936038   374.509273158723       377.25183993   378.894510899905   381.151634848517   370.054134578958   367.175843509238
#[time: 0.49]
 0.4901554672  0.4906704222   374.509273158723   376.104032704622   382.485744182281   385.091173086055   369.188121367313   366.199844373238
 0.4950777953  0.4955218993   371.259577344102   376.104032704622   384.318071206763   385.479621114468   374.094608944908   375.024772070894
#[time: 0.5]
 0.5003408848   0.500410226   371.259577344102   371.928504088754   377.044001210039   379.603319586632    362.38512211918    362.51170730489
  0.501073078  0.5011538139   371.259577344102    367.10042593382   375.889827488093    376.30401439634   362.857247295259   362.940600316269
 0.5012244801  0.5016481298    368.78608105568    367.10042593382   372.758989391888   370.950197064514   360.037739013518   359.878714720435
 0.5073427342  0.5076387352    368.78608105568   355.927248621326   371.765825487189   371.217141163496   373.486091448062   361.740098009299
 0.5078644417  0.5080515612    368.78608105568   370.091270433947   371.927049611228   362.576220668844   362.067898228437   361.703420279611
#[time: 0.51]
 0.5124178531  0.5138143017   378.001359022452   370.091270433947   371.747147765152   372.364506066036   385.493518883187   376.872736180029
 0.5151274728  0.5154526983   378.001359022452   379.473281320194   380.004891603688   375.256169594581   377.179354101488   376.542748038026
 0.5183738494  0.5187645186   378.001359022452   379.952877002711   381.246279221115   381.603674299665   378.298852772114   377.323492494047
#[time: 0.52]
 0.5206276898  0.5209237915   378.001359022452   373.151893357946   382.426525448127   383.011114355937   380.444813941865   376.146743565362
 0.5217697934  0.5218119297   378.001359022452   381.633647988073   379.733317705571    377.32800324827   377.544935330842   376.646108165464
 0.5234673731  0.5235712544   388.457962549215   381.633647988073   380.314762290929    380.58685765054   378.526566814166   379.147837630529
 0.5244064373  0.5249531699   388.457962549215   389.255045000012   389.239382955896    386.78511688807   379.595780746307    379.08319309134
 0.5263421254  0.5266591193   388.457962549215   392.557503285994   393.184869616998   393.615524565153    383.03725941263   382.536935632624
 0.5276408893  0.5276658203   395.256264898396   392.557503285994   392.726239538185   394.455833481839   385.394174695982   385.521496630165
 0.5279682798  0.5288404697   395.256264898396   398.036846702326   397.113372654798    394.69251752058   394.398775131878    397.52574857414
 0.5290645208   0.529279633   395.256264898396   400.165783085981   402.067855864195   404.071451370389   400.840431342925   391.583333645137
#[time: 0.53]
 0.5307761354  0.5311597378   395.256264898396   399.073739600526    399.28494966877   401.472753710612    390.07071917205   389.665627436858
 0.5326881821   0.532769256   406.823215765363   399.073739600526   398.284164640428   398.532433935933   399.099275490645   402.051539072405
 0.5328766901  0.5337470132   406.823215765363    410.98725203868   408.463949845104   404.570941257667   403.841065370968   414.550679414709
 0.5349665843  0.5352567266   409.899771901251    410.98725203868   410.574446862395   411.619766462475   401.849617570257   401.944445812924
 0.5354313479  0.5357999157   411.967823176082    410.98725203868   415.627632628686   416.043077614393   402.624723898702    402.70972395893
 0.5389853033  0.5394517563   413.709185190067    410.98725203868   410.019560975115   412.212707957085    410.48628816656   411.219647629746
#[time: 0.54]
 0.5396000751  0.5411554774    416.93016184956    410.98725203868    415.03685247219   414.087938741426   417.186052788705   413.993961751681
 0.5417276786  0.5418131902    416.93016184956   421.771792948238   418.569270418269   416.444134659218   421.113604526524   424.032430341123
 0.5435350567  0.5440578805   425.927650075769   421.771792948238   421.078547334919   422.449229517211   420.767130587263   421.457412896911
 0.5450290231  0.5452651452    423.77880457964   421.771792948238   428.256312015409   426.119606585145   415.422503234341    417.45764141235
 0.5478551487  0.5479401228   423.045865293225   421.771792948238   428.614249124542   427.744167980376   414.701655352901   414.837929402136
 0.5484822741  0.5486862514   420.625590532221   421.771792948238   422.244929812334   420.498036403165   417.072610799669   415.059488556029
#[time: 0.55]
 0.5505376765  0.5513173541   420.597296019204   421.771792948238   424.776229797102    425.43564001624    418.21620370089   417.909524273565
 0.5517077182  0.5521246036   420.597296019204   433.361411602302   423.478738768964   423.689858403459   428.751561618831   441.930564052455
 0.5523788629   0.552462769   438.370950016644   433.361411602302   430.211841630805   440.119268209678   439.030081687356   429.362851800446
 0.5549297223  0.5554261482   439.785597165973   433.361411602302   443.443717588397   439.187425713364   432.224721349377   432.763275334288
 0.5562179239  0.5564311517   432.486507870022   433.361411602302   443.171209738663   439.804233763844   425.707949927495   425.597373456613
 0.5564903671  0.5578445545   442.920239223377   433.361411602302   435.757664516906   435.940385582083   443.062099282147   440.708604239994
 0.5587821561  0.5588493345   442.319039448532   433.361411602302    442.55610999108   439.885564273065   435.740544194146   437.395836676245
 0.5594659919  0.5594792688   436.631966608128   433.361411602302   442.659305397324   437.900819209222   426.295671853479   427.855419591945
#[time: 0.56]
 0.5612530012  0.5614873121   436.631966608128   438.704468579732   437.660560639457   437.077593210142   428.625339133395   428.804132160085
  0.563037713  0.5632964586   439.267766510033   438.704468579732   437.478453501078   437.422290993562   430.987395138924   431.003147135014
  0.565050486  0.5655329948   439.267766510033   438.662455482669   444.146054486442   443.897521994168   428.855093983454   428.705373607744
 0.5656958329  0.5662741791    444.29755826396   438.662455482669   443.773181052538   443.613994098034   440.975419260416   441.948345807273
#[time: 0.57]
 0.5705708206  0.5707915213    444.29755826396   443.230836790649   445.224702915252    442.13602512188   443.803174727297   443.799866630378
 0.5715006115  0.5716019932   442.231236316314   443.230836790649   446.323859755996   446.010925929106   434.335235822053   433.554002205863
 0.5718693242  0.5725361512   442.231236316314    445.68362553852   446.719796108158   447.109429238946   437.658087643292   437.765795671616
  0.577128642  0.5772422003   442.231236316314   438.627712368945   448.123363677292   450.250169787537   446.998358047611   444.092364172638
#[time: 0.58]
 0.5801293753  0.5806456953   442.231236316314   445.576649563517   440.937223655642   440.623572919082   438.715033724942   439.072598910114
 0.5823719484   0.582557305   442.231236316314   443.028557020323    445.37278399607   446.691036145027   439.826754690435    439.60137117451
 0.5827896311  0.5837678495   440.508096841205   443.028557020323   448.327896086348   448.766192975206   446.073975493394   448.083606335621
 0.5839154286  0.5841029487   444.603318663952   443.028557020323   444.794794709818   446.101178935112   435.352632631051   435.052424761451
 0.5873548564  0.5874314904   444.603318663952   447.264004402349   444.394123007283   444.260991443451   436.474371082433   436.988593133267
#[time: 0.59]
 0.5893906662  0.5910936356   444.603318663952   447.814980307202   451.453178202626   452.755198576214   440.698899211325   437.987987182638
 0.5921976229  0.5925649406   446.992300461543   447.814980307202   449.447344074648   450.231789825897   439.518984450157   438.788199495322
 0.5937703899  0.5940765712   455.384140381779   447.814980307202   450.410438557488    450.75274559433   449.431586860934   450.000634240562
 0.5953062121  0.5953317266   455.384140381779   457.086921003395   455.740827801714   453.253935707611   450.874852450279   446.647607224274
 0.5955261349  0.5961483469   459.702732438865   457.086921003395    462.32392162327   463.300351386016   450.884151267919   452.236961470736
 0.5968812424   0.598891928   459.702732438865   463.369026593772    461.38832609316   460.242345433868   456.088291360707   453.035340548445
#[time: 0.6]
 0.6024984227   0.603383502   435.768466269409   463.369026593772   466.478851388214    468.33975737979   445.281069255498   461.783274907342
 0.6036860574  0.6039040597   461.174226919909   463.369026593772   442.636501726669   462.118010018234   464.936102846417   467.421096305175
 0.6049766279  0.6057586269   465.909907465644   463.369026593772    462.79562652439   461.757701341817   455.857049739769   455.463269288408
 0.6068459535  0.6076015316   464.731972501214   463.369026593772   473.596326385116   471.840057077744   461.826973727534   462.072010614224
#[time: 0.61]
 0.6139498702   0.614447962   464.731972501214   470.385677409541    463.80519418388   463.695033384496   458.830379932798   459.981337627709
 0.6168336435  0.6173859452   472.750708206721   470.385677409541   467.618171946704   468.032736264252   475.123177352656   472.098411678266
 0.6178684377  0.6184659063   473.284803585448   470.385677409541   475.243629347778   469.893419746488   463.165948040604   463.268853843455
 0.6190461851   0.619448477   472.869456994796   470.385677409541    471.94009293662   471.843195467506   463.840288719085   465.117415639719
#[time: 0.62]
   0.62013707  0.6210561534   472.869456994796   484.631983182052   471.072397113362   471.406478519624   474.521270991555   484.647708543045
 0.6229309814  0.6232357364   483.453402033541   484.631983182052   481.074829804554    485.46828230907   477.246118864956   475.865239371074
 0.6249360156  0.6254400432   483.453402033541   472.404580136779   489.645263170497   490.255595960534   485.094163976549   473.670647167109
 0.6254864919  0.6255654589   479.772326111789   472.404580136779   483.721314277787   479.115437997103   477.471692678076   476.075923842793
 0.6292659496  0.6294854608   479.772326111789   465.453063144508   479.603177602916    476.34230981273   483.473215277419   472.855015694007
#[time: 0.63]
 0.6309814082  0.6310764534   479.772326111789   482.282478938274   480.242644314917   472.288026790661   473.581760719143   473.684623053737
 0.6355755038  0.6361626558   479.772326111789   483.866359623691   481.068144758533   484.005999383787   488.312041069883   493.026687360748
 0.6363029557  0.6363064687   492.188700152882   483.866359623691    486.07172040845   487.798835375207   481.827577474752   486.658324656243
 0.6377599048  0.6386495272   492.188700152882   501.422185175672   499.954243790185   491.455628538624   497.325814989327   499.679427444746
 0.6387721046  0.6393424859    503.00342180681   501.422185175672   498.385892126427    502.27015804975    494.34138936557   494.784562152818
#[time: 0.64]
 0.6397674434  0.6406343603    503.00342180681   506.217641241334    506.32261061618   505.683391863035    501.01440790608    499.53232060359
 0.6430514286   0.643661993    518.41566987368   506.217641241334   507.128498877261    508.58374511526   520.101038473144   513.052566167279
 0.6455770379  0.6489893893    518.41566987368   494.854934470861   517.635591838732    514.88544395559   512.756835060764   502.912682924034
#[time: 0.65]
 0.6501945132  0.6506849787    518.41566987368   520.130471529649    513.34089143253   503.614302130127   511.825821790452   511.801876327507
 0.6560301936  0.6574468157    518.41566987368   515.121141980179   523.273781759508   524.342991950941   516.346175713181    516.39568909761
 0.6575082458  0.6577053247    518.41566987368   498.980355204971   515.579696120112   516.649810541088   522.241103401053   508.018793630493
 0.6578700262  0.6581804366    518.41566987368   516.278150143452   517.175253206661   505.680604046723   514.678584822072   509.268722817523
 0.6589300349    0.65905641    518.41566987368   514.915850996203   523.325443793221   521.911874901486   517.184333518354   515.278716197911
#[time: 0.66]
 0.6595311085  0.6622339217   508.745014037768   514.915850996203   524.918046758961    522.64143929478   513.042985281552   515.567651976772
 0.6626635093  0.6632827319   524.546817295602   514.915850996203   513.227046390798   514.028813498831      523.396831514   518.104123426807
 0.6641685868  0.6642429072   524.546817295602   517.594873982141   527.425023747608    522.70678393955   522.676079065477   521.497809310071
 0.6645221124  0.6650525948   524.546817295602    528.17945172664   526.593283298338   523.178275919573   523.777283131863   523.334375764761
  0.667562245  0.6681016047   524.546817295602   527.308604243509   524.481017569347   528.193862272283   524.540549979475   530.252419488227
#[time: 0.67]
 0.6730096386  0.6734287913   524.546817295602   530.149472011195   526.209343558141   526.272674098887   526.283180267544   524.938715615882
 0.6750328742  0.6753042113   524.546817295602   526.415219805235   531.497794131324   533.319067958104   520.936462348195    519.69660272011
 0.6758891562  0.6759492621   524.546817295602   526.337969700895    528.92048244497   529.917194083757   519.341935532473   518.602703154254
 0.6766821945  0.6767641917   527.688546980052   526.337969700895   528.586386097511   529.583935916172   522.456573165531   523.131142459863
 0.6792120921  0.6792994081   527.885329533208   526.337969700895   530.686727284391    530.17774312498   522.230402337044   522.646236504844
#[time: 0.68]
 0.6800313144  0.6802038517   527.885329533208   531.845805447667   531.723027144205    530.78420568918   526.823101871312   524.723097864003
 0.6803852323    0.68133612   536.425504827169   531.845805447667   530.816668711335    531.45349111103   530.858180802895   532.968325448668
 0.6816944859  0.6826027975   536.425504827169   538.647887806866    538.40750671695   536.775344295581   537.747071487228   538.342922261718
 0.6855490547  0.6865581147   545.584234579142   538.647887806866   540.696463766728   541.560333376744   549.062069660196   541.885579737688
 0.6888587829  0.6893837887   535.048428993156   538.647887806866   548.259399041442   545.886293629588   530.033034632379   530.053954213065
#[time: 0.69]
 0.6937468206  0.6941535322   543.107289135949   538.647887806866   538.807072047093    539.88643418561   534.436473179066   542.885532527657
 0.6949758627  0.6951323087   528.666944260999   538.647887806866    551.62759932977   547.470314566907   529.384299632385   540.402255750667
 0.6967744079  0.6968340878   541.117921829632   538.647887806866   535.282743398297   538.479637367263   538.343322309835   539.228982937016
#[time: 0.7]
 0.6994444693  0.7006957726    519.76743811331   538.647887806866   543.079202396176    542.04855260793   525.215136833346   537.609890805706
 0.7010220121  0.7024569055    529.39060489523   538.647887806866   528.585206938383   541.835849261709   532.700212711859    539.96044887836
  0.705085439    0.70565741   547.694005885672   538.647887806866   534.942578866904   538.644746867701   539.363621744536   540.875110204829
 0.7066274038  0.7067937653   547.694005885672   548.479251235526   547.574759812601   543.935756445752   546.492349558895   546.316591519568
 0.7078703194  0.7079546211   547.694005885672   546.372918109085   549.279116865192   549.454914988868   541.703505471552   541.717088871806
 0.7094974408  0.7095436548   547.694005885672   550.085435136031   550.765399569026   550.055802693254   544.729145614258   542.994246723514
#[time: 0.71]
 0.7105753794  0.7106776335   547.694005885672   549.481401210387   550.644519589173   551.171187996968   541.533499421859   541.287781111926
 0.7111176256  0.7134005717   547.694005885672   538.530718019663   550.496138861687   551.380375496135   550.496755288091   537.165840262901
 0.7137484733  0.7156066432   547.694005885672   550.990370257594   549.327511567362    546.36404232825   540.263864281174   540.965499764176
 0.7160411429  0.7161996989   552.813134435712   550.990370257594   552.837260925327   554.327936510322   545.078770986935   544.827773330294
 0.7168466041  0.7169457342   552.760253363413   550.990370257594   552.664502281656   552.502187888528   544.152733354665    544.83707484127
 0.7172505997  0.7174047856   553.098721226698   550.990370257594   556.954568608311    556.31211771395   544.101903333708   544.545378089038
 0.7187699106  0.7187830651   553.098721226698   557.313692823521   554.192296548981   553.648764563502   554.068941856944   553.291384184136
  0.719236511  0.7196809256   559.264427319797   557.313692823521    559.00274719704   561.842299153774   552.671325532696   554.051391856281
#[time: 0.72]
  0.719771791  0.7201509672   559.264427319797   561.899489623313   561.740872099775    559.46324552173   558.501285038198   557.278633476828
 0.7236036199  0.7238149574   560.682460786594   561.899489623313   565.040209640909   566.427311289464   565.436872462419   569.082210460308
 0.7265002193  0.7266249354   562.875811488933   561.899489623313   564.363016200797   564.964752481332   556.863374239351   558.306800440021
 0.7296259164   0.729750067   562.875811488933   568.061870996523   565.068157511551   564.708362086859   566.901198190475   573.026481188868
#[time: 0.73]
 0.7306558636  0.7314106858   571.613312156408   568.061870996523   569.379070103666   571.059684612606   567.160240564981   568.876328559357
 0.7330047214  0.7340542287   571.613312156408   564.320949998363   568.740260665198   569.419590544165   565.276717942573   565.784793401861
 0.7347482502  0.7354857038   571.613312156408   574.585591902284    575.51754333204   571.474557341668   566.851003757792    566.27623983564
#[time: 0.74]
 0.7407031637  0.7417067331   560.612229789603   574.585591902284   574.797205896249   575.689777091701   562.753015909086   575.398452548068
 0.7427045844  0.7429661056   572.640718922923   574.585591902284   568.595783379628   577.243250058111   573.668115160064   573.933496337021
 0.7469000826  0.7473016961   572.640718922923   584.483211685451   576.202278610463   577.154358836174   578.586116912661   576.212952504166
 0.7473567728  0.7476579085   587.031069268927   584.483211685451   577.811932657715   584.421886646238   582.055895685761   583.129428555288
 0.7487096416  0.7490009043   587.031069268927   589.106750072472    590.21056319462   588.804769757594   583.423866803972   582.645518110136
#[time: 0.75]
 0.7504630067  0.7506764885   586.783367824294   589.106750072472   593.176655452331   594.228243023806   589.709460525555   590.788835069726
 0.7532070829  0.7538199398   578.330214967998   589.106750072472   589.255660991536   591.098066773882   584.605716707347   587.431052880943
 0.7550693534  0.7553045212   586.585347787528   589.106750072472   584.092713161193   585.853503671275    583.50953126495   582.221511768896
  0.757206378  0.7578066622   586.585347787528   573.577531489822   589.179820597432    589.44749565265   583.118590648949   580.136221242895
 0.7581283646  0.7582570397   586.585347787528   584.393275195417   590.025538570016   581.450164805302   587.009574944259   586.413073598651
#[time: 0.76]
 0.7608373664  0.7609286097   586.585347787528   587.551724123545   588.036835948005   587.709291567923   578.088474381028   578.228780138458
 0.7609898526   0.761270335   586.585347787528     597.0554480202   591.690396028923   591.982304321739   591.681412294459   589.862083853928
  0.762473969  0.7629525041   604.747304244122     597.0554480202   592.069480918409   594.160875910382   595.235681209986   594.874093640072
 0.7631622519  0.7633148107   604.747304244122   611.506230187239    603.57846503773   601.568852705124   603.159908890832   602.206375549864
   0.76350686  0.7638242052   604.747304244122   609.813672789931   611.014503116996   614.360997536893   609.142206799235   610.078254914148
 0.7667866893   0.766948022   607.536834215401   609.813672789931   607.820700290226   608.773376039694   601.584508099715   600.984024010294
  0.767614666   0.768277383   607.536834215401   608.976076320903   611.233680764372   611.847653327241    604.51040560127   604.254652769103
 0.7690762486  0.7692041877   607.536834215401   605.848607177106   611.274868732678     612.2355296534   598.298291884977    599.30244096835
 0.7693866652  0.7695610372   607.536834215401    609.87166694305   609.797199168171   609.340714590913   602.318385496446    601.17735141448
#[time: 0.77]
 0.7701680369  0.7702727332   614.262510881134    609.87166694305   609.428327937081   609.795529416481   607.976329095705   610.666984079868
 0.7708726237  0.7710315528   618.653446620426    609.87166694305   614.597913157273   613.192779751903   616.198901642283   612.763788272118
 0.7718250869  0.7719598744   618.653446620426   626.332522277033   620.186589979338   617.265261483433   618.628061953391   617.693350397547
 0.7741347156  0.7764776199   618.653446620426   621.310525503743   624.058207409519   627.362850797495   618.082758508904   617.432623876293
 0.7779715408  0.7780094732   618.653446620426   620.700309576523   627.221084274885   629.126994123762   611.620273536565   611.366792739696
#[time: 0.78]
 0.7808679946  0.7810920412   618.653446620426   612.088551988689   624.277504296256   625.080002394509   620.551640701442   615.697937096743
 0.7820740699  0.7824492919   618.653446620426   625.690477474759   618.174566910008   616.732041926737   617.316608564808   615.931143120993
 0.7828790035  0.7829166805   618.653446620426    621.53319712895    615.61623043018   627.173524760981   612.578465203217   612.102028738845
 0.7831806748  0.7839405979   623.359234916127    621.53319712895   623.492814198254    624.79802083304   617.677881901827   617.441157543796
 0.7842115625  0.7848255861   623.359234916127   624.688014079032   621.738622559149   621.842039386037    615.27283309862   614.340130079997
 0.7858479617  0.7861203392   630.399353321447   624.688014079032   626.068353707478   626.477736516597   622.586045258118   626.802737253466
 0.7867887864  0.7876540994   630.399353321447   631.239708915487   632.732381263604   629.969373046127   631.571452719006   631.745255257163
 0.7880395334  0.7882488282   630.399353321447   634.659487899162   631.661770131095   631.847791415571   629.504400948399   627.763517434213
#[time: 0.79]
 0.7894392797  0.7906961196    617.90755748702   634.659487899162   635.054424015572   636.453801964495   626.129488468329   635.324204276428
 0.7920261212  0.7931620168   636.052481654576   634.659487899162   627.236517317005   629.832388149187    630.59313370468   630.869739668653
 0.7938394758  0.7940394025   636.052481654576   637.781083034352   635.312395126874   635.318681629394   638.510848829091   639.023814940391
  0.795532875  0.7958676992   636.052481654576    637.66329776001   637.284653388611   638.320240953166   629.601603829081   627.455220248715
 0.7971250705  0.7971547071   635.519355032178    637.66329776001   639.888094294311   641.486705281455   644.583525784718   646.978035876346
#[time: 0.8]
 0.8023721375  0.8027871673   625.455007615217    637.66329776001   638.044531678263   638.425774276315   627.477500868006   636.828412534922
 0.8040857078  0.8046542583   638.296208151215    637.66329776001   632.886603561229   643.518859633816   628.836216161356   629.123959188196
 0.8080750088   0.808393368   638.296208151215   639.751059583536   637.602980743912   638.063234906243   636.617684158434   631.731540672993
#[time: 0.81]
 0.8112881796  0.8115975963   638.296208151215   661.039046472496   639.954407712018   640.077440510567   647.716485531801   657.138186182095
 0.8116509812  0.8119316541   662.639940830137   661.039046472496   644.888025511382   659.209115697231   662.161890153853   662.116231574856
 0.8124818322  0.8126366749   662.639940830137   658.847566036557   669.079103249355   667.511364759798   664.787717819966   662.188358710054
 0.8137661477  0.8149494992   659.539781803845   658.847566036557   662.711492857293   661.715402500257   651.446862050717   651.357041271634
 0.8163181633  0.8164766426   660.957805373796   658.847566036557   658.897874270146   659.357635642753   663.889256492247   663.116032320089
#[time: 0.82]
 0.8210279563  0.8216487549   660.957805373796   662.974181280252   661.940182827667      661.535118842   655.969758653863   656.169950635172
 0.8222391695  0.8225267064   654.420131718495   662.974181280252   666.431223490985   667.541857997147   658.832096164578   670.026253652379
 0.8227955155  0.8231923421   668.418321922743   662.974181280252    663.56000536137   671.057958887239   658.301372104254   659.878650974059
 0.8260860208  0.8260985553   668.418321922743   659.722042623764   663.665543283187   665.686846758062   672.262369557467    665.53666081731
  0.827724388    0.82782724   668.418321922743   669.922946934027   668.543454072347   665.850710579093   660.638107191597   660.393178396426
 0.8278660466  0.8291219199   666.905634616796   669.922946934027   669.697118706011   670.346120353659   667.941172949721   668.997459418535
 0.8296647859  0.8298303677   675.521526684781   669.922946934027    670.38351470383   666.563355194575   665.205961077709   664.738848486903
#[time: 0.83]
 0.8316805326  0.8323270503   675.521526684781   674.275382912529   676.994864494637   674.547239490083   666.085172222267   666.113217950913
 0.8329314187  0.8333263508   675.521526684781   673.417864619009   675.377678686253    675.31243507468   670.808496867518   671.091148593649
 0.8336034014  0.8337037144   675.521526684781   674.116934616075   679.365981706863   677.767315037288   680.247244543806   679.331909885672
 0.8357030146   0.835916211   675.521526684781   667.738309037706   677.239610385747    676.19284500306   679.920108364361   675.145158008592
 0.8371334359  0.8372746738   675.521526684781   698.126718848622   680.710042252953   675.300972969855   684.016577742703   693.374694548609
 0.8373450274  0.8384982404   702.783461323778   698.126718848622   685.763348596263   699.306545551002   702.799710373169   701.611908524732
 0.8385478197  0.8386407092   702.783461323778   700.435758403051   705.793920365075   703.649207971218   704.259720106768   702.406393872573
#[time: 0.84]
 0.8408290336  0.8412151474   702.783461323778   708.484135421161   705.045940859205   703.711138437978   698.059666365495   698.036965160168
 0.8421067955  0.8422153433   713.644931864399   708.484135421161   705.675577639438      703.922520993   710.716352135927   710.916980121207
   0.84396593  0.8452791046   713.644931864399   715.861016344682   715.084953021248   713.309091853606   711.003937962923   709.944169494684
 0.8468373074  0.8471231402   713.644931864399   713.041716948014   720.572001819614   721.660187760035   718.428691651024   717.545688670022
 0.8489928676  0.8499301924   713.644931864399    715.89575710105   715.094071816124   714.965201502598   712.579069932524   706.098550266651
#[time: 0.85]
 0.8529559077  0.8537535208   710.727873686393    715.89575710105   719.758176617058   720.779600450438   716.200909446309     721.1225839412
 0.8565414778  0.8568809598   710.727873686393    712.26101574874   713.198775390238   713.134994693483   705.635432279366    703.35229298959
#[time: 0.86]
 0.8601887829  0.8602967932   719.688994681739    712.26101574874   712.644617694484   709.381983654485    714.40207154695   715.252347263463
 0.8603392036  0.8603428711   719.688994681739   725.170500601294    727.65055996689   721.214200235563   723.237064059117   724.764845613569
 0.8643423366  0.8646725248   728.231630353519   725.170500601294    722.96094829323   724.245235825918   722.169346019189   725.924329907187
 0.8666322972  0.8677172176   728.231630353519   731.058475365846   733.879242043936   732.073199206024   722.249883274398   721.270585892346
 0.8685429637  0.8687011307   734.892677232667   731.058475365846   732.920771925615   734.043888416035   732.782314579157   732.811848228171
#[time: 0.87]
 0.8710785245  0.8732583425   734.014355786127   731.058475365846   733.620632547503   733.315959132054   729.800781633449   732.184360854459
   0.87455296  0.8748673371   734.014355786127   736.286329046838   730.048199623332   730.144872937081   726.253581362726   726.393545816533
 0.8775316426  0.8778010964   734.014355786127   734.629103065941   731.078671298221   738.256647897591   726.513326144634   726.374081890886
 0.8778914437  0.8782768933   733.547566233595   734.629103065941   741.159372347373   741.680262528812   726.321385204484   726.159576987465
 0.8783005244  0.8790012974   733.547566233595   739.403383509809   736.466556380023   736.822728321519   731.817628514391   731.038211323526
#[time: 0.88]
 0.8797187264  0.8801930976   738.217306598573   739.403383509809   736.853214691554   738.064646342892   731.254210321077   731.010717915295
 0.8820209875  0.8821130022   743.142675016853   739.403383509809   740.880817210845   741.308568315067   733.792259278972   736.149081956048
 0.8837662458   0.883991881   743.142675016853   741.569019747535   743.998322098846   743.264142648612   746.812128282383    743.46736218939
 0.8842551893  0.8843656518   742.912450213813   741.569019747535   745.594086423264   745.076109362366   732.760769385025       733.65067335
 0.8853700295  0.8859143675   742.912450213813   744.126522684114   741.965571875655   742.072060156172   734.624893858096   734.304983297819
 0.8866416289  0.8866637662   746.628313270051   744.126522684114   747.162617185864   747.614764389289    736.50034146316   739.617861059632
 0.8878851107   0.888294853   736.679573640291   744.126522684114   753.160892165881   751.306165484179   740.661288022954   741.238405598884
 0.8886246118  0.8890141311   736.679573640291   736.074508196807    740.87011377533   745.181904197471   732.552375664874   732.815674951508
#[time: 0.89]
 0.8899728578  0.8901838684   736.679573640291   739.652237107897   739.188537989043    738.82402663078   729.662249150763   730.161694633905
 0.8931403893  0.8936427887   742.139989988634   739.652237107897   744.370632493269   746.174715684886   733.636373246396   734.213984812662
 0.8997785264  0.8998795797   742.139989988634   747.680971095858   740.880667748092   740.893787098265   741.616920660279   740.516051011614
#[time: 0.9]
 0.9043809756  0.9048943499   742.139989988634   738.160090306597   745.481940563398   746.421024474322   732.645099605073   734.674535476634
 0.9051778143  0.9052420176   742.139989988634   741.011356428843   746.041353526889   743.941046224915   733.211027114577   734.097369711233
#[time: 0.91]
 0.9103614796  0.9104874219   742.139989988634   767.746502612689   744.546755570602   744.094365984452   746.624254639941   759.938838188339
 0.9112899239  0.9114226242   773.014878895647   767.746502612689   748.970607283052   769.056421619352   764.985980440946   766.590395371214
 0.9114595372  0.9120272775   773.014878895647    764.64699463819   771.171977804371   770.618307284018   776.749987667965   766.720997635225
  0.913006216   0.913791753   773.014878895647   770.263343853929   769.903957048787   768.964684461059   771.402218572385   771.470665306884
 0.9147627697  0.9149325923   759.406881819065   770.263343853929   778.545286920155   775.925527619485   765.823140948641   773.393338826964
#[time: 0.92]
 0.9206612694  0.9211493745   759.406881819065   751.127634048938   767.476585404692   778.996871605838   759.233864034509   749.650727361481
 0.9216582067  0.9219675976   752.428617628367   751.127634048938   764.459552818834   757.634765199872   742.452432582562   742.586995236904
 0.9279636202  0.9286920483   752.428617628367   756.408690208192   756.602748927912   755.989371890758    747.67138569676   746.813828957111
#[time: 0.93]
 0.9297730399  0.9300407316   761.542962651299   756.408690208192   754.436123685404   754.271829544759   751.849466433077   751.242600841172
 0.9327164791  0.9331007664   761.542962651299    769.67549606844   763.786824089764   760.879742387877   765.599102131923   764.520375470665
 0.9349840657  0.9356479864   770.757604061213    769.67549606844   769.769734924112   774.304286244374   762.817886256149   762.687002101373
 0.9365573845  0.9367877861   771.793131501232    769.67549606844   777.285245963656   776.454107894317   767.530972209371   769.102558957672
 0.9397264287  0.9399171555   769.163059776462    769.67549606844   774.010159743082   772.726794225098   762.572784076457   762.581382235736
#[time: 0.94]
 0.9401806914  0.9408674153   769.163059776462   770.676191744963   769.392106097387    769.21275777947   762.678368075983   761.722163147847
 0.9421098255  0.9421665425   778.004295157444   770.676191744963   770.781443605439    769.45908125783    768.55718299944   768.927740737331
 0.9423401295  0.9425697485   778.004295157444   777.169299752578   776.569466420322    775.12223770871   768.063005695679   768.013045420972
 0.9437631341  0.9442204226    773.93484160351   777.169299752578     780.0297139564   779.622142955861   782.390596118163   786.224723117387
 0.9465139366  0.9465314372    773.93484160351   766.141847832195   779.117087862223   780.556955161619   776.190389998754   770.555450039201
 0.9469449513  0.9471897777   765.480923168894   766.141847832195   777.459562873992   768.063078297325   762.632597778873   762.343012141096
#[time: 0.95]
 0.9500885323  0.9502454676   760.373217494067   766.141847832195   770.619533237855   770.955222278788   763.673074411309   772.093411670177
 0.9515520538  0.9519430239   760.373217494067   764.145179127266   760.956649438384   767.410059109723   758.536707899656   757.980425643332
 0.9536301518  0.9539979203   772.349785374133   764.145179127266   766.031806259613   768.165294989173   774.586953078375     770.0027159923
 0.9546434727  0.9547761446   772.349785374133   774.145343616321    776.30151944146   768.637454739596   781.918490671664   784.098246809628
 0.9552773813  0.9557286726   773.577303182994   774.145343616321   777.929854389999   778.806175152962   765.835971580912   765.372296084542
 0.9584781439  0.9590707006   772.808835627784   774.145343616321    776.71700876312   776.919897920074   767.039085149386   766.603099188076
 0.9597671017  0.9599425565   770.848919412357   774.145343616321   770.154343510055   775.894633370295   772.570313483051   772.609756393085
#[time: 0.96]
 0.9604731722  0.9609944172   777.802582888534   774.145343616321   772.897969192456   772.060745066651   772.336585193321   773.867028413165
 0.9613615587  0.9619312426   777.802582888534   761.294140142674   779.209050594892   778.141592695941   780.695168062131   767.524624393772
 0.9645954232  0.9656843853   777.802582888534   779.358167171416   779.233187873723   769.255601208631   770.701913010631   770.970675535238
 0.9670439383   0.967346845   782.424284103256   779.358167171416   779.788176810092   779.937489209937   775.643867229856   775.902198475348
 0.9680838349  0.9686769143   780.273821431802   779.358167171416   782.251467690703   781.632551770329   780.189087939612   780.099193581282
#[time: 0.97]
 0.9696399052  0.9701253299   780.273821431802   784.016249362667   782.403853158163   782.151559476241    780.21955252847   779.599200091663
 0.9734454434  0.9743855163   780.273821431802   779.605502105286   787.065409971313   789.323231773772   774.448129997681    774.74933015549
 0.9769539983  0.9773102632     780.7041906931   779.605502105286   784.140516694775    783.70716026144   770.583490119374   770.916309659027
  0.977387684  0.9774066809     780.7041906931   780.034276175594   780.747136380845   780.555219976609   781.892530502951   781.824127609842
#[time: 0.98]
 0.9802122889  0.9803827901   775.084947246357   780.034276175594   787.625926639086   787.143078980818   778.743605314586   780.457606548375
 0.9812569037  0.9818919908   759.391477337782   780.034276175594    781.44246229872   784.183713359491   765.457656953165   785.384013501511
 0.9822882044  0.9825215886   782.206680715689   780.034276175594   766.768226716084   776.519494428585   775.826856734272     776.6273310621
 0.9877850596  0.9897158773   782.206680715689    780.08822233709   784.553824056736   784.093028563042   788.500414220136   786.694005585035
#[time: 0.99]
  0.991789248  0.9920467784   782.206680715689   785.137585649749   785.810533801893   784.597530555511   783.009728029269   782.514017914018
 0.9928429808  0.9932295167   782.206680715689    784.09300652314   786.279878698945   787.953490576244   776.357685347842   773.767045320118
 0.9947605532  0.9948576532   782.206680715689   783.028983121962   786.493045423916   787.599416062019   777.327791527058   776.715421125834
 0.9965362959  0.9967051415    785.38017269603   783.028983121962   787.005832606628   787.340571732103   778.468762347942   778.910567803676
 0.9987215912  0.9996194546    785.38017269603   786.892579715349   786.240508868342   785.651382242108   777.076240499317   776.416888212175
