#********mc_data: L-16.0, k_b-30000000.0, dt-1e-10********


#init L		 init nma	 init fma	 state		 final L	 final nma	 final fma	 step length	 t
16.000000	4.189419	4.213742	NEARBOUND	-2.844770	3.214410	3.335290	-18.844770	0.000090
16.000000	3.772376	3.699160	NEARBOUND	-4.024740	2.668820	2.866410	-20.024740	0.000127
16.000000	4.303570	4.126557	NEARBOUND	3.738120	2.122040	2.085770	-12.261880	0.000001
16.000000	4.418446	3.988480	NEARBOUND	9.374130	1.744970	1.306070	-6.625870	0.000525
16.000000	4.682437	3.310657	NEARBOUND	0.649944	3.155130	3.203110	-15.350056	0.000012
16.000000	4.024786	4.326905	FARBOUND	-6.761080	2.577970	2.862110	9.238920	0.000435
16.000000	4.997245	4.098251	NEARBOUND	-2.469420	2.871250	2.980550	-18.469420	0.000005
16.000000	4.183389	3.857880	FARBOUND	-4.268420	2.117470	2.091920	11.731580	0.000025
16.000000	4.577663	4.117191	FARBOUND	-1.484170	2.562640	2.597270	14.515830	0.000018
16.000000	4.357445	4.030669	FARBOUND	-4.909820	3.168600	3.426810	11.090180	0.000158
16.000000	4.485779	3.628795	NEARBOUND	2.246070	2.565930	2.719870	-13.753930	0.000144
16.000000	4.132845	3.964493	FARBOUND	-6.149580	2.460170	2.658370	9.850420	0.000133
16.000000	4.374657	3.853387	NEARBOUND	-8.643370	2.862740	3.174140	-24.643370	0.000121
16.000000	4.491724	3.757005	NEARBOUND	-32.439800	2.419250	1.928340	-48.439800	0.000136
16.000000	4.241640	3.872462	NEARBOUND	-15.188300	2.239370	2.334950	-31.188300	0.000342
16.000000	4.190025	3.792223	NEARBOUND	-3.708460	2.735840	2.920330	-19.708460	0.000019
16.000000	4.335713	3.770345	NEARBOUND	7.714290	1.437640	1.003210	-8.285710	0.000110
16.000000	4.291771	3.775866	FARBOUND	-4.545130	3.305940	3.553320	11.454870	0.000145
16.000000	4.291771	3.775866	NEARBOUND	-6.110220	2.785170	2.858680	-22.110220	0.000008
16.000000	4.312235	4.346146	FARBOUND	22.506300	2.155650	1.291090	38.506300	0.000004
16.000000	4.137349	3.948314	FARBOUND	-0.538178	2.925110	3.003920	15.461822	0.000033
16.000000	4.498788	4.272299	NEARBOUND	-5.728890	3.024400	3.419430	-21.728890	0.000185
16.000000	4.009935	4.129859	NEARBOUND	-2.758290	3.343450	3.450710	-18.758290	0.000140
16.000000	3.794128	3.809081	NEARBOUND	-0.564407	2.600370	2.615490	-16.564407	0.000115
16.000000	4.395209	4.375877	NEARBOUND	-8.689540	2.808430	3.002810	-24.689540	0.000005
16.000000	4.743163	4.006939	FARBOUND	-4.328060	3.053630	3.177120	11.671940	0.000135
16.000000	4.743163	4.006939	NEARBOUND	-10.336500	2.833450	3.240210	-26.336500	0.000145
16.000000	4.798711	4.110713	NEARBOUND	-3.706030	2.988710	3.174040	-19.706030	0.000228
16.000000	4.304699	4.052053	FARBOUND	-6.465060	2.545550	2.617010	9.534940	0.000108
16.000000	4.088384	4.034108	NEARBOUND	-9.774570	2.354130	2.502910	-25.774570	0.000228
16.000000	4.210753	4.007189	FARBOUND	-0.947076	2.299430	2.294770	15.052924	0.000116
16.000000	4.288678	4.258789	NEARBOUND	-4.474720	2.931590	3.198020	-20.474720	0.000008
16.000000	4.141333	4.044414	NEARBOUND	-2.102010	2.582590	2.635750	-18.102010	0.000031
16.000000	4.073767	4.025983	NEARBOUND	-4.775230	2.989770	3.260080	-20.775230	0.000445
16.000000	4.406092	3.902456	FARBOUND	-13.281500	2.565420	2.700560	2.718500	0.000102
16.000000	4.370910	3.976551	FARBOUND	3.871310	1.803140	1.658740	19.871310	0.000126
16.000000	4.762708	3.940597	NEARBOUND	-9.850750	2.319240	2.202090	-25.850750	0.000163
16.000000	4.235907	4.358320	NEARBOUND	-3.907010	3.078450	3.221630	-19.907010	0.000031
16.000000	4.551926	3.866449	FARBOUND	-6.362420	1.835760	2.022200	9.637580	0.000113
16.000000	4.381494	3.741686	NEARBOUND	4.670810	3.253730	3.422550	-11.329190	0.000031
16.000000	4.295673	4.021018	NEARBOUND	-8.680180	2.504970	2.647430	-24.680180	0.000082
16.000000	4.200134	4.305558	NEARBOUND	-3.126670	2.358280	2.532410	-19.126670	0.000043
16.000000	4.363145	4.232928	NEARBOUND	-14.857700	2.171090	2.276150	-30.857700	0.000272
16.000000	4.107796	4.207704	FARBOUND	-9.417160	2.371870	2.633880	6.582840	0.000117
16.000000	4.107796	4.207704	NEARBOUND	-9.444610	3.296980	3.618600	-25.444610	0.000014
16.000000	4.549924	4.047448	FARBOUND	-2.492970	2.267170	2.295160	13.507030	0.000080
16.000000	4.549924	4.047448	NEARBOUND	-7.641190	2.980130	3.335480	-23.641190	0.000158
16.000000	3.876782	4.144899	FARBOUND	-2.799250	3.178370	3.449160	13.200750	0.000146
16.000000	4.158556	3.667758	NEARBOUND	-12.501500	3.030400	3.268550	-28.501500	0.000791
16.000000	3.877457	3.793085	NEARBOUND	-22.629700	2.218980	2.009280	-38.629700	0.000062
16.000000	4.083983	4.142226	NEARBOUND	-9.057910	2.335450	2.518060	-25.057910	0.000245
16.000000	4.791853	4.700189	NEARBOUND	-7.798390	2.558010	2.776940	-23.798390	0.000053
16.000000	4.142669	3.700991	NEARBOUND	-8.389180	2.411840	2.405930	-24.389180	0.000583
16.000000	4.230254	3.763872	NEARBOUND	-7.817980	2.629250	2.877630	-23.817980	0.000075
16.000000	4.359805	4.178282	NEARBOUND	-7.596360	2.584300	2.803330	-23.596360	0.000056
16.000000	4.735241	4.015050	NEARBOUND	-7.365740	2.282750	2.206300	-23.365740	0.000086
16.000000	4.521870	3.609798	FARBOUND	-6.365860	2.473860	2.642990	9.634140	0.000431
16.000000	4.211312	3.729255	NEARBOUND	-15.890800	2.361640	2.452700	-31.890800	0.000188
16.000000	4.332880	4.265308	NEARBOUND	-3.880200	2.690520	2.743230	-19.880200	0.000110
16.000000	4.334383	3.710658	FARBOUND	-2.715450	3.108140	3.237840	13.284550	0.000002
16.000000	4.471624	4.710572	NEARBOUND	-3.041510	2.581160	2.579370	-19.041510	0.000037
16.000000	4.602164	4.330112	FARBOUND	-1.851370	3.494400	3.583490	14.148630	0.000014
16.000000	4.235010	3.572425	NEARBOUND	-4.897310	2.764020	2.837650	-20.897310	0.000211
16.000000	4.423931	4.119726	FARBOUND	4.727860	1.262430	0.916881	20.727860	0.000081
16.000000	4.035126	4.101408	FARBOUND	-3.477340	2.512200	2.572050	12.522660	0.000203
16.000000	4.171854	3.809196	FARBOUND	-16.199300	2.630100	2.754170	-0.199300	0.000116
16.000000	4.171854	3.809196	NEARBOUND	-6.389440	3.060890	3.534230	-22.389440	0.000041
16.000000	3.546660	3.937279	FARBOUND	-4.265230	2.321360	2.410630	11.734770	0.000185
16.000000	4.384050	4.177013	FARBOUND	3.310350	1.194110	0.958445	19.310350	0.000001
16.000000	4.500045	4.001183	FARBOUND	-3.881950	3.120390	3.461880	12.118050	0.000053
16.000000	4.528161	3.931586	NEARBOUND	-10.724900	2.808890	3.189910	-26.724900	0.000411
16.000000	4.307222	4.009973	NEARBOUND	-5.491580	2.351190	2.504550	-21.491580	0.000018
16.000000	4.897555	4.080550	NEARBOUND	-4.343350	3.135210	3.269060	-20.343350	0.000037
16.000000	4.729403	4.008435	FARBOUND	-10.135300	2.562430	2.882950	5.864700	0.000452
16.000000	3.768508	3.885516	NEARBOUND	-6.099620	3.229050	3.525130	-22.099620	0.000121
16.000000	4.638544	3.918199	FARBOUND	-4.695870	2.329040	2.412870	11.304130	0.000108
16.000000	4.908924	3.749312	FARBOUND	-12.153500	1.858310	1.950830	3.846500	0.000047
16.000000	3.957823	4.190257	NEARBOUND	-7.860330	3.151780	3.641980	-23.860330	0.000008
16.000000	4.880605	3.644672	FARBOUND	7.855100	1.564090	1.127910	23.855100	0.000186
16.000000	4.591435	3.979503	FARBOUND	-8.997230	2.703120	3.141000	7.002770	0.000140
16.000000	4.741919	4.133645	NEARBOUND	7.704270	1.978790	1.782830	-8.295730	0.000068
16.000000	4.327259	3.996123	NEARBOUND	15.031900	1.988710	1.395840	-0.968100	0.000066
16.000000	4.594517	4.174908	NEARBOUND	-7.480830	1.916250	1.708770	-23.480830	0.000139
16.000000	4.128115	4.288996	FARBOUND	-5.478300	3.246860	3.393810	10.521700	0.000022
16.000000	4.528543	4.193350	NEARBOUND	-7.396980	2.619750	2.866750	-23.396980	0.000310
16.000000	4.380105	3.696118	FARBOUND	15.844100	1.920550	1.253550	31.844100	0.000104
16.000000	4.931558	3.975671	FARBOUND	-2.338170	2.045750	2.082790	13.661830	0.000024
16.000000	4.091755	3.804847	FARBOUND	-6.406560	2.177470	2.296510	9.593440	0.000013
16.000000	3.957865	3.995207	NEARBOUND	-15.770900	2.629350	3.243900	-31.770900	0.000115
16.000000	4.248140	4.173057	NEARBOUND	-4.443090	3.285440	3.552010	-20.443090	0.000101
16.000000	4.063036	3.670085	FARBOUND	-8.610550	2.311730	2.743680	7.389450	0.000070
16.000000	4.255180	3.881676	FARBOUND	9.710690	1.887650	1.508910	25.710690	0.000152
16.000000	4.453765	4.199081	FARBOUND	-9.813930	2.664890	3.099030	6.186070	0.000144
16.000000	4.506060	4.059721	FARBOUND	-11.098500	2.523400	2.775450	4.901500	0.000141
16.000000	4.482883	3.805320	NEARBOUND	-6.673900	2.203250	2.319980	-22.673900	0.000081
16.000000	4.028072	4.475186	FARBOUND	4.275750	1.467260	1.197550	20.275750	0.000397
16.000000	4.638997	4.142519	NEARBOUND	-12.056900	2.534580	2.636180	-28.056900	0.000150
16.000000	4.315306	4.435705	NEARBOUND	-1.301580	2.829440	2.936280	-17.301580	0.000125
16.000000	4.189392	4.147591	FARBOUND	-9.690730	2.110320	2.095730	6.309270	0.000242
16.000000	4.761575	3.926664	NEARBOUND	-8.686830	3.436210	3.788890	-24.686830	0.000506
16.000000	4.101420	4.245527	FARBOUND	-4.956470	2.965750	3.157740	11.043530	0.000128
16.000000	4.561209	3.857225	NEARBOUND	6.367480	1.410000	0.911442	-9.632520	0.000116
16.000000	5.005371	3.902596	FARBOUND	-2.985630	2.245700	2.314470	13.014370	0.000208
16.000000	4.848249	3.962938	FARBOUND	-12.114300	2.010870	1.854810	3.885700	0.000061
16.000000	4.585778	4.527951	FARBOUND	-12.607000	2.437920	2.647860	3.393000	0.000069
16.000000	4.512162	4.136595	FARBOUND	-14.708100	2.748750	2.888720	1.291900	0.000184
16.000000	4.505589	3.874537	FARBOUND	-0.974135	2.903100	2.951250	15.025865	0.000045
16.000000	4.803466	4.594725	FARBOUND	-5.529940	3.041590	3.394240	10.470060	0.000037
16.000000	4.343731	3.838711	FARBOUND	-5.470460	2.802740	3.055290	10.529540	0.000261
16.000000	4.343731	3.838711	NEARBOUND	-18.908500	2.108880	2.090690	-34.908500	0.000370
16.000000	4.214761	4.057847	FARBOUND	-4.427930	2.820910	3.208890	11.572070	0.000118
16.000000	3.852981	4.164589	FARBOUND	-12.506800	2.755320	2.980880	3.493200	0.000212
16.000000	4.315580	4.191629	FARBOUND	4.777460	1.716870	1.562700	20.777460	0.000039
16.000000	4.269408	4.055733	NEARBOUND	-8.143780	3.008640	3.490780	-24.143780	0.000112
16.000000	4.196503	4.113648	NEARBOUND	2.506600	1.015470	0.842153	-13.493400	0.000221
16.000000	4.220506	4.220624	NEARBOUND	-5.834610	2.987210	3.179230	-21.834610	0.000084
16.000000	4.564816	3.984583	FARBOUND	-11.699900	2.240590	2.305900	4.300100	0.000339
16.000000	3.447944	3.925984	FARBOUND	0.298711	3.262170	3.280750	16.298711	0.000176
16.000000	4.815965	4.513150	NEARBOUND	-12.770300	2.827590	3.212420	-28.770300	0.000056
16.000000	3.950425	4.451443	NEARBOUND	-8.210160	2.666400	3.011430	-24.210160	0.000066
16.000000	4.396654	3.899735	FARBOUND	-5.314990	2.759230	3.180080	10.685010	0.000134
16.000000	4.118014	4.340788	FARBOUND	17.312700	1.970460	1.352040	33.312700	0.000418
16.000000	4.436193	3.999262	NEARBOUND	-10.938700	2.130260	1.998680	-26.938700	0.000309
16.000000	4.483556	4.014542	NEARBOUND	1.816500	1.164730	0.998719	-14.183500	0.000002
16.000000	4.171093	3.772918	FARBOUND	0.196922	2.913590	2.968770	16.196922	0.000017
16.000000	4.739685	3.969905	NEARBOUND	-3.215470	2.631100	2.804660	-19.215470	0.000072
16.000000	4.121823	3.872303	FARBOUND	5.971890	1.394550	1.007990	21.971890	0.000058
16.000000	4.045172	3.892085	FARBOUND	-6.281960	2.323740	2.413340	9.718040	0.000029
16.000000	4.023001	3.923103	FARBOUND	11.013200	1.884510	1.432040	27.013200	0.000000
16.000000	4.023001	3.923103	NEARBOUND	-2.970320	2.869440	3.056890	-18.970320	0.000012
16.000000	4.107157	3.741151	FARBOUND	-1.480600	2.364930	2.382950	14.519400	0.000005
16.000000	4.197955	3.855852	FARBOUND	-8.857980	2.926000	3.367410	7.142020	0.000026
16.000000	4.202659	4.125647	NEARBOUND	-38.401600	2.132860	1.610770	-54.401600	0.000365
16.000000	4.400729	4.161290	FARBOUND	-2.677160	2.451880	2.598230	13.322840	0.000038
16.000000	4.400729	4.161290	NEARBOUND	-28.781400	2.241900	2.201380	-44.781400	0.000101
16.000000	3.772082	3.622218	FARBOUND	-0.290010	2.389010	2.393200	15.709990	0.000070
16.000000	4.568449	4.115415	FARBOUND	-7.137600	2.875780	3.171750	8.862400	0.000214
16.000000	4.198622	3.639536	NEARBOUND	-13.516900	2.652260	2.645100	-29.516900	0.000307
16.000000	4.484032	4.173525	NEARBOUND	-9.440830	2.860480	3.239800	-25.440830	0.000104
16.000000	4.238605	4.249098	NEARBOUND	-6.925230	2.896130	3.405070	-22.925230	0.000237
16.000000	3.837203	4.251255	NEARBOUND	-9.565040	2.439220	2.513710	-25.565040	0.000043
16.000000	4.171400	4.027208	NEARBOUND	-1.619090	2.840060	2.887450	-17.619090	0.000028
16.000000	4.488921	3.956262	NEARBOUND	-4.181380	3.338920	3.545750	-20.181380	0.000017
16.000000	4.315877	4.098084	FARBOUND	22.092900	2.183920	1.407000	38.092900	0.000000
16.000000	4.315877	4.098084	NEARBOUND	-8.687030	3.171540	3.418040	-24.687030	0.000020
16.000000	4.430988	4.002729	FARBOUND	5.443490	1.488540	1.107240	21.443490	0.000007
16.000000	4.080001	3.870207	FARBOUND	-1.982030	2.473720	2.805020	14.017970	0.000134
16.000000	4.252052	4.285995	NEARBOUND	-4.915890	2.847090	3.118430	-20.915890	0.000008
16.000000	4.353887	4.416990	FARBOUND	-3.224730	2.528220	2.488190	12.775270	0.000033
16.000000	4.232523	4.128373	FARBOUND	-7.798460	2.081600	2.146150	8.201540	0.000318
16.000000	4.111958	3.793394	FARBOUND	-12.130800	2.419660	2.659070	3.869200	0.000034
16.000000	4.604001	4.190189	FARBOUND	-11.682200	2.488210	2.689640	4.317800	0.000053
16.000000	4.232883	4.005965	FARBOUND	5.857360	1.616380	1.341240	21.857360	0.000241
16.000000	4.351869	4.470617	NEARBOUND	-11.908200	2.229080	2.366680	-27.908200	0.000066
16.000000	4.244136	3.840705	NEARBOUND	-4.948510	2.795420	2.990540	-20.948510	0.000056
16.000000	3.598775	3.783734	NEARBOUND	-9.815350	2.517460	2.799280	-25.815350	0.000066
16.000000	4.000008	3.910703	NEARBOUND	-2.306000	2.596280	2.674020	-18.306000	0.000319
16.000000	4.760817	4.302182	FARBOUND	-9.192450	2.307590	2.272070	6.807550	0.000186
16.000000	4.628234	4.239902	FARBOUND	-2.804900	3.343320	3.523940	13.195100	0.000229
16.000000	3.705702	3.904251	NEARBOUND	-11.859000	2.436240	2.663750	-27.859000	0.000284
16.000000	4.214002	3.598467	FARBOUND	-1.711320	2.866130	2.973350	14.288680	0.000272
16.000000	4.172514	3.812897	NEARBOUND	-5.529990	2.551660	2.817090	-21.529990	0.000062
16.000000	4.364650	4.039656	NEARBOUND	16.832900	2.014130	1.550910	0.832900	0.000429
16.000000	4.059718	3.809727	FARBOUND	-4.327180	3.060200	3.269280	11.672820	0.000014
16.000000	4.537067	4.013503	FARBOUND	0.805329	1.530660	1.493030	16.805329	0.000116
16.000000	4.537067	4.013503	NEARBOUND	-17.261700	2.241580	2.168730	-33.261700	0.000139
16.000000	4.555791	4.188061	NEARBOUND	-7.864890	2.813090	3.065100	-23.864890	0.000173
16.000000	4.825368	4.457386	FARBOUND	-10.943400	2.087440	1.776610	5.056600	0.000100
16.000000	4.792487	4.470533	FARBOUND	-6.467920	2.988830	3.299110	9.532080	0.000103
16.000000	4.495719	4.109170	FARBOUND	12.487800	1.948750	1.472350	28.487800	0.000049
16.000000	4.492766	4.736942	FARBOUND	-6.667170	2.408780	2.578030	9.332830	0.000055
16.000000	4.091986	4.213044	FARBOUND	-5.731010	3.226020	3.614440	10.268990	0.000049
16.000000	4.091986	4.213044	NEARBOUND	-6.438010	2.153380	2.381660	-22.438010	0.000028
16.000000	4.158974	4.038658	NEARBOUND	-6.409310	2.570190	2.714410	-22.409310	0.000120
16.000000	4.404947	3.852827	FARBOUND	-11.969100	2.493660	2.619360	4.030900	0.000332
16.000000	4.230522	3.990808	FARBOUND	-6.968830	2.424200	2.718450	9.031170	0.000105
16.000000	4.675752	4.181416	FARBOUND	-5.487630	3.283250	3.545820	10.512370	0.000017
16.000000	4.675752	4.181416	NEARBOUND	-5.669630	2.722750	3.016270	-21.669630	0.000023
16.000000	4.522010	4.293206	NEARBOUND	-7.181740	2.848030	3.249640	-23.181740	0.000070
16.000000	4.561719	4.284732	FARBOUND	-2.370260	3.117440	3.314710	13.629740	0.000046
16.000000	5.019828	4.104823	FARBOUND	-4.450990	2.915490	3.288700	11.549010	0.000028
16.000000	4.297671	4.255204	FARBOUND	-3.966800	3.151400	3.406240	12.033200	0.000021
16.000000	4.408425	3.973721	FARBOUND	-4.604390	2.280290	2.354030	11.395610	0.000121
16.000000	3.837850	4.137353	FARBOUND	-6.977230	3.393440	3.705750	9.022770	0.000019
16.000000	3.810491	3.640921	FARBOUND	-8.814820	2.206750	2.519130	7.185180	0.000069
16.000000	4.707943	4.159868	NEARBOUND	-3.136330	2.941440	3.048700	-19.136330	0.000075
16.000000	4.385693	3.995484	NEARBOUND	-12.766700	2.327180	2.397910	-28.766700	0.000000
16.000000	4.591772	3.697154	FARBOUND	-3.832870	3.145350	3.368360	12.167130	0.000144
16.000000	4.210777	3.571850	FARBOUND	-11.025700	2.509350	2.656220	4.974300	0.000019
16.000000	4.421443	3.673210	FARBOUND	1.464320	3.253760	3.299310	17.464320	0.000062
16.000000	4.381257	4.322188	NEARBOUND	-1.559830	2.723870	2.780220	-17.559830	0.000025
16.000000	4.824610	4.172186	FARBOUND	21.201300	2.671490	2.511040	37.201300	0.000000
16.000000	4.719140	4.318835	FARBOUND	-4.697400	2.614770	2.728400	11.302600	0.000147
16.000000	4.251059	3.997320	FARBOUND	-7.695690	3.041320	3.348670	8.304310	0.000061
16.000000	4.140415	3.529641	NEARBOUND	5.325420	1.303610	0.985594	-10.674580	0.000283
16.000000	4.160450	3.883642	FARBOUND	-9.367200	2.488540	2.689320	6.632800	0.000161
16.000000	4.522019	4.264851	FARBOUND	11.595600	1.690010	1.008130	27.595600	0.000089
16.000000	4.450967	3.946731	FARBOUND	-7.134110	2.816140	3.267220	8.865890	0.000139
16.000000	4.218727	4.350061	NEARBOUND	-5.621510	3.019260	3.275990	-21.621510	0.000383
16.000000	4.091608	4.015322	FARBOUND	-6.341930	3.076580	3.247150	9.658070	0.000558
16.000000	4.460054	3.883497	NEARBOUND	-16.000000	2.507390	2.380350	-32.000000	0.000000
16.000000	4.481556	3.686134	FARBOUND	-5.110270	3.144730	3.397990	10.889730	0.000079
16.000000	4.491086	4.298072	FARBOUND	-4.525850	1.641960	1.435100	11.474150	0.000101
16.000000	4.374462	3.944633	FARBOUND	19.667900	2.120890	1.504300	35.667900	0.000106
16.000000	4.572956	4.159971	FARBOUND	-8.668490	1.538680	1.581860	7.331510	0.000079
16.000000	4.314200	4.450434	FARBOUND	-11.173200	2.557220	2.907150	4.826800	0.000304
16.000000	4.261645	4.327821	NEARBOUND	0.269974	2.893660	2.902850	-15.730026	0.000507
16.000000	4.540381	3.912472	FARBOUND	-13.534200	2.175640	2.012070	2.465800	0.000263
16.000000	4.540381	3.912472	NEARBOUND	-24.128400	2.128680	1.949190	-40.128400	0.000057
16.000000	3.758461	4.389799	FARBOUND	-5.305770	2.451400	2.510630	10.694230	0.000082
16.000000	4.257064	4.148313	NEARBOUND	-6.409980	2.695820	2.858280	-22.409980	0.000323
16.000000	4.304617	4.431212	FARBOUND	3.622190	1.115210	0.775123	19.622190	0.000071
16.000000	4.018819	3.902334	FARBOUND	-7.314260	2.172310	2.352650	8.685740	0.000515
16.000000	4.631632	4.428843	FARBOUND	-2.694230	2.780460	3.291940	13.305770	0.000092
16.000000	4.329102	4.174477	NEARBOUND	-3.445690	2.326860	2.581410	-19.445690	0.000122
16.000000	4.311453	3.827455	NEARBOUND	-7.731980	3.051630	3.428920	-23.731980	0.000038
16.000000	4.054692	3.820432	NEARBOUND	-6.966480	2.905990	3.279650	-22.966480	0.000145
16.000000	4.622061	3.966621	FARBOUND	-6.996820	2.660520	3.005180	9.003180	0.000134
16.000000	4.824540	3.889713	FARBOUND	-1.804180	2.408210	2.503270	14.195820	0.000049
16.000000	4.719783	4.294884	FARBOUND	-10.277900	2.882590	3.405930	5.722100	0.000030
16.000000	4.280910	3.903687	FARBOUND	-25.648700	2.494260	2.401500	-9.648700	0.000312
16.000000	4.173671	3.675174	FARBOUND	-11.573000	2.439000	2.632550	4.427000	0.000040
16.000000	4.069555	3.962063	FARBOUND	-13.617400	2.491760	2.513270	2.382600	0.000136
16.000000	4.069555	3.962063	NEARBOUND	-12.693900	2.566340	2.764930	-28.693900	0.000015
16.000000	4.412828	4.183260	FARBOUND	-11.577500	1.759480	1.978030	4.422500	0.000063
16.000000	4.412828	4.183260	NEARBOUND	-5.281350	3.219360	3.480570	-21.281350	0.000036
16.000000	4.220719	3.881295	FARBOUND	2.372040	1.216000	1.077000	18.372040	0.000063
16.000000	3.785509	3.478976	FARBOUND	-8.291100	2.858280	3.234760	7.708900	0.000003
16.000000	4.418188	4.391761	FARBOUND	-5.555150	2.992260	3.097510	10.444850	0.000384
16.000000	4.290964	4.104046	FARBOUND	-12.584400	2.904020	3.093660	3.415600	0.000004
16.000000	4.794739	4.164565	NEARBOUND	-3.752490	3.202700	3.408110	-19.752490	0.000135
16.000000	3.945589	3.654230	NEARBOUND	-4.436670	2.814040	3.064900	-20.436670	0.000269
16.000000	4.186301	3.934625	FARBOUND	-7.621140	2.984510	3.355980	8.378860	0.000203
16.000000	4.186301	3.934625	NEARBOUND	-4.406770	2.744160	2.898830	-20.406770	0.000214
16.000000	4.085533	3.875198	FARBOUND	2.071040	2.633880	2.654420	18.071040	0.000064
16.000000	4.411172	4.271641	FARBOUND	-1.504110	1.178110	1.093430	14.495890	0.000020
16.000000	4.352382	4.168499	NEARBOUND	-10.975000	3.154090	3.464160	-26.975000	0.000121
16.000000	4.120555	4.023718	FARBOUND	-3.576900	2.367960	2.562160	12.423100	0.000022
16.000000	4.463836	4.101034	FARBOUND	-18.430800	2.648050	2.819620	-2.430800	0.000089
16.000000	4.256740	4.133314	FARBOUND	-7.203930	3.364140	3.624860	8.796070	0.000009
16.000000	4.028349	4.066042	FARBOUND	-1.281630	3.000030	3.118480	14.718370	0.000013
16.000000	4.529123	3.960894	FARBOUND	23.212900	2.115350	1.537540	39.212900	0.000062
16.000000	4.141279	4.177163	NEARBOUND	-12.896000	3.113840	3.486540	-28.896000	0.000251
16.000000	4.219316	4.154802	FARBOUND	-0.696305	2.642570	2.653220	15.303695	0.000039
16.000000	4.494786	3.591308	FARBOUND	-10.693000	2.237610	2.095280	5.307000	0.000164
16.000000	4.484208	4.114264	FARBOUND	-6.932500	2.237450	2.365820	9.067500	0.000092
16.000000	4.484208	4.114264	NEARBOUND	-5.580210	2.129600	2.103430	-21.580210	0.000018
16.000000	4.795427	3.995106	FARBOUND	-5.267200	2.985580	3.282400	10.732800	0.000024
16.000000	4.296418	3.870936	FARBOUND	2.642670	1.175050	1.011670	18.642670	0.000039
16.000000	4.296418	3.870936	NEARBOUND	-3.847570	2.782870	2.779850	-19.847570	0.000015
16.000000	4.540870	3.934934	NEARBOUND	-10.645900	2.508340	2.778270	-26.645900	0.000004
16.000000	4.212240	4.242467	FARBOUND	0.956081	3.170090	3.232500	16.956081	0.000011
16.000000	4.222524	4.527753	NEARBOUND	-6.275120	2.792290	3.035480	-22.275120	0.000173
16.000000	3.839888	3.808169	NEARBOUND	-10.956500	2.864240	3.170530	-26.956500	0.000113
16.000000	4.456212	3.999351	NEARBOUND	-0.320502	3.022010	3.030880	-16.320502	0.000032
16.000000	4.244162	4.122171	FARBOUND	-15.097500	2.052440	2.113000	0.902500	0.000125
16.000000	4.283519	4.222468	FARBOUND	-2.222130	3.154990	3.363190	13.777870	0.000148
16.000000	4.476551	4.366694	NEARBOUND	-3.104760	3.073090	3.376580	-19.104760	0.000157
16.000000	4.394080	4.051996	NEARBOUND	-9.265790	2.848870	3.151510	-25.265790	0.000098
16.000000	4.289521	4.060075	NEARBOUND	-2.787890	2.916790	3.146550	-18.787890	0.000040
16.000000	4.176366	3.854945	NEARBOUND	-3.090360	2.690820	2.811060	-19.090360	0.000159
16.000000	4.664303	3.982211	NEARBOUND	-10.880900	2.316410	2.253850	-26.880900	0.000081
16.000000	3.969065	4.076172	FARBOUND	-4.531250	1.448590	1.210560	11.468750	0.000293
16.000000	4.586294	4.172193	NEARBOUND	-15.831200	2.411580	2.425990	-31.831200	0.000007
16.000000	4.323708	3.585175	FARBOUND	-9.363450	2.813370	3.039970	6.636550	0.000117
16.000000	4.182710	3.940044	FARBOUND	1.621030	3.008760	3.021890	17.621030	0.000055
16.000000	4.182710	3.940044	NEARBOUND	-4.716710	2.291890	2.367000	-20.716710	0.000004
16.000000	4.574157	3.846666	FARBOUND	-11.494900	2.437670	2.460930	4.505100	0.000045
16.000000	4.581852	4.253787	FARBOUND	16.242900	1.943340	1.332190	32.242900	0.000308
16.000000	4.723280	3.684785	NEARBOUND	-6.238800	2.942700	3.464880	-22.238800	0.000275
16.000000	4.222916	4.003483	FARBOUND	2.109950	1.708470	1.636560	18.109950	0.000115
16.000000	4.269205	3.857694	FARBOUND	-4.588870	3.524610	3.687970	11.411130	0.000085
16.000000	4.321054	3.938098	NEARBOUND	-4.979130	2.934530	2.985070	-20.979130	0.000090
16.000000	4.208337	4.054755	FARBOUND	-3.068400	2.923880	3.104780	12.931600	0.000208
16.000000	4.759280	4.491028	NEARBOUND	8.791450	1.760800	1.375370	-7.208550	0.000016
16.000000	4.388503	4.029048	FARBOUND	-4.943320	2.112540	1.999200	11.056680	0.000023
16.000000	4.609530	4.014019	FARBOUND	-4.742390	3.263990	3.469200	11.257610	0.000288
16.000000	4.286207	4.293585	NEARBOUND	-14.573400	1.882280	2.004380	-30.573400	0.000233
16.000000	4.112670	3.785773	NEARBOUND	-3.881090	2.591910	2.682150	-19.881090	0.000039
16.000000	4.575056	4.190721	FARBOUND	-2.588010	2.391210	2.477300	13.411990	0.000016
16.000000	4.563904	4.132485	FARBOUND	-10.681500	2.727130	3.413370	5.318500	0.000593
16.000000	4.508259	4.193757	FARBOUND	-9.006510	1.876390	1.947430	6.993490	0.000078
16.000000	4.341445	3.740779	FARBOUND	-3.433720	2.929440	3.136660	12.566280	0.000022
16.000000	4.815136	4.172301	FARBOUND	-1.403670	2.522870	2.551740	14.596330	0.000056
16.000000	4.550716	4.369308	FARBOUND	-5.540690	2.418490	2.966850	10.459310	0.000069
16.000000	3.912680	4.078477	NEARBOUND	-2.276930	3.207280	3.293110	-18.276930	0.000140
16.000000	4.208763	4.054129	NEARBOUND	10.768400	1.731720	1.141810	-5.231600	0.000047
16.000000	4.293514	4.109510	NEARBOUND	-3.759980	2.122500	2.074560	-19.759980	0.000165
16.000000	4.594787	4.255392	NEARBOUND	-8.702650	2.318860	2.644040	-24.702650	0.000024
16.000000	4.334661	3.905797	NEARBOUND	5.886490	1.513050	1.160000	-10.113510	0.000139
16.000000	4.371279	3.502490	FARBOUND	3.607770	2.008900	1.904000	19.607770	0.000249
16.000000	4.546375	4.143711	NEARBOUND	-6.993200	2.566250	2.737780	-22.993200	0.000004
16.000000	4.801567	4.033848	NEARBOUND	-11.560700	2.919830	3.550590	-27.560700	0.000109
