#********mc_data: L-8, k_b-300000000.0, dt-1e-10********


#init L		 init nma	 init fma	 state		 final L	 final nma	 final fma	 step length	 t
8.000000	4.189419	4.213742	FARBOUND	-4.091530	2.737150	2.960460	3.908470	0.000019
8.000000	4.189419	4.213742	NEARBOUND	-10.648300	2.960240	3.477150	-18.648300	0.000001
8.000000	3.772376	3.699160	NEARBOUND	-8.338290	2.869360	3.125360	-16.338290	0.000002
8.000000	4.303570	4.126557	NEARBOUND	-5.285530	2.591650	2.977760	-13.285530	0.000006
8.000000	4.484730	4.016130	FARBOUND	-5.084110	2.740240	2.915460	2.915890	0.000020
8.000000	4.484730	4.016130	NEARBOUND	-23.119000	2.195860	2.260980	-31.119000	0.000017
8.000000	4.418446	3.988480	NEARBOUND	1.318290	1.411200	1.340580	-6.681710	0.000005
8.000000	4.024786	4.326905	FARBOUND	-1.682780	2.647410	2.829720	6.317220	0.000010
8.000000	4.606262	4.207754	FARBOUND	-5.495170	2.486040	2.829060	2.504830	0.000015
8.000000	4.735512	4.336725	NEARBOUND	-1.279260	2.539470	2.568890	-9.279260	0.000001
8.000000	4.511020	4.438265	FARBOUND	-0.915825	2.587290	2.604810	7.084175	0.000002
8.000000	4.183389	3.857880	FARBOUND	-11.885600	2.419770	2.516280	-3.885600	0.000021
8.000000	4.357445	4.030669	FARBOUND	-4.325090	3.127000	3.441820	3.674910	0.000012
8.000000	4.267225	4.150164	NEARBOUND	-5.307990	2.916360	3.241010	-13.307990	0.000002
8.000000	4.132845	3.964493	FARBOUND	-4.620500	2.793790	3.214730	3.379500	0.000008
8.000000	4.132845	3.964493	NEARBOUND	11.350200	2.176360	2.008420	3.350200	0.000007
8.000000	4.636950	4.330976	FARBOUND	-3.839630	2.894830	3.131280	4.160370	0.000008
8.000000	4.021525	4.186316	NEARBOUND	-6.000710	2.140020	2.133600	-14.000710	0.000009
8.000000	4.374657	3.853387	NEARBOUND	6.975540	1.163820	0.723380	-1.024460	0.000035
8.000000	4.491724	3.757005	NEARBOUND	-12.526700	2.422390	2.698830	-20.526700	0.000014
8.000000	4.241640	3.872462	NEARBOUND	-11.237600	2.360760	2.585620	-19.237600	0.000002
8.000000	4.190025	3.792223	NEARBOUND	-2.658120	2.631120	2.702900	-10.658120	0.000019
8.000000	4.335713	3.770345	NEARBOUND	-10.108800	2.700400	2.925170	-18.108800	0.000006
8.000000	4.291771	3.775866	FARBOUND	8.253520	1.314970	0.850303	16.253520	0.000031
8.000000	4.291771	3.775866	NEARBOUND	-12.831400	1.977780	2.337800	-20.831400	0.000038
8.000000	4.312235	4.346146	FARBOUND	3.158290	1.593130	1.441030	11.158290	0.000033
8.000000	4.270886	4.148971	FARBOUND	-4.317280	1.808180	1.691020	3.682720	0.000000
8.000000	4.571671	3.973952	FARBOUND	-9.562660	2.529130	2.805980	-1.562660	0.000025
8.000000	4.137349	3.948314	FARBOUND	-11.695000	2.744530	3.107110	-3.695000	0.000024
8.000000	4.252907	4.484652	NEARBOUND	5.133120	1.311000	0.859893	-2.866880	0.000001
8.000000	4.332195	4.459606	NEARBOUND	-24.982600	2.242520	2.210060	-32.982600	0.000008
8.000000	4.498788	4.272299	NEARBOUND	-9.737320	2.814370	3.114300	-17.737320	0.000007
8.000000	4.761490	4.298716	NEARBOUND	-11.319100	2.303490	2.178570	-19.319100	0.000013
8.000000	4.009935	4.129859	NEARBOUND	-11.273000	2.291950	2.707140	-19.273000	0.000002
8.000000	3.794128	3.809081	NEARBOUND	-13.218200	1.772110	1.800300	-21.218200	0.000000
8.000000	4.207709	4.343098	FARBOUND	-6.404220	2.711600	3.226190	1.595780	0.000017
8.000000	4.482199	4.268318	NEARBOUND	-1.290780	2.186720	2.174160	-9.290780	0.000019
8.000000	4.395209	4.375877	NEARBOUND	-8.194710	2.521870	2.951060	-16.194710	0.000002
8.000000	4.081878	3.922133	NEARBOUND	-8.630120	2.900580	3.287440	-16.630120	0.000059
8.000000	3.731070	3.438324	FARBOUND	9.716850	2.199120	2.104860	17.716850	0.000000
8.000000	4.228990	4.204442	NEARBOUND	-23.698600	2.051820	2.120080	-31.698600	0.000005
8.000000	4.388230	3.922868	FARBOUND	-5.840670	3.314700	3.598630	2.159330	0.000041
8.000000	4.388230	3.922868	NEARBOUND	-1.275540	1.799970	1.776020	-9.275540	0.000002
8.000000	4.304699	4.052053	FARBOUND	-7.754350	3.003620	3.285720	0.245650	0.000006
8.000000	4.088384	4.034108	NEARBOUND	-10.617500	2.411580	2.524440	-18.617500	0.000025
8.000000	3.979643	4.147722	NEARBOUND	-7.140400	2.649620	2.933620	-15.140400	0.000028
8.000000	4.210753	4.007189	FARBOUND	-3.517780	3.190280	3.365510	4.482220	0.000003
8.000000	4.288678	4.258789	FARBOUND	11.436500	1.894950	1.478800	19.436500	0.000001
8.000000	4.288678	4.258789	NEARBOUND	6.372540	1.103020	0.661773	-1.627460	0.000007
8.000000	4.141333	4.044414	NEARBOUND	-11.979800	2.252030	2.195880	-19.979800	0.000000
8.000000	4.073767	4.025983	NEARBOUND	-1.815150	2.573870	2.607200	-9.815150	0.000024
8.000000	4.066004	3.956817	FARBOUND	-12.102900	2.375820	2.610000	-4.102900	0.000074
8.000000	4.066004	3.956817	NEARBOUND	-3.617340	2.212570	2.416660	-11.617340	0.000002
8.000000	4.885695	4.513338	FARBOUND	-1.265100	3.107750	3.183740	6.734900	0.000008
8.000000	4.202856	3.693128	FARBOUND	-6.756840	2.667450	2.779550	1.243160	0.000062
8.000000	4.202856	3.693128	NEARBOUND	-4.658860	2.923010	2.997470	-12.658860	0.000017
8.000000	4.657129	4.241639	NEARBOUND	-26.739100	2.423660	1.973330	-34.739100	0.000027
8.000000	4.406092	3.902456	FARBOUND	-0.511076	2.390920	2.405920	7.488924	0.000000
8.000000	4.044472	3.832875	FARBOUND	6.341350	1.356240	0.804023	14.341350	0.000001
8.000000	4.370910	3.976551	FARBOUND	-12.527800	2.899570	3.313110	-4.527800	0.000002
8.000000	4.370910	3.976551	NEARBOUND	5.308850	1.759430	1.562870	-2.691150	0.000010
8.000000	4.218885	3.761279	FARBOUND	-2.671900	3.201430	3.399190	5.328100	0.000000
8.000000	4.235907	4.358320	NEARBOUND	11.494700	1.648140	0.893688	3.494700	0.000001
8.000000	4.551926	3.866449	FARBOUND	-11.260000	2.602840	2.660320	-3.260000	0.000010
8.000000	4.541786	4.459009	NEARBOUND	-12.462500	2.022120	1.991110	-20.462500	0.000004
8.000000	4.514681	4.172196	FARBOUND	-16.499500	2.081730	1.875560	-8.499500	0.000005
8.000000	4.381494	3.741686	NEARBOUND	-3.937860	2.713930	2.823580	-11.937860	0.000012
8.000000	4.295673	4.021018	FARBOUND	3.508290	1.385270	1.173920	11.508290	0.000001
8.000000	4.295673	4.021018	NEARBOUND	-14.948000	2.504970	2.461290	-22.948000	0.000007
8.000000	4.200134	4.305558	NEARBOUND	-12.245700	2.571010	2.789740	-20.245700	0.000019
8.000000	4.516692	4.562267	NEARBOUND	-10.652200	2.706420	2.911300	-18.652200	0.000027
8.000000	4.363145	4.232928	NEARBOUND	-7.470460	2.932800	3.156080	-15.470460	0.000004
8.000000	4.364095	4.150671	NEARBOUND	-2.468040	3.142080	3.403270	-10.468040	0.000005
8.000000	4.482843	4.139358	FARBOUND	-7.413130	3.090560	3.506030	0.586870	0.000005
8.000000	4.389789	4.191057	NEARBOUND	-5.610450	3.092380	3.349220	-13.610450	0.000003
8.000000	4.107796	4.207704	FARBOUND	-7.201550	3.061010	3.325860	0.798450	0.000034
8.000000	4.107796	4.207704	NEARBOUND	13.212400	1.799750	1.182610	5.212400	0.000000
8.000000	4.212364	3.734807	NEARBOUND	-2.588870	3.103480	3.249460	-10.588870	0.000009
8.000000	4.549924	4.047448	FARBOUND	-4.658040	3.035910	3.240340	3.341960	0.000002
8.000000	4.549924	4.047448	NEARBOUND	-2.926710	2.865140	3.154420	-10.926710	0.000013
8.000000	4.666586	4.233907	FARBOUND	-8.393340	2.122750	2.333080	-0.393340	0.000001
8.000000	4.666586	4.233907	NEARBOUND	-4.430840	3.118760	3.377750	-12.430840	0.000030
8.000000	3.876782	4.144899	FARBOUND	-7.224340	2.413830	2.888120	0.775660	0.000029
8.000000	4.158556	3.667758	NEARBOUND	-7.529590	2.011420	2.013700	-15.529590	0.000001
8.000000	3.829515	3.990315	NEARBOUND	-2.105250	2.542940	2.601310	-10.105250	0.000009
8.000000	3.877457	3.793085	NEARBOUND	-29.242000	2.321740	2.058650	-37.242000	0.000024
8.000000	4.083983	4.142226	NEARBOUND	6.300380	1.177420	0.801616	-1.699620	0.000012
8.000000	4.791853	4.700189	NEARBOUND	-10.106300	2.699810	3.212700	-18.106300	0.000002
8.000000	4.142669	3.700991	NEARBOUND	-18.188600	2.258660	2.236810	-26.188600	0.000025
8.000000	4.230254	3.763872	NEARBOUND	-22.532800	2.145500	2.135040	-30.532800	0.000003
8.000000	4.359805	4.178282	FARBOUND	-16.147300	2.280240	2.372970	-8.147300	0.000023
8.000000	4.359805	4.178282	NEARBOUND	-0.806618	2.641670	2.661740	-8.806618	0.000004
8.000000	4.332880	4.265308	NEARBOUND	-10.775100	2.261190	2.229140	-18.775100	0.000006
8.000000	4.334383	3.710658	FARBOUND	-6.784700	2.368980	2.656380	1.215300	0.000004
8.000000	4.471624	4.710572	NEARBOUND	13.390700	1.941180	1.567980	5.390700	0.000004
8.000000	4.602164	4.330112	FARBOUND	6.064970	2.123870	2.090310	14.064970	0.000003
8.000000	4.235010	3.572425	NEARBOUND	-11.455800	2.235980	2.059300	-19.455800	0.000009
8.000000	3.688024	3.714591	FARBOUND	-5.366040	2.227400	2.302170	2.633960	0.000005
8.000000	4.423931	4.119726	FARBOUND	-4.738040	3.041550	3.206600	3.261960	0.000025
8.000000	4.201950	3.729291	FARBOUND	-6.978190	2.594210	3.013020	1.021810	0.000006
8.000000	4.201950	3.729291	NEARBOUND	-6.204490	2.843400	3.152750	-14.204490	0.000017
8.000000	4.035126	4.101408	FARBOUND	15.271700	1.898670	1.215150	23.271700	0.000000
8.000000	4.035126	4.101408	NEARBOUND	-4.005900	2.996090	3.297030	-12.005900	0.000040
8.000000	4.500045	4.001183	FARBOUND	3.287470	1.920640	1.903540	11.287470	0.000002
8.000000	4.528161	3.931586	NEARBOUND	-19.333400	2.184300	1.927790	-27.333400	0.000006
8.000000	4.307222	4.009973	NEARBOUND	-3.620760	2.989250	3.048950	-11.620760	0.000027
8.000000	3.768508	3.885516	NEARBOUND	-2.657300	2.999220	3.149570	-10.657300	0.000020
8.000000	4.700538	4.427667	FARBOUND	-3.611900	3.120350	3.280230	4.388100	0.000015
8.000000	4.700538	4.427667	NEARBOUND	-4.333890	2.404180	2.786550	-12.333890	0.000017
8.000000	3.947041	3.918831	FARBOUND	-9.631820	3.033540	3.314110	-1.631820	0.000025
8.000000	3.957823	4.190257	NEARBOUND	6.052680	1.729840	1.474680	-1.947320	0.000000
8.000000	4.591435	3.979503	FARBOUND	15.481300	1.971530	1.370130	23.481300	0.000029
8.000000	4.741919	4.133645	NEARBOUND	-4.545230	3.090350	3.292920	-12.545230	0.000025
8.000000	4.327259	3.996123	NEARBOUND	1.128520	3.197460	3.230090	-6.871480	0.000041
8.000000	4.594517	4.174908	NEARBOUND	-4.325080	2.672990	2.823160	-12.325080	0.000002
8.000000	4.228937	3.864912	FARBOUND	-10.402300	2.362150	2.467010	-2.402300	0.000010
8.000000	4.128115	4.288996	FARBOUND	-9.823740	2.789370	3.283860	-1.823740	0.000009
8.000000	4.528543	4.193350	NEARBOUND	-9.634550	3.059050	3.520060	-17.634550	0.000002
8.000000	4.562654	4.200003	FARBOUND	-5.406480	3.226310	3.597360	2.593520	0.000014
8.000000	4.380105	3.696118	FARBOUND	-12.445300	1.903110	1.886920	-4.445300	0.000002
8.000000	3.985806	3.423994	FARBOUND	-10.323200	2.470730	2.702280	-2.323200	0.000002
8.000000	4.309743	3.729924	NEARBOUND	1.374400	0.913212	0.812235	-6.625600	0.000006
8.000000	4.528450	4.101863	NEARBOUND	-2.018910	3.125550	3.300880	-10.018910	0.000014
8.000000	4.091755	3.804847	FARBOUND	5.466350	1.137440	0.812350	13.466350	0.000001
8.000000	4.606828	4.563495	NEARBOUND	-7.617230	2.739160	3.242000	-15.617230	0.000021
8.000000	3.957865	3.995207	NEARBOUND	2.494680	1.671120	1.572670	-5.505320	0.000036
8.000000	4.248140	4.173057	NEARBOUND	-4.744520	2.642560	2.810120	-12.744520	0.000066
8.000000	4.255180	3.881676	FARBOUND	-0.448894	3.006020	3.048080	7.551106	0.000013
8.000000	4.466095	4.487238	NEARBOUND	-14.795400	2.325300	2.265100	-22.795400	0.000000
8.000000	4.453765	4.199081	FARBOUND	-8.548710	3.259780	3.616070	-0.548710	0.000006
8.000000	4.506060	4.059721	FARBOUND	-5.815570	2.895990	3.105450	2.184430	0.000009
8.000000	4.502237	3.903501	NEARBOUND	-4.215940	2.994850	3.224670	-12.215940	0.000012
8.000000	3.910313	3.994803	NEARBOUND	7.437670	1.465370	1.040680	-0.562330	0.000004
8.000000	4.043467	3.954838	NEARBOUND	-31.171100	2.124660	1.647200	-39.171100	0.000003
8.000000	4.482883	3.805320	NEARBOUND	-15.888500	2.077010	2.197860	-23.888500	0.000004
8.000000	4.028072	4.475186	FARBOUND	-8.447960	2.616820	2.630120	-0.447960	0.000016
8.000000	4.165924	4.441142	FARBOUND	-5.098750	2.792430	3.049300	2.901250	0.000015
8.000000	4.638997	4.142519	NEARBOUND	-3.095690	3.392070	3.553880	-11.095690	0.000003
8.000000	4.160727	4.179802	FARBOUND	-3.270680	2.439710	2.629430	4.729320	0.000019
8.000000	4.315306	4.435705	NEARBOUND	-7.392470	2.108590	2.299330	-15.392470	0.000029
8.000000	4.666940	4.383203	FARBOUND	-4.382370	3.424450	3.578930	3.617630	0.000000
8.000000	4.189392	4.147591	FARBOUND	3.972590	1.434750	1.075210	11.972590	0.000027
8.000000	4.101420	4.245527	FARBOUND	2.892360	0.884419	0.660044	10.892360	0.000001
8.000000	4.101420	4.245527	NEARBOUND	-0.771626	1.532410	1.497530	-8.771626	0.000026
8.000000	4.452032	4.194624	FARBOUND	4.649270	1.323810	0.943164	12.649270	0.000004
8.000000	4.366754	4.213228	NEARBOUND	-9.640440	2.463230	2.660110	-17.640440	0.000058
8.000000	4.561209	3.857225	NEARBOUND	-8.560610	2.704700	3.076190	-16.560610	0.000009
8.000000	4.226465	4.132296	FARBOUND	-5.000060	2.553130	2.630550	2.999940	0.000030
8.000000	4.226465	4.132296	NEARBOUND	-2.104220	2.571100	2.734020	-10.104220	0.000004
8.000000	4.662914	4.338656	FARBOUND	-4.184210	3.234660	3.413160	3.815790	0.000016
8.000000	4.585778	4.527951	FARBOUND	-12.658800	2.508420	3.326210	-4.658800	0.000003
8.000000	4.512162	4.136595	FARBOUND	-4.101180	2.968460	3.189080	3.898820	0.000018
8.000000	4.010544	3.942286	FARBOUND	-4.962000	2.808880	2.972890	3.038000	0.000002
8.000000	4.505589	3.874537	FARBOUND	-9.366130	1.912080	1.869670	-1.366130	0.000031
8.000000	4.358516	4.302784	NEARBOUND	-4.361120	2.203880	2.229300	-12.361120	0.000009
8.000000	4.760784	4.289826	FARBOUND	-5.725230	3.067380	3.299930	2.274770	0.000000
8.000000	3.962957	3.975668	NEARBOUND	-0.002799	2.741530	2.741540	-8.002799	0.000012
8.000000	4.803466	4.594725	FARBOUND	-17.640800	2.365420	2.438610	-9.640800	0.000015
8.000000	4.559553	4.321114	FARBOUND	-6.348770	3.235580	3.447860	1.651230	0.000003
8.000000	4.559553	4.321114	NEARBOUND	-7.835490	3.270920	3.690910	-15.835490	0.000008
8.000000	4.343731	3.838711	FARBOUND	-1.534600	2.643570	2.714420	6.465400	0.000015
8.000000	4.343731	3.838711	NEARBOUND	-3.465480	2.713090	2.995130	-11.465480	0.000021
8.000000	4.214761	4.057847	FARBOUND	35.933100	2.404650	1.518580	43.933100	0.000000
8.000000	4.214761	4.057847	NEARBOUND	-9.491770	3.025540	3.479340	-17.491770	0.000020
8.000000	3.852981	4.164589	FARBOUND	-12.231500	2.321330	2.629280	-4.231500	0.000013
8.000000	4.277569	4.074052	NEARBOUND	3.894610	1.059310	0.739128	-4.105390	0.000000
8.000000	4.269408	4.055733	FARBOUND	2.373860	1.310540	1.169730	10.373860	0.000001
8.000000	4.269408	4.055733	NEARBOUND	-10.136800	2.951220	3.320400	-18.136800	0.000008
8.000000	4.196503	4.113648	FARBOUND	0.613034	3.285880	3.334160	8.613034	0.000027
8.000000	4.196503	4.113648	NEARBOUND	-22.459200	2.338470	2.324530	-30.459200	0.000002
8.000000	4.220506	4.220624	NEARBOUND	-1.893130	2.501070	2.625050	-9.893130	0.000003
8.000000	4.267800	4.101461	FARBOUND	-16.738100	2.046830	2.086230	-8.738100	0.000006
8.000000	4.564816	3.984583	FARBOUND	-6.879220	2.196680	2.531180	1.120780	0.000009
8.000000	4.564816	3.984583	NEARBOUND	-6.150910	2.813990	2.978840	-14.150910	0.000004
8.000000	4.153912	4.137384	NEARBOUND	9.038550	1.691520	1.213050	1.038550	0.000003
8.000000	3.447944	3.925984	FARBOUND	3.929750	1.740290	1.587020	11.929750	0.000005
8.000000	3.906218	3.851370	FARBOUND	3.150940	1.701990	1.572810	11.150940	0.000002
8.000000	4.815965	4.513150	NEARBOUND	2.775130	0.857971	0.604148	-5.224870	0.000013
8.000000	3.950425	4.451443	NEARBOUND	14.830200	1.954730	1.628940	6.830200	0.000002
8.000000	4.170041	4.015541	FARBOUND	-10.649400	2.252500	2.387650	-2.649400	0.000000
8.000000	4.170041	4.015541	NEARBOUND	-2.164620	2.746180	3.029970	-10.164620	0.000008
8.000000	4.275732	4.232027	FARBOUND	-7.461430	3.074680	3.485810	0.538570	0.000011
8.000000	4.275732	4.232027	NEARBOUND	4.633100	1.921930	1.809580	-3.366900	0.000004
8.000000	4.396654	3.899735	FARBOUND	-10.361100	2.532870	2.489870	-2.361100	0.000013
8.000000	4.130706	3.797495	NEARBOUND	-16.398800	2.119240	1.782140	-24.398800	0.000010
8.000000	4.118014	4.340788	FARBOUND	2.683060	1.622490	1.504210	10.683060	0.000001
8.000000	4.483556	4.014542	FARBOUND	-5.873140	3.237990	3.525350	2.126860	0.000005
8.000000	4.483556	4.014542	NEARBOUND	-22.511500	2.232340	1.755170	-30.511500	0.000016
8.000000	4.171093	3.772918	FARBOUND	-7.183040	2.538590	2.815650	0.816960	0.000040
8.000000	4.121823	3.872303	FARBOUND	-3.345510	2.892780	3.060700	4.654490	0.000006
8.000000	4.121823	3.872303	NEARBOUND	-5.531440	3.253190	3.568270	-13.531440	0.000004
8.000000	4.045172	3.892085	FARBOUND	-3.228900	2.818210	2.934500	4.771100	0.000025
8.000000	4.023001	3.923103	FARBOUND	-5.458340	3.011290	3.308000	2.541660	0.000001
8.000000	4.023001	3.923103	NEARBOUND	6.706370	1.204340	0.685835	-1.293630	0.000004
8.000000	4.107157	3.741151	FARBOUND	-5.358760	3.018240	3.256580	2.641240	0.000007
8.000000	4.197955	3.855852	FARBOUND	8.998320	1.443800	0.783170	16.998320	0.000044
8.000000	4.197955	3.855852	NEARBOUND	-4.932870	3.021290	3.358430	-12.932870	0.000044
8.000000	4.202659	4.125647	NEARBOUND	-14.576900	2.101470	2.296110	-22.576900	0.000003
8.000000	3.822805	4.209298	NEARBOUND	-25.397700	2.504460	2.219270	-33.397700	0.000003
8.000000	4.400729	4.161290	FARBOUND	-3.872070	2.350550	2.359100	4.127930	0.000000
8.000000	4.400729	4.161290	NEARBOUND	-3.994310	3.279840	3.436130	-11.994310	0.000010
8.000000	4.108834	4.011474	FARBOUND	-17.115800	2.274990	2.292690	-9.115800	0.000005
8.000000	4.059032	4.214234	NEARBOUND	19.086700	2.030740	1.311610	11.086700	0.000001
8.000000	4.706446	4.167101	NEARBOUND	0.508280	3.315180	3.336640	-7.491720	0.000001
8.000000	4.580468	4.260716	FARBOUND	-1.447300	1.397260	1.323480	6.552700	0.000014
8.000000	4.580468	4.260716	NEARBOUND	-11.970200	1.866080	1.971000	-19.970200	0.000020
8.000000	4.356034	3.890781	FARBOUND	-10.632300	2.584130	2.772360	-2.632300	0.000007
8.000000	4.568449	4.115415	FARBOUND	-6.449550	3.050850	3.502360	1.550450	0.000004
8.000000	4.568449	4.115415	NEARBOUND	-5.175110	3.325170	3.550790	-13.175110	0.000042
8.000000	4.198622	3.639536	FARBOUND	-1.294540	1.873030	1.837280	6.705460	0.000018
8.000000	4.198622	3.639536	NEARBOUND	6.218440	1.422750	0.894295	-1.781560	0.000009
8.000000	4.484032	4.173525	NEARBOUND	-12.977700	2.064320	2.005590	-20.977700	0.000000
8.000000	4.238605	4.249098	NEARBOUND	-4.712790	2.307770	2.254900	-12.712790	0.000010
8.000000	3.837203	4.251255	NEARBOUND	-4.718380	2.435760	2.768340	-12.718380	0.000025
8.000000	4.098626	4.030394	FARBOUND	-4.643570	2.628830	2.745500	3.356430	0.000004
8.000000	4.171400	4.027208	NEARBOUND	-6.253870	2.036270	2.307500	-14.253870	0.000004
8.000000	4.549373	4.151326	FARBOUND	-4.098650	3.145750	3.369660	3.901350	0.000010
8.000000	4.233778	3.969494	NEARBOUND	-7.393270	2.521090	2.609530	-15.393270	0.000004
8.000000	4.488921	3.956262	FARBOUND	-6.849200	2.635590	3.054960	1.150800	0.000000
8.000000	4.488921	3.956262	NEARBOUND	2.816120	2.401740	2.413970	-5.183880	0.000000
8.000000	4.696299	4.494500	NEARBOUND	-1.193780	2.922190	3.124380	-9.193780	0.000060
8.000000	4.315877	4.098084	FARBOUND	-4.592880	2.411050	2.679450	3.407120	0.000010
8.000000	4.315877	4.098084	NEARBOUND	-6.211610	2.360720	2.590250	-14.211610	0.000032
8.000000	4.430988	4.002729	FARBOUND	-5.136020	2.952840	3.237440	2.863980	0.000010
8.000000	4.080001	3.870207	FARBOUND	-12.738300	2.906040	3.209810	-4.738300	0.000000
8.000000	4.374059	4.166526	FARBOUND	-2.649230	2.130640	2.075820	5.350770	0.000000
8.000000	4.374059	4.166526	NEARBOUND	-4.840810	2.444150	2.702720	-12.840810	0.000006
8.000000	4.165767	4.010843	FARBOUND	2.812530	1.048520	0.772067	10.812530	0.000001
8.000000	4.353887	4.416990	FARBOUND	5.347490	1.063280	0.716051	13.347490	0.000001
8.000000	4.691164	4.128775	FARBOUND	-9.831340	3.064900	3.518580	-1.831340	0.000000
8.000000	4.232523	4.128373	FARBOUND	1.043190	2.273220	2.303080	9.043190	0.000011
8.000000	4.111958	3.793394	FARBOUND	-2.993760	2.981240	3.138030	5.006240	0.000005
8.000000	4.604001	4.190189	FARBOUND	-21.594200	2.082300	2.087640	-13.594200	0.000015
8.000000	4.232883	4.005965	FARBOUND	-3.189710	2.504770	2.573480	4.810290	0.000004
8.000000	4.351869	4.470617	NEARBOUND	7.474010	1.362230	0.940831	-0.525990	0.000005
8.000000	4.244136	3.840705	NEARBOUND	-11.062400	2.156620	2.133760	-19.062400	0.000046
8.000000	3.598775	3.783734	NEARBOUND	-4.848400	2.580950	2.730080	-12.848400	0.000001
8.000000	4.000008	3.910703	NEARBOUND	-6.043710	1.922500	1.718040	-14.043710	0.000016
8.000000	4.039019	4.215399	NEARBOUND	-18.263200	2.333460	2.439150	-26.263200	0.000022
8.000000	4.628234	4.239902	FARBOUND	-4.762930	3.173210	3.411640	3.237070	0.000017
8.000000	4.628234	4.239902	NEARBOUND	1.788810	3.252860	3.419970	-6.211190	0.000009
8.000000	3.705702	3.904251	NEARBOUND	-10.887500	3.084440	3.414620	-18.887500	0.000010
8.000000	4.140772	4.036001	FARBOUND	-7.359310	2.801950	2.958360	0.640690	0.000007
8.000000	4.214002	3.598467	FARBOUND	21.216100	2.050880	1.101360	29.216100	0.000014
8.000000	4.214002	3.598467	NEARBOUND	7.354640	1.681680	1.340950	-0.645360	0.000002
8.000000	4.076120	4.203266	FARBOUND	7.643850	1.755830	1.440750	15.643850	0.000021
8.000000	4.172514	3.812897	NEARBOUND	-5.884370	2.899330	3.102060	-13.884370	0.000010
8.000000	4.062509	4.207164	FARBOUND	2.628510	1.423130	1.272040	10.628510	0.000002
8.000000	4.364650	4.039656	NEARBOUND	-17.286400	1.904870	1.907110	-25.286400	0.000023
8.000000	4.614634	4.067322	FARBOUND	-9.506540	2.235050	2.340680	-1.506540	0.000009
8.000000	4.059718	3.809727	FARBOUND	-0.477180	1.837060	2.020700	7.522820	0.000008
8.000000	4.537067	4.013503	FARBOUND	-4.581610	2.849070	3.168710	3.418390	0.000058
8.000000	4.537067	4.013503	NEARBOUND	-4.155220	2.811150	2.994780	-12.155220	0.000000
8.000000	4.555791	4.188061	FARBOUND	-3.880130	2.170690	2.356110	4.119870	0.000021
8.000000	4.555791	4.188061	NEARBOUND	-3.535730	3.183170	3.510260	-11.535730	0.000006
8.000000	4.825368	4.457386	FARBOUND	-3.475580	3.296800	3.457580	4.524420	0.000027
8.000000	4.792487	4.470533	FARBOUND	-11.854600	2.227840	2.280790	-3.854600	0.000045
8.000000	4.495719	4.109170	FARBOUND	-6.043020	3.158120	3.577670	1.956980	0.000017
8.000000	4.180486	4.542448	FARBOUND	-10.214300	2.502820	2.646360	-2.214300	0.000014
8.000000	3.997876	3.931522	NEARBOUND	-1.866150	3.024690	3.092890	-9.866150	0.000001
8.000000	4.704536	4.303429	FARBOUND	-4.340360	2.995690	3.259890	3.659640	0.000019
8.000000	4.492766	4.736942	FARBOUND	-7.094640	3.133280	3.466200	0.905360	0.000004
8.000000	4.646140	4.471601	FARBOUND	-8.442020	2.854580	3.187850	-0.442020	0.000016
8.000000	3.841720	3.942042	FARBOUND	-14.984500	1.927090	1.841440	-6.984500	0.000011
8.000000	4.225315	3.893598	NEARBOUND	-13.502500	2.294190	2.402200	-21.502500	0.000024
8.000000	4.073853	4.073481	NEARBOUND	10.010200	1.822600	1.410610	2.010200	0.000001
8.000000	4.091986	4.213044	FARBOUND	-18.017200	2.639120	2.834070	-10.017200	0.000001
8.000000	4.091986	4.213044	NEARBOUND	-7.974030	2.342930	2.685700	-15.974030	0.000005
8.000000	4.158974	4.038658	NEARBOUND	-6.860770	2.937390	3.418950	-14.860770	0.000034
8.000000	4.404947	3.852827	FARBOUND	-5.660330	2.311030	2.457030	2.339670	0.000024
8.000000	4.147895	3.542060	NEARBOUND	-20.850000	2.500590	2.572000	-28.850000	0.000024
8.000000	3.955229	3.803027	NEARBOUND	-14.260700	2.227580	2.019660	-22.260700	0.000006
8.000000	4.230522	3.990808	FARBOUND	-5.419540	3.163810	3.606230	2.580460	0.000004
8.000000	4.675752	4.181416	FARBOUND	-8.755400	2.922650	3.322810	-0.755400	0.000005
8.000000	4.675752	4.181416	NEARBOUND	-1.648330	2.244610	2.248970	-9.648330	0.000001
8.000000	4.053889	3.730100	NEARBOUND	-4.420620	2.481540	2.665170	-12.420620	0.000011
8.000000	4.522010	4.293206	FARBOUND	-6.143350	1.807130	1.638710	1.856650	0.000010
8.000000	4.522010	4.293206	NEARBOUND	-7.893240	2.785860	3.133600	-15.893240	0.000052
8.000000	4.561719	4.284732	FARBOUND	-20.328900	1.975800	1.812280	-12.328900	0.000009
8.000000	4.297671	4.255204	FARBOUND	-11.640700	2.593350	2.927820	-3.640700	0.000008
8.000000	4.226078	4.024120	NEARBOUND	-8.073910	3.223630	3.677920	-16.073910	0.000018
8.000000	4.547554	4.196247	FARBOUND	-20.555800	2.202850	2.277230	-12.555800	0.000003
8.000000	4.239435	3.830588	FARBOUND	-2.319360	2.829510	2.922070	5.680640	0.000002
8.000000	4.274393	4.109166	NEARBOUND	-18.051000	1.944860	1.536840	-26.051000	0.000000
