# command line: ./generate_stepping_data --rm 11.0 --lt 23.0 --eqmpre 197.0 --framerate 1 --k_b 140000000.0 --cm 1.05 --eqmpost 242.0 --label papermain-8 --cb 0.08 --k_ub 120.0 --ls 20.75 --eqt 0.0 --dt 1e-10 --seed 8 --eqb 120.0 --runtime 5.0 --exp-unbinding-constant -0.35 --rb 3.5 --rt 12.0 --nomovie --ct 0.36



#********papermain-8__k_b-1.4e+08,k_ub-120,c--0.35,cb-0.08,cm-1.05,ct-0.36,ls-20.75,lt-23,seed-8,dt-1e-10********
#time_unbind, time_bind, nbx_bind, fbx_bind, nmx_unbind, fmx_unbind, nmx_bind, fmx_bind
#[time: 0]
  0.0069702251   0.0069719005   21.0067282823299   10.7203742909636   9.44132796550452   11.5628345564342     12.73991781785   13.8294339036245
  0.0086281931   0.0086450303   9.05185301816229   10.7203742909636   25.4075888064017   21.5343833821503   29.4527559735322   31.3776780524062
#[time: 0.01]
  0.0116865198   0.0117142767   9.05185301816229   15.3502781556909   12.5470542171614   12.6448847165011   2.94556935002595   2.70546514354807
  0.0163161287   0.0163491731   40.3036232756601    15.350278155691   16.5818820119487   17.5445740761964   29.5829990372513   28.3433835722455
  0.0194496473   0.0194550951   20.3598741453877    15.350278155691   48.3253809399908   34.4654922144871   6.85321473196916   7.69199857825612
#[time: 0.02]
#[time: 0.03]
  0.0329419658   0.0329676953   20.3598741453877   19.5491889703969   25.1920443367618   24.5460452331534   39.3585277920966   38.4518710265273
  0.0376582118   0.0377052609   20.3598741453877   33.0208570441363   25.3907916316692    25.203564192707   11.0026287915342   13.9077720341334
  0.0380784553   0.0380853473   38.1956358130539   33.0208570441363   30.3440640865832   31.3209116382576   28.7996175443377   31.6238358638933
#[time: 0.04]
  0.0456902314   0.0457050255   38.1956358130539   49.5810977063149   33.2307306976456   33.5383329096357   40.5879722447678   37.8517752817216
    0.04884805   0.0488480502   38.1956358130539   49.5810977063149   47.0244168999902   48.0204447888917   46.9372931533024   47.9488901859756
#[time: 0.05]
#[time: 0.06]
  0.0677083303    0.067709947   44.4343816887499   49.5810977063149   51.7163876627954   57.7523935805954   56.7957856174768     67.26615857334
#[time: 0.07]
  0.0710138309   0.0710878741   39.8276608548085   49.5810977063149   46.2530265838717   46.1834801316871   50.8980712579443   61.0248425503039
  0.0722458678   0.0722646415   39.8276608548085   50.5024407764167   43.8936755653898   43.8180665189584   45.2573650408356   45.3721864233967
#[time: 0.08]
  0.0813319811   0.0813962965   55.9721298704093   50.5024407764167   47.9449776014687   48.5661442735972    42.870056120969      46.4331038658
  0.0881703967   0.0881896844   55.5099441650955   50.5024407764167   55.4846651601319   55.1093024211758   41.1697107631847    45.781436977056
  0.0883008895   0.0883357963   54.7731460445658   50.5024407764167   55.3442647809746   54.9322066842202    37.516574744888   38.3950952909785
#[time: 0.09]
#[time: 0.1]
  0.1076506803   0.1077007633   52.8869652492003   50.5024407764167   54.6412775471398   54.3367533053122   68.1268525753004   65.4896711848312
#[time: 0.11]
#[time: 0.12]
#[time: 0.13]
   0.135580163   0.1355915473   52.8869652492003   70.2990832091815    48.047937496514   48.0206872661651   64.3722605794842   70.1467370984127
   0.136086681   0.1361067108   52.8869652492003   57.5904742993128   66.0612224460356   74.7918323388094   49.1596398846182   48.1446044513684
#[time: 0.14]
  0.1424699893   0.1425382422   69.2669594006368   57.5904742993128   59.2283004585618   60.4851274022315   55.3660558615006   58.7201673388641
#[time: 0.15]
  0.1583780933   0.1583810893   59.5768853719791   57.5904742993128    71.089697609309   67.9092514662175   39.3921834257084   40.1223610434074
#[time: 0.16]
  0.1646131685   0.1646313844   63.9889443127138   57.5904742993128   66.0833963942957   65.3071371487227   44.4759677745379   43.2444131130721
#[time: 0.17]
#[time: 0.18]
  0.1810098562   0.1810320987   63.9889443127138   70.9987702215453   72.3027801998579   69.5606851235384   69.1549027528442   70.1126721401323
  0.1844646592   0.1845280205   63.9889443127138   88.2067589594389   69.3692120450729    69.736291815333   76.3941551029156   81.5813506703273
  0.1893138074   0.1893174863   63.9889443127138   68.1446716223837    76.778654949891   80.0090116113895    53.832948583206   53.2526773971607
#[time: 0.19]
  0.1905108685   0.1905232495   75.7790414517185   68.1446716223837   69.2974650413745   69.7374185024282   61.9995775599995   63.7511656842672
  0.1938660266   0.1939042604   75.7790414517185   81.5058707454936    80.239712715809    78.721639080778   71.9805362321043   70.6610133818364
#[time: 0.2]
  0.2024508583   0.2024655087   69.3767685261471   81.5058707454936   86.0049949484461   88.1546963318909   80.6831084968375   90.6268704297925
  0.2037470874   0.2037926868   69.3767685261471   74.9448214824574   81.8889885218846   84.9835227098417   58.6093537153112   58.8352764773748
#[time: 0.21]
    0.21159398   0.2116067192   69.3767685261471   80.3629670964028    78.835138490073   79.8155025740028   65.4394153575525   64.1947152539206
#[time: 0.22]
  0.2264896437   0.2264900505   76.6096146590511   80.3629670964028   81.5805378190391   86.6535417244556   97.1132592521815   101.109520957131
  0.2268817982   0.2269329885   76.6096146590511   63.8142020675816    83.139151392025    83.551050311788    97.093460283893   82.6329024062488
#[time: 0.23]
  0.2320112618   0.2320353849   76.6096146590511   81.8265722576523    68.344127127112   69.4367437394922   67.5758023996038   66.6195067937012
  0.2338205077   0.2338585583   83.2480577626518   81.8265722576523   86.0359331094692     87.68870938658   70.9161807384335   71.7747091500472
   0.237215727   0.2372193748   83.2480577626518   96.0081053401711   86.6088695504538   86.3498974219567   89.6209672892469   89.4642756651456
#[time: 0.24]
  0.2466585796   0.2466882714   83.2480577626518   86.2619662528271   92.5370594209717   94.3448662329996   66.6268163648636   65.9283389313385
#[time: 0.25]
  0.2502058895   0.2502461792   93.6648167147773   86.2619662528271   89.2848882913039   89.6243232272681   81.5785722840069   83.1025544348618
  0.2526631225   0.2527547092   91.2504000624824   86.2619662528271   100.536569561224   97.4906905591789   72.8941104548579   71.7471999404957
  0.2570378579   0.2570451237   99.3031802380264   86.2619662528271   94.7009764183493   94.0824786407819   86.9490518198856   91.6853560754537
#[time: 0.26]
