# command line: ./generate_stepping_data --lt 23.8 --k_b 100000000.0 --cb 0.1 --nomovie --ct 0.6 --runtime 5.0 --eqt 0 --cm 1.5 --framerate 1 --eqmpre 200 --exp-unbinding-constant 0.0 --eqmpost 224 --k_ub 100.0 --ls 10.49 --dt 1e-10 --seed 4 --label paperstatichisto-4 --eqb 120



#********paperstatichisto-4__k_b-1e+08,k_ub-100,cb-0.1,cm-1.5,ct-0.6,ls-10.49,lt-23.8,seed-4,dt-1e-10********
#time_unbind, time_bind, nbx_bind, fbx_bind, nmx_unbind, fmx_unbind, nmx_bind, fmx_bind
#[time: 0]
 0.0027692295  0.0028811092  -0.16672636631619 -0.775410265683414   2.84602068637784   2.54873721325672  -8.38331779391621   -8.3985584785041
#[time: 0.01]
 0.0120115084  0.0120525724  -0.16672636631619   5.08644397873575   1.11347760254622  0.910695368380067   1.15268255556553  0.181962430681137
 0.0165021612  0.0165021614  -0.16672636631619   5.08644397873579   5.28543571228353   8.81461441030891   5.60097239363051   9.13580894074039
 0.0171765944  0.0171961015  -0.16672636631619   2.13608865158991   5.02831069451531   7.91038615746292  -5.39916642847671  -6.59625979363629
 0.0197094421  0.0197102321  -1.60677255557441   2.13608865158991   9.51798170780667   12.0436485701303   0.43130598895078   3.71741135217189
#[time: 0.02]
 0.0229203806  0.0229228207  -1.60677255557441   1.70195315505466   3.16769181075657   4.45301696855426  -2.99416903530269  -3.51697207872596
#[time: 0.03]
#[time: 0.04]
 0.0487463853  0.0487746845   2.34638054663617   1.70195315505466   3.88220351181822   5.25918798755418  -4.29676370046251  -3.98647251426619
#[time: 0.05]
#[time: 0.06]
#[time: 0.07]
 0.0700534942  0.0700624644   2.34638054663617   4.19025864116542   7.00872275101184   6.50987771504316  -2.81043540393579  -3.54009953312584
 0.0707738005   0.070810699   8.97875584943156   4.19025864116542   3.81886726954306      3.91928444481  -1.09690502476438  -1.53171676468178
#[time: 0.08]
#[time: 0.09]
 0.0957194948  0.0958070585   8.97875584943156   6.39712595942515   11.2052068162882   9.05023862758627   19.0927108324331   15.3084115286773
#[time: 0.1]
#[time: 0.11]
#[time: 0.12]
 0.1214422718   0.121451531   8.97875584943156   -3.9013342999609   11.7123353549368   10.3736555626182   13.1713278177025   1.74908180410549
 0.1224324454   0.122433853   8.97875584943156   12.0256451183262   12.1843045382423   3.37856156924371   2.36215906684499   2.65464462391806
 0.1260914142  0.1261119125   8.97875584943156   15.3029436498416    14.309616302843   15.5800965662376    9.9142500653487   8.04005768024908
#[time: 0.13]
 0.1318976116  0.1319048527   8.97875584943156   9.82823681075184   12.6181614602149   14.3566010815229  0.893942998120078   1.06997174820975
 0.1347049821  0.1347185988   11.6525498939203   9.82823681075184   11.9776600676387   12.3638280846495   1.65856439128872   1.83952180974114
#[time: 0.14]
#[time: 0.15]
#[time: 0.16]
#[time: 0.17]
 0.1764180867  0.1764264685   16.1174122497381   9.82823681075184   17.5238976324854   16.2882802459431   18.0388115868744   15.3056318468045
 0.1792744973  0.1792885814      21.1054963745   9.82823681075184   20.5686839889572    15.711732608139   23.9014092582311   14.4473614740331
#[time: 0.18]
 0.1839950529  0.1840096745   9.31936114693211   9.82823681075184    24.401907567801   16.2613296450065   9.42906024578325   9.41925312015481
 0.1864405466   0.186448409   9.31936114693211   11.1748024649003   13.1010458336495   13.3226521809245   2.92528274688795   1.22754348365424
#[time: 0.19]
 0.1969464535  0.1969464537   9.31936114693213   11.1748024649003   12.2089975840617   12.8271735503831   12.2272618949454   12.7881906436509
 0.1996630259  0.1996683256   12.2884920207028   11.1748024649003   11.5630279912509   12.0927188408156   13.0722807511524   12.7580466198285
#[time: 0.2]
 0.2042211015  0.2042252162   11.8817171960582   11.1748024649003   14.7767415030966    14.464311505758   2.80810034617032   2.69438601793112
 0.2076828948   0.207711513   11.8817171960582   22.0043502578321   15.3642226480986   14.8751626697827   15.5014206129631   21.8299014039267
#[time: 0.21]
 0.2141400183  0.2141458862   26.2365922069461   22.0043502578321     17.71816997531   26.8947208647374   23.8870694834817   23.9970834876752
  0.215911542  0.2159189018   26.2365922069461   27.3034331129872    31.090210357015    28.403095963317   18.9552907364204   18.3413364515136
#[time: 0.22]
 0.2295784838  0.2295835177   26.2365922069461   27.5197651293787   28.6371553326718   28.9593599306398   20.8221606044646   20.5589175815228
#[time: 0.23]
 0.2314486831  0.2314550332   28.7090677545997   27.5197651293787   27.6545073114441   27.7772925213413    18.842842977369   18.7009422942093
 0.2316082229  0.2316422664   28.1695371192935   27.5197651293787   29.2032052936211   28.9996929154105   18.5783029475078   19.0166215592421
 0.2355939122  0.2355945329   28.1695371192935   29.0110196401414   30.8949798969924   30.6738309828121   19.6383877320727   19.4507588278278
 0.2387707658  0.2387812802   28.1695371192935   29.5527126650372   26.7002035625251   26.3368258848127   19.9616718752046   20.0106732879937
#[time: 0.24]
#[time: 0.25]
#[time: 0.26]
 0.2628072146  0.2628091333   28.1695371192935   27.3866838116871   32.3349292114685   32.8847333030246   19.6475620808958   20.0268276517868
#[time: 0.27]
#[time: 0.28]
#[time: 0.29]
#[time: 0.3]
 0.3036615077  0.3036784728   31.5690511782008   27.3866838116871   29.9969607829372    29.812356190904   26.9104682276306   27.6983065746995
 0.3053698285  0.3053872594   28.8576014130656   27.3866838116871   34.5165855962784   32.2237385010303   18.8129059775042   19.1734762154213
 0.3061635956  0.3061782485   28.8576014130656   30.0412279697047   29.1807375631208    28.898598450745    22.590196444009   21.3666196834562
 0.3061862812  0.3061863029   28.8576014130656   23.3611247905793   33.4341683380866   34.1580658235597   33.0894344894866   29.6667423076213
#[time: 0.31]
#[time: 0.32]
#[time: 0.33]
 0.3351146137  0.3351255283   21.8560617183085   23.3611247905793   30.2848912696969   28.2981023364892   29.2267654635565   30.9186219566824
#[time: 0.34]
#[time: 0.35]
#[time: 0.36]
 0.3622907346  0.3623561363   21.8560617183085   33.3874042565744   25.5609061418255    26.132273295295   28.2824705453733    30.517108106163
#[time: 0.37]
#[time: 0.38]
 0.3861227157  0.3861815877   41.8485581130495   33.3874042565744   28.9235895597909   34.6019938371612    40.629023563256   38.0368672108473
 0.3864495443  0.3864525884   44.7887865916691   33.3874042565744   41.0330318695781    38.740783500966   45.0581853737029   38.7910499991166
#[time: 0.39]
 0.3989763781  0.3990043215     27.35582031334   33.3874042565744   46.9582060111747   40.2839101391682   24.7244770262698   25.0783957683949
#[time: 0.4]
#[time: 0.41]
 0.4111272493  0.4111408804    35.919948318892   33.3874042565744   30.3096162419288   29.9977525717397   28.8362728707785   29.2908703672055
#[time: 0.42]
#[time: 0.43]
 0.4307088191  0.4307272809    36.290580451077   33.3874042565744   41.2254879028553   39.6447004583748   32.1235748217179   33.2631961508222
#[time: 0.44]
 0.4494509971  0.4494899538   34.1216578527363   33.3874042565744   37.4755676745321    36.576472911871   24.2123417177421   24.4178551900688
#[time: 0.45]
 0.4562866577  0.4563118794   37.0523558573703   33.3874042565744   36.1807433644985   35.9607841511939   38.4286406277436   35.7763708838584
 0.4574786824  0.4575228666   37.0523558573703   33.2334069847367   37.3740203038892   36.8270611715693    42.685931444545   38.1416724489563
 0.4599817164  0.4599859397   37.0523558573703   39.4999888291364   39.2326024098696   37.9971132317094   38.4279752641772   40.9108152772252
#[time: 0.46]
 0.4639939305   0.464020396    40.287644804304   39.4999888291364    41.901791893354   43.2758969353688   31.0596372109093   31.7275135525503
  0.467097091  0.4671274653    40.287644804304   41.3895486461746   42.8745144951928   42.5624385681957   33.2865467138975   32.9945593498478
#[time: 0.47]
 0.4715688215  0.4715735918   40.3975853086915   41.3895486461746   46.2248194984216   46.9597949055595   36.3295136874665   36.0973806894051
 0.4725060076  0.4725114418   40.3975853086915   45.1674448567213   43.0568677155407   43.3528948814075   41.1112345863996   39.5396547309011
  0.476912069  0.4769632576   40.3975853086915   46.1826049174254   45.4205584632571   47.3254980317037   35.9177234907269   35.8534289617404
#[time: 0.48]
 0.4815802708   0.481586946   40.3975853086915   40.9038505219999   44.1352260825867   44.9912595536982   50.7710928249862   51.3879623976018
#[time: 0.49]
#[time: 0.5]
  0.504344585  0.5043545828   40.3975853086915   43.4153884995181   43.8240394501468   44.1714404573265   35.9572442820395   34.6188149626341
#[time: 0.51]
 0.5141037851  0.5141243874   48.3977827388718   43.4153884995181   42.9728856458039   43.8099147157531   50.8463655029354   48.0748657968113
#[time: 0.52]
 0.5213134874  0.5213218292   48.3977827388718   49.5648634863014   46.6678858075466   46.5450273925981   43.4269888887795   41.8330167006149
#[time: 0.53]
 0.5309734671  0.5310498583   52.5390381387091   49.5648634863014   52.5256789807374   52.9547236753198   42.4856770703013    42.153473283569
 0.5332829877  0.5332984247   53.2078817076383   49.5648634863014   54.9697364925695   54.0743757298921   47.5281913105967   48.7804703093822
#[time: 0.54]
 0.5434230747  0.5434642704   51.5856545193352   49.5648634863014   56.8414212629415   55.0385197065609    41.099100074747   41.1266204787212
 0.5494181136  0.5494279566   51.5856545193352   53.0423378993393   51.3936622258862   51.1938564723672   50.1422962380284   49.7866493473909
 0.5499026708  0.5499262438   51.5856545193352   58.7944909755208    54.135751550409   54.3791544172142   54.7950842669559   53.3188940459779
#[time: 0.55]
#[time: 0.56]
 0.5626073667  0.5626279782   61.6913268412805   58.7944909755208   55.7224480451683   56.7975100774717   52.9278150937404   53.3832820484727
#[time: 0.57]
#[time: 0.58]
#[time: 0.59]
 0.5902323001  0.5903065128   60.6015510997673   58.7944909755208   66.3438408043594   64.5165367801189   59.9712112881593   59.8549153581235
 0.5951819677  0.5951987512   60.4467433260335   58.7944909755208   63.4057723440032   62.6654586754489   50.8962691191019   50.8518819957636
 0.5962018576  0.5962298704   60.4467433260335   59.1161452906917   62.0033044029546   61.3511019403858   64.5570674455409   63.6437186705527
 0.5983595656  0.5983678967   60.4467433260335   56.5550952045789   61.3948803161761   61.2042447652362   68.7147987943005   63.6260751342489
#[time: 0.6]
 0.6032661003  0.6032737329   57.2976780355977   56.5550952045789   59.1972571519944   58.9228327166104   57.3647125767795   57.3186190758259
 0.6086522592   0.608675546   57.2976780355977   58.0007550406787   58.8850909492937   58.7570874712727   55.5114224841457   55.2058915295557
#[time: 0.61]
 0.6127160187  0.6127999855   59.3965079329691   58.0007550406787    60.837829810555   61.2527219277972   49.4489665822144   49.3219425516401
 0.6152742334  0.6152778963   59.3965079329691    65.330546675448   61.2591781901199    60.770359415321    63.712380169379   65.8538371638151
#[time: 0.62]
 0.6270381356  0.6270657759   59.3965079329691   68.6111369974322   66.6962913707742   71.1345185116558   64.3137910968811   66.4341105935318
#[time: 0.63]
#[time: 0.64]
#[time: 0.65]
 0.6524606535  0.6524737594   71.2097172075884   68.6111369974322   65.4787432652238   71.1945450451644    61.214432328561   60.8567689676091
 0.6562178918  0.6562207815   71.2097172075884   54.0515179922226    69.365600731308   69.5409837673678   73.9920456797108   60.8442392390999
 0.6581418598   0.658151591   71.2097172075884   73.2835311560149   72.5028444459159   61.1696973180979   72.2986196261486   72.3199594766457
#[time: 0.66]
 0.6634997932  0.6635104511   71.2097172075884   72.2317629977021   75.7241327320923   76.7011787676827   67.6573036713191   65.9111252438383
#[time: 0.67]
 0.6773011697  0.6773064027    74.382787737226   72.2317629977021   75.3132440357162   75.6260182781603   69.4973874771183   70.1177300214243
#[time: 0.68]
 0.6864985473  0.6865067841   71.4828316395912   72.2317629977021   71.7208624769192   71.9778350746352   64.8611330610556   64.6053095412137
 0.6872702715  0.6873460536    80.073269856269   72.2317629977021   72.6209865772532   72.6934350579328   77.6439849401687   76.5042785176215
#[time: 0.69]
 0.6989380131  0.6990152368   73.8717072147502   72.2317629977021   78.5506368557663   76.9140910107994   69.7203861533748   70.2605777655165
#[time: 0.7]
 0.7019870945  0.7019939688   73.7679875001249   72.2317629977021   75.6448265133257   75.2033353802763   66.7691674762063   67.6490826561592
 0.7022091416  0.7022143285   73.7679875001249   77.7714755306884   82.4113814141258   80.8706643476608   76.1216323698659   76.7192423371686
#[time: 0.71]
#[time: 0.72]
#[time: 0.73]
#[time: 0.74]
 0.7498480102  0.7498703236   73.7679875001249   79.7368388657596    77.926285872051   79.8780394560728   75.5665370232223   73.2459999627675
#[time: 0.75]
 0.7527355303  0.7527814926   83.4271016540853   79.7368388657596    78.185533854546   79.6593698330682   74.1602263267093   75.9511785683942
#[time: 0.76]
 0.7638552257  0.7638580227   82.1017713845883   79.7368388657596   86.3592724152081   84.1522875836307     83.38840961186   82.7215621495005
  0.764534146  0.7645509696   82.1017713845883   83.7794473565883   86.2137259592635   84.8024289240382   77.2393570337988    76.174389548329
 0.7650988507  0.7651165208    89.310420355575   83.7794473565883   85.8107147173462   86.5013458824134   86.2895735232129   86.4271049321454
 0.7656006975  0.7656495458   84.6365536138622   83.7794473565883   93.1877482059054   89.9957478039903   75.7420359229901   75.6311544226821
#[time: 0.77]
 0.7761163746  0.7761226139   84.6365536138622   86.9550773343239    87.742182846371   87.4091472737002   82.2736104655239   81.3786857725325
 0.7790617377   0.779065919   91.6714648762929   86.9550773343239   88.7056213313905   89.7434794957943   93.7606505419636    91.077181879618
#[time: 0.78]
 0.7822868779  0.7822868781   91.6714648762929   86.9550773343239   93.8849050214399   92.1342656798595   94.0978317207538   92.2116835818601
 0.7833313613  0.7833572576   85.3836700542377   86.9550773343239   91.6988458516033   90.6686696746408   81.9207398077791    81.256812332195
 0.7850149771  0.7850327438   88.1554952864573   86.9550773343239   88.5068276918974   89.1311911943406   78.5125619750495   78.4221657676694
 0.7895162601  0.7895239052   82.8111133434924   86.9550773343239   92.1535068497321   91.6507871638819   87.3078274414871   90.5207363852701
#[time: 0.79]
 0.7965478052  0.7965672737   82.8111133434924   85.2202270634514   85.1480021380621   85.4517004393035   77.9359254161648   76.5676694295325
#[time: 0.8]
 0.8039057266  0.8039189208   82.8111133434924   84.7388619811804   83.5218650119092   83.2784732192493   77.4363156035213   76.5814027502275
 0.8042413549  0.8042509282    93.141092850975   84.7388619811804   85.5726225115489   86.3374335950805   90.9226482321593   89.2884039137209
#[time: 0.81]
#[time: 0.82]
#[time: 0.83]
 0.8344777848  0.8344866176    93.141092850975   96.6511768773582   93.7766784882045   90.4805408323492     93.30315656617   92.3714638048027
#[time: 0.84]
 0.8488767637   0.848876811   95.2988602105486   96.6511768773582   98.8375097460218   101.273831713655   97.2431787560268   97.5735675940823
#[time: 0.85]
 0.8574379557  0.8574504973   99.8816199785281   96.6511768773582   97.6530059841871   98.0153381304784   100.513139281064   99.1728356473956
#[time: 0.86]
#[time: 0.87]
 0.8741092782  0.8741134994   99.8816199785281   104.566599449772   104.781221952386   102.135416384974   101.335883298977   100.684128742975
#[time: 0.88]
#[time: 0.89]
 0.8968721648  0.8969377357   99.8816199785281   99.1086201036032   103.062523151681   104.061726889371   108.617436696578   105.646327750246
#[time: 0.9]
#[time: 0.91]
#[time: 0.92]
#[time: 0.93]
 0.9312944806  0.9313398391   99.8816199785281   104.586444606322   104.639557322211   104.168962765722    101.90925231569   101.096906980436
#[time: 0.94]
 0.9496819282   0.949709291   99.8816199785281   101.862614892298   103.668245910087   104.717185269349   93.9665854847657    92.924489403471
#[time: 0.95]
#[time: 0.96]
  0.968393219  0.9684332568   99.8816199785281   100.680728288529   101.901118612817   102.223667916997    97.968893972434   97.8683499115817
#[time: 0.97]
#[time: 0.98]
#[time: 0.99]
 0.9951944596  0.9952069759   99.8816199785281   101.695022928281   104.609085508174   105.109785436609   92.2893540600001   92.4335081392374
#[time: 1]
#[time: 1.01]
#[time: 1.02]
  1.027079845   1.027095728   99.8816199785281   102.638797829356   103.528034957847   104.092244728383   93.8092570920901   93.6215623007277
#[time: 1.03]
#[time: 1.04]
#[time: 1.05]
  1.053222869   1.053270491   99.8816199785281   96.9561208022207   105.721648764542   107.491186521608   102.733304893432   100.685274895667
  1.058212133   1.058219403   92.9690561239747   96.9561208022207   103.193603674702   101.622815292663   101.655187589603   106.766072657676
#[time: 1.06]
  1.068968309   1.068984203   100.015015349175   96.9561208022207   98.6012025786817   100.524276459181   92.5989726022268   93.2166696120654
#[time: 1.07]
  1.076541739   1.076556567   101.467099884551   96.9561208022207   100.197343065993   99.7368293633762   93.6283747267622   95.0823683255921
#[time: 1.08]
  1.083282108    1.08328869   101.467099884551   112.353927728024   105.404861718051   102.292934404214   106.918661083329   109.515409072964
#[time: 1.09]
#[time: 1.1]
  1.101074445   1.101118767   109.332707081741   112.353927728024   107.155439563708   116.439937774269   114.663554735367   118.211097045812
#[time: 1.11]
  1.111751904   1.111755855   109.332707081741   111.009992993392   113.177747540959   114.098260251619   109.070929827082   108.815787360708
  1.115423613   1.115442592   109.484224430627   111.009992993392   113.798507800946    114.57527545758   106.766491903852   106.285939970013
#[time: 1.12]
  1.126340916   1.126362497   109.484224430627   107.971673231751    115.96987412337    116.83545255781   115.113203895407   113.161815684039
#[time: 1.13]
  1.131870166    1.13187595   111.002034715247   107.971673231751    113.14165749604   112.287101479623    104.33865015815   106.208862280629
#[time: 1.14]
   1.14837823   1.148408099   108.834359586745   107.971673231751   112.607711893617   111.574339213453   98.6333200442386   98.4421950047308
#[time: 1.15]
  1.152971113   1.152980025   108.834359586745   110.088182017765   108.498214074764   108.490426326815   101.024266436759   100.843204623445
  1.158436236   1.158509923   112.083903452029   110.088182017765   109.759837798986   109.794419211356   106.260652402083   106.645643648565
#[time: 1.16]
#[time: 1.17]
  1.174957113   1.174975712   111.806973324949   110.088182017765   115.815809222819   114.573688606604   106.263670848579   106.541808899663
#[time: 1.18]
  1.181431912   1.181476945   111.806973324949      115.264268917   111.069577059203    111.05072462307   112.285211003946   111.923062588095
#[time: 1.19]
  1.193615631   1.193630275   111.806973324949   119.169882247906   117.548599493869   120.047891214696   115.711449422986   116.342502786167
  1.195244141   1.195245609   123.843068261214   119.169882247906   118.431355398161   122.235171158996   125.928871417209   123.299245287898
#[time: 1.2]
  1.201154143   1.201197419   123.843068261214   124.918421883813   123.741526191288   122.578717728494   120.297578208172   119.884958637874
  1.202489521   1.202505872   124.014961019545   124.918421883813   128.035750326742   128.558058216192   125.558999521916   125.732473002351
  1.206555796   1.206563567   124.014961019545   122.811155100381   128.165820351519   128.600679045067   124.021916524931   123.963503490222
  1.209471808   1.209508496   124.014961019545   124.536064194559   126.895722498808   126.191344202069   116.273452993458   116.154352157595
#[time: 1.21]
#[time: 1.22]
  1.222966673   1.222988065   131.049320385045   124.536064194559   129.467977485202   129.766057715209   126.985151832531    127.39304922988
  1.228660956   1.228676968   123.816735336915   124.536064194559   130.539976098944   128.656769721134   125.869304221213     126.0625802627
#[time: 1.23]
#[time: 1.24]
  1.242822128   1.242835288   122.440608639822   124.536064194559   124.055269339936   124.043673620654   124.224788248754   124.532060261112
#[time: 1.25]
  1.251665992   1.251666942   123.222083411268   124.536064194559   125.961752938085   126.813809430198   131.299089969237    133.40200725632
  1.257278506    1.25727858    123.96252085737   124.536064194559   123.000864841274    122.96894897464   116.530040810625   116.410893283043
#[time: 1.26]
#[time: 1.27]
#[time: 1.28]
  1.282022127   1.282035014   126.401935021843   124.536064194559   126.831310707845   126.996080656397   120.299750772938   120.462870880511
  1.288568809   1.288572307    111.50456516144   124.536064194559   129.681228231051   128.899675101695   117.822725987693   130.657405589417
  1.288669107   1.288704222    111.50456516144   115.975576543429   117.921466234831   125.267462712545   116.298609462055   119.435596123101
  1.289550164   1.289560511   122.503471622302   115.975576543429   113.832410520748   113.883596473876   114.598927658359    116.20492920357
#[time: 1.29]
  1.297800862   1.297826401    117.87190290541   115.975576543429   126.651779853554   121.422311814051    107.38450358165   107.204051984478
#[time: 1.3]
  1.309647478   1.309686897   118.509831513585   115.975576543429   116.837603707636   116.856925776579   125.796223740946   123.147497367197
#[time: 1.31]
#[time: 1.32]
#[time: 1.33]
  1.339690748   1.339693896   118.509831513585      121.806259842   117.282677377999   117.273278541244    118.07723525045   117.127220341512
#[time: 1.34]
  1.340743781   1.340767935   118.509831513585   115.597462806546   123.253236413733   125.069706196233   119.489566005718   118.559771916041
#[time: 1.35]
#[time: 1.36]
#[time: 1.37]
#[time: 1.38]
  1.387231273    1.38723795    116.83748099817   115.597462806546   120.934608516624   119.374616222594   110.248226816636   110.699174701281
#[time: 1.39]
  1.393914772   1.393928133    116.83748099817    122.94472055047   118.354052891996   118.044237577855   119.375113295429   117.733224123957
#[time: 1.4]
#[time: 1.41]
  1.415873677   1.415892883    116.83748099817   118.751856569649   120.844875329507   122.502303174373    109.23868224695   108.623115147348
#[time: 1.42]
#[time: 1.43]
#[time: 1.44]
  1.440396119   1.440451427    116.83748099817   115.130925114363   120.075195507837   120.679629235699   115.015437822676   115.211947232051
  1.442410592   1.442461081    116.83748099817   122.724172674335   123.144174379749   121.809296745594   118.836181836732   118.206165572107
  1.443897292   1.443897317    116.83748099817     123.3825683731   121.487647807648   125.291286944076   118.820799437572   117.493306493125
   1.44703646    1.44703817    116.83748099817   117.440843353042   122.143684921746    125.80388975074   107.363781275587   107.490650398657
#[time: 1.45]
  1.458828369   1.458833251    116.83748099817   128.971711619052   122.085559942037   122.571875356933   121.722659188606   129.771573918028
#[time: 1.46]
  1.468841754   1.468890167    116.83748099817   115.325348553037   122.713864521795   133.435636264788   127.288180935072   125.584241044447
#[time: 1.47]
  1.470627161    1.47066616   123.112535398544   115.325348553037   122.046298367811   121.186596370837   128.338775991542   121.986170608449
  1.477323063   1.477356762   126.430643420447   115.325348553037   123.209205987504   120.556974409428   124.922406489146   121.256646740782
#[time: 1.48]
   1.48633818   1.486363304   117.460812690378   115.325348553037   129.839403086431    122.23764640058   107.019613025705   106.527203543269
  1.487536738   1.487549668   116.415408675308   115.325348553037   119.449611223892   118.725834601916   115.022061064204   115.183695943772
  1.488383717   1.488408563   116.415408675308   119.328565650521   120.997771479397   120.157960926808   115.481338640162   114.770138922341
#[time: 1.49]
  1.495986892   1.496020021   116.415408675308   115.851654884508     118.0292905139   118.119022123358   125.251746130289   124.260678504844
#[time: 1.5]
  1.503067772    1.50310928   117.572668949397   115.851654884508   121.114257559205   120.818831493748   110.325506938787   111.395943560516
#[time: 1.51]
  1.511910276   1.511925104   117.730419082957   115.851654884508   121.475822226425   120.670671697326   109.125828559751    110.13765923485
  1.518831801    1.51883382   117.730419082957    121.69040658707   119.456628100064   118.492648936003   119.165226247068   118.845426249339
#[time: 1.52]
#[time: 1.53]
   1.53942262    1.53942652   122.822349703739    121.69040658707   123.154982661362   125.565482972279   113.927176265718   114.308439171539
#[time: 1.54]
  1.541265109   1.541266155   122.822349703739    123.66476739333   129.189161243323   128.361974854691   114.808545977882   114.736536889198
  1.549489541   1.549496099   125.815998118087    123.66476739333    127.15976591138   127.465020106439    117.35778399133   117.704369020977
#[time: 1.55]
  1.552806346   1.552871696    125.53634566411    123.66476739333   128.106881246641   127.208206817055   117.620001667143   118.467858212638
  1.558645214   1.558659153    125.53634566411   126.597274830118   126.791709184399   126.480204046835   116.904595006814   117.110431265713
#[time: 1.56]
#[time: 1.57]
#[time: 1.58]
  1.581660224   1.581676347   130.992690478344   126.597274830118    127.27752214937   127.489736720958   121.844463895875   122.273297737152
#[time: 1.59]
#[time: 1.6]
  1.600421081   1.600478163   128.598382699363   126.597274830118    133.35216109683   131.329947092702   122.878683583912     123.5802901145
  1.602736544   1.602739087   128.598382699363   130.523122956399   129.962082244291   129.318133886956   126.928295428336   124.638370276949
  1.603546784     1.6035845   128.598382699363   103.909759642864   130.557369868075   130.981075885369   130.681967229347   109.704748783978
  1.607468148   1.607473292   128.598382699363    130.67191734297   127.070589271144   112.245275238557   121.399173305403   120.937631310852
#[time: 1.61]
  1.611846982   1.611857593   132.566786539339    130.67191734297   134.633118181069   135.785039617913   122.353360911749   122.225956855635
#[time: 1.62]
  1.623102635   1.623108139   132.566786539339   118.705484739047   136.215647116309   135.320873415207   131.768481624701   125.047740270037
#[time: 1.63]
   1.63670767   1.636719468   132.566786539339   124.794658160961   137.708485207855   126.759709075815   136.838083673431   129.604708479112
#[time: 1.64]
  1.642796547   1.642807618   126.018282930593   124.794658160961   131.289206983101   129.625528089764   120.233356984073   121.276794286251
   1.64344061   1.643489996   126.018282930593   130.188113278627   129.681663826599   129.097709006977   125.373936780494   124.035318824888
#[time: 1.65]
#[time: 1.66]
   1.66389147   1.663903059   126.018282930593       127.76339125    130.34460469124   131.868430122269   122.387893809201    120.48419765679
  1.667534812   1.667563837   128.519578427401       127.76339125   128.945190218336   129.383322871622   118.806584463697   118.770954243816
#[time: 1.67]
  1.678473653   1.678501821   128.519578427401   129.060502989134   131.174506043081   130.923449563417   133.660420084495    134.27429793797
#[time: 1.68]
  1.682478303   1.682509405   137.638512446132   129.060502989134   128.779332667682   128.778099582862   138.403269907087   134.528065298902
  1.689009018   1.689026316   137.638512446132   164.363615590144   140.493791657335   135.887859572837   146.244138931313   157.826183259896
  1.689745279   1.689760715   165.644320901153   164.363615590144   145.210883432174    164.07234639994   157.040806387682   156.856328671162
#[time: 1.69]
#[time: 1.7]
  1.701457006    1.70145965   165.644320901153   167.678490530157   171.219010723576   170.365815544487   158.177047412177   158.454144813521
#[time: 1.71]
#[time: 1.72]
  1.728863567   1.728912069    181.07741867436   167.678490530157    167.57623231443   167.756819966215   179.139238562486   173.379643339084
#[time: 1.73]
#[time: 1.74]
#[time: 1.75]
  1.755929655   1.755948796    181.07741867436   179.312902583025     180.5304652369   174.382813231516   171.655967179769   171.259259671445
#[time: 1.76]
#[time: 1.77]
  1.773842105   1.773847874    181.07741867436   183.783232274176    181.00784424777   180.860239066999   175.214511828889   173.389426246009
  1.774249649    1.77425892   185.094390662675   183.783232274176   184.095874009047   184.602989472106   175.702475613934   175.549339826585
#[time: 1.78]
#[time: 1.79]
  1.793439319   1.793460986   185.274906378553   183.783232274176   183.514476869966   183.665483761322   177.159237025652   178.031060559317
#[time: 1.8]
#[time: 1.81]
#[time: 1.82]
  1.820614786    1.82063913   184.601500611876   183.783232274176   188.350388552348   187.861968295149   174.717430819897   174.649551611314
#[time: 1.83]
#[time: 1.84]
  1.846622375   1.846639002   184.840141711972   183.783232274176   189.099889848175   188.676412127208   174.446742180116   175.280636912363
#[time: 1.85]
#[time: 1.86]
    1.8632073   1.863309852   184.937298522978   183.783232274176    187.16322456115   186.688182428897   178.594474312667   182.263056114018
#[time: 1.87]
  1.879029857   1.879037385   184.937298522978   189.696726397871   187.667498565663   187.129146963001   187.077726045954    186.77618974427
  1.879473736   1.879507298   184.937298522978   189.923288494579   186.838845047179    186.67888238684   187.360041305334   187.191723713716
#[time: 1.88]
#[time: 1.89]
  1.890070225   1.890093524   184.937298522978   189.960852099395   187.903994543652   188.435274185491    182.29267893571   181.166810660058
  1.891603922   1.891604942   187.254444951009   189.960852099395   191.257844191918   195.771129763223    185.85845380254   185.585383230519
  1.894603614   1.894618509   191.544442213965   189.960852099395   190.900748974146   191.337784259367   181.912375105021   182.884092128348
#[time: 1.9]
  1.900655323   1.900655561   182.002739389703   189.960852099395   195.549209749979     194.3390164619   188.599095475021    197.81584488418
#[time: 1.91]
  1.915181998   1.915191129   182.002739389703   184.294066249433   186.097039746563   189.797952658129   180.234527772942   179.468308761322
#[time: 1.92]
#[time: 1.93]
  1.933213881    1.93321879   184.929066868994   184.294066249433   187.283464257687   188.873754513723   175.893792989408    175.96185952723
  1.934700094   1.934740576   184.929066868994   195.532005173117   186.702187955932   186.573946384228   191.456718725417   195.982289320227
#[time: 1.94]
#[time: 1.95]
  1.950856493   1.950860612    197.98758547671   195.532005173117   191.769540423277   200.057432707325   191.694620811278   192.818464930433
  1.955696583   1.955716263    197.98758547671   201.225423093209   201.179463385593    200.10880747142   194.579980931184   192.668524550167
#[time: 1.96]
#[time: 1.97]
#[time: 1.98]
#[time: 1.99]
#[time: 2]
#[time: 2.01]
#[time: 2.02]
  2.021456673    2.02153985   203.157553725125   201.225423093209   199.920506083994   200.045180852877    192.83389076423   192.305381176068
#[time: 2.03]
  2.030059051   2.030061853   203.157553725125   206.586280052762   203.730400749351   203.476087119859   204.203054149595   203.967651344823
#[time: 2.04]
  2.041979409   2.041989337   204.067899956525   206.586280052762   206.712649719496   207.695818230475   213.556533827187   217.053619100714
#[time: 2.05]
#[time: 2.06]
   2.06768835   2.067721269   204.067899956525   208.450648198572   205.172495082945   205.147957141581   200.204209351851   198.888726937261
#[time: 2.07]
  2.070304442   2.070322449   204.067899956525   204.842616470805   206.674158842253    207.06540389385   200.948400628793   200.756297143462
  2.071092368   2.071134551   204.067899956525   197.806504487959   205.638504408878   205.733398914288   211.022350340133   199.871444000323
   2.07595931   2.075964561   204.067899956525   204.764976490931   208.871356146973   203.373788093023    207.89016557329   208.496300594229
#[time: 2.08]
   2.08129942   2.081317169   206.788151976088   204.764976490931   206.328918724277   206.585169013783    205.74814430847   205.760297279665
  2.081777155   2.081778891   206.788151976088   198.090192071723   210.900309558838   209.681815329651   210.147741356281   203.480797212605
  2.088798695   2.088810804   206.788151976088   208.074728668027   207.908798532388   203.949704875358   198.544683012658   198.366060399151
#[time: 2.09]
  2.091959265    2.09201083   207.119926828135   208.074728668027   209.802381318228   210.314579355944   206.910004055865    206.79225932976
#[time: 2.1]
#[time: 2.11]
  2.113668624   2.113764478   207.119926828135   208.325586327598   211.293332242548   211.723676821857   200.944606084418   199.667075518905
#[time: 2.12]
  2.127667088    2.12767926   193.352162113144   208.325586327598   213.172863960777   213.863741621825   200.450817384253   212.071763327911
#[time: 2.13]
#[time: 2.14]
  2.141375036   2.141404647   210.281062295996   208.325586327598   200.775456390067   204.934120525284   203.272958691692   203.853927217393
#[time: 2.15]
  2.153101904    2.15312008   210.281062295996   214.040223778796   215.521699890376   214.181081025049   205.969719635103    204.57220536849
#[time: 2.16]
#[time: 2.17]
   2.17493945    2.17496073   210.281062295996   212.842840406234   212.456388509962   212.707546522774   206.503305851991   205.711207190318
  2.175844464   2.175874864   210.281062295996   211.576748005902   213.710339330466   214.486424287836   210.590223082108   210.530910256151
#[time: 2.18]
  2.185900965   2.185921116   210.281062295996   211.541712775822   211.222214923661   211.288514184154    207.25801056261   206.135095342575
  2.186030576   2.186055635   210.281062295996   213.723868924516   213.050373038392   213.341018954902   210.614226890107   209.827616385092
    2.1864043   2.186412107   210.281062295996   213.637001661503   213.922480091943   214.675130780861   213.046896487354    213.82483957733
#[time: 2.19]
#[time: 2.2]
  2.202506815   2.202525828   210.281062295996   218.076082059639   215.796606481135   217.373787716742   214.937851743078   217.744916233997
#[time: 2.21]
  2.211441636   2.211555413   210.281062295996    213.77984304961   215.927286122406   218.353970970024    205.75642171743   204.983669080339
  2.218512602   2.218546421   212.210547886744    213.77984304961   215.243146774355   217.149289807249   221.360148388269    223.60027373089
#[time: 2.22]
  2.222570708    2.22262594   212.210547886744   218.088785544105   218.045937806112   219.054626712118   214.930818296613   214.503435918455
  2.224123212   2.224123213   212.210547886744   218.088785544105    218.33525472586   222.470973557179   218.439242001419   222.512841643046
  2.226967681   2.227000425   222.169937805414   218.088785544105   215.723978609677   216.409583383066   226.525934536159   223.609024787455
#[time: 2.23]
  2.230922748   2.230943842   220.109270850185   218.088785544105   221.226748743146   220.862789816418   210.722261654969   211.129131227027
  2.231743297   2.231748892   210.597015344262   218.088785544105   221.743399140263   221.217087034524   214.708292913515   220.406241832961
#[time: 2.24]
#[time: 2.25]
#[time: 2.26]
  2.260071182   2.260088947   210.597015344262   213.396606498426   215.497511133648   217.732780650913   202.783392699596   203.284155100381
#[time: 2.27]
   2.27406133    2.27407981   218.282047855914   213.396606498426   216.069251350818   217.062630568783   216.977668420598   216.478389861284
#[time: 2.28]
#[time: 2.29]
  2.294574458    2.29461651   218.282047855914   219.150088473612    218.57711464827   217.008840950066   214.855813287827   214.119358931869
  2.295197571   2.295242371   221.749519322874   219.150088473612    223.02772385907   223.548430338223   215.980964197868   217.309910788619
  2.299520135   2.299542364   221.749519322874   223.101669366854   226.772290228165   225.306637172282   212.781193844943   212.847978003376
#[time: 2.3]
  2.305534129   2.305568176   221.749519322874    225.07446010819   228.687747346278   229.869970436613    220.18419930229   219.199197864987
  2.307213819   2.307237107   221.749519322874   223.917350742349   225.937627070673   226.910552163085   213.929365976425   214.272700029202
#[time: 2.31]
#[time: 2.32]
#[time: 2.33]
  2.330109507   2.330124028   217.552261707308   223.917350742349   223.662177960262   223.885717756061   219.862535795646    224.38233778725
  2.332259876   2.332276344   217.552261707308   221.047480251231   223.565053306456   227.168746825668   212.820595006133   211.770828130348
  2.335088496   2.335093507   217.552261707308   226.384751787515   220.433777079071    221.73240278505   221.307470722207   219.037957029174
#[time: 2.34]
#[time: 2.35]
#[time: 2.36]
#[time: 2.37]
   2.37367649   2.373682827   231.035793374559   226.384751787515   224.253932714333   229.508728415167   221.184856277781   222.770065106753
#[time: 2.38]
#[time: 2.39]
  2.390218616   2.390227657   231.035793374559   227.492188278493   231.177930663589   230.242447850728    234.42448318535   231.835355795076
  2.399597642   2.399610006   230.846750741892   227.492188278493   233.059502325349   231.561165816468   221.167492254692   222.467646825214
#[time: 2.4]
  2.401702657   2.401710714   230.548544802673   227.492188278493   230.827077046611    229.89477428213    224.44836909299    226.72311746072
#[time: 2.41]
  2.410104322   2.410150618   228.335921634521   227.492188278493   232.478396330859   231.342109013123   222.126365770658   223.652680422899
#[time: 2.42]
  2.421046138   2.421083341   228.335921634521    231.06555395151   231.520085926616   231.071221287627   220.384697418303   221.140980981193
  2.424309833   2.424312867   228.335921634521   227.556416570468   232.785638271734    234.25249675468   219.480760833148   219.378203273527
#[time: 2.43]
  2.432644482   2.432647614   228.335921634521   229.442201172673   230.023701200258   229.894706555688   223.430099188812   223.042880383396
#[time: 2.44]
#[time: 2.45]
#[time: 2.46]
   2.46623201   2.466256127   228.335921634521   225.461638102765    230.60576133553   230.958662690469   238.825903099441   235.218776238156
#[time: 2.47]
#[time: 2.48]
  2.488233073   2.488236389    228.86179818445   225.461638102765   230.880119626294   229.889874417558   224.766379180915    225.29125075142
#[time: 2.49]
   2.49899874   2.499000201    228.86179818445   230.040326410331   229.015701342171   228.351391068294    220.46835927672   220.004267621728
#[time: 2.5]
#[time: 2.51]
  2.510982143   2.511017242    228.86179818445    227.00053331912   231.670074058606   232.165932460268   234.614788986219   231.609081025809
#[time: 2.52]
#[time: 2.53]
#[time: 2.54]
  2.544023928   2.544045805    228.86179818445   229.950759946989   230.521296037385   230.104807849015   224.130958405411   224.012445128889
#[time: 2.55]
#[time: 2.56]
#[time: 2.57]
  2.574790183   2.574819812    228.86179818445   229.396324260239   233.524721890521   234.259320053383    227.38723287022   227.262091911395
#[time: 2.58]
#[time: 2.59]
  2.595482139   2.595516384    228.86179818445   231.581814323946   230.427327279603   230.491904389261   222.431583271177   221.934670578578
#[time: 2.6]
  2.603664642   2.603676071   232.930210347655   231.581814323946   230.723602687366   230.964175273569   239.291162812792    237.56471177629
#[time: 2.61]
#[time: 2.62]
#[time: 2.63]
#[time: 2.64]
   2.64540779   2.645445628   232.481360190177   231.581814323946   233.419976867054   233.217703072342   225.534272411405   226.265994868877
#[time: 2.65]
  2.659922555    2.65997213   232.847807567562   231.581814323946   237.906561862826   237.288919524587   231.749973509412     231.8592384303
#[time: 2.66]
#[time: 2.67]
#[time: 2.68]
  2.689812119   2.689818364   232.847807567562   244.028958907705   235.787755047494   235.214474282348   238.573998838129   239.817022334684
#[time: 2.69]
  2.696951623   2.697001432   232.847807567562   217.963528813747   239.011264718541   246.447778706463   237.643161271656   224.420207787743
#[time: 2.7]
#[time: 2.71]
  2.710808376   2.710812615   222.640302857864   217.963528813747   234.206616824219   225.605668565114   221.819369677777   220.986122254779
  2.713281443   2.713352267   222.640302857864   219.011146672305   225.847448964821   223.673322317369    225.13837656416   223.212649247593
#[time: 2.72]
   2.72107082   2.721082573   222.640302857864   231.062016734989   223.557831090929   222.306145775234   227.323449064063   228.216705700595
  2.724184958   2.724194739   222.640302857864   224.904884254392    228.09762214475   231.598228897305   214.997159079412   214.596107318663
#[time: 2.73]
   2.73031765   2.730348753   228.137396042726   224.904884254392   224.015438454818   224.123489278838   219.563089838451     220.9090319767
#[time: 2.74]
#[time: 2.75]
  2.757485462   2.757536178   228.137396042726   227.577419538774   233.638617491522   230.664345199717    236.67536017192   235.917243856713
   2.75774284   2.757818426    226.17371662591   227.577419538774   229.979939867373   229.861473265531   230.211461961784   235.885468220749
#[time: 2.76]
    2.7678467   2.767856822    226.17371662591   228.074473070379   230.277443172193   230.966440856533   220.732000175509   220.563413873108
#[time: 2.77]
#[time: 2.78]
  2.780392302   2.780392439   211.326675574714   228.074473070379    228.85929641407   229.826127490046   217.299608921174   233.907506153914
  2.781261587    2.78126172   211.326675574714   228.948601006969   217.209825099102   228.357076054152   219.633664805831   225.681722928106
  2.785001387   2.785006137   236.970873282302   228.948601006969   219.283165679124   227.110549896818   234.776139590418   233.061853966319
#[time: 2.79]
  2.797457551   2.797523285    230.77545420526   228.948601006969    236.64006497401   234.445127140207   223.705794099432   224.324419552264
#[time: 2.8]
#[time: 2.81]
  2.814256003    2.81425669    230.77545420526   217.570907121626   237.379034814665   235.987624614499   236.100799799634   223.637582258408
  2.817569352   2.817573429    230.77545420526   232.964588537673   235.201092216809   224.687511664939   224.055441578644   223.666147433207
#[time: 2.82]
  2.822472137   2.822514159   233.703525536316   232.964588537673   234.715868720791    235.72801955448   224.454079893194   224.385208690255
  2.824210225   2.824225249   233.703525536316   238.333564743212   236.348879193103   236.117692024305   239.953416496888   243.829678760017
  2.829120496   2.829139282   241.707660359574   238.333564743212   239.261954207248   240.704141604245   232.219062939259   234.052750518214
   2.82925384   2.829275973   241.707660359574   239.449210701453   242.371801767654   241.495125452968   235.807461466052   236.771929762528
#[time: 2.83]
  2.835206042   2.835206264   241.707660359574   243.066525050311   245.800490179668   244.524389681218   244.867485846044   246.042542373647
#[time: 2.84]
  2.849776214   2.849800545   246.226223231937   243.066525050311   246.703529043577   247.539956932233   236.813169096677   239.107723680456
#[time: 2.85]
#[time: 2.86]
#[time: 2.87]
#[time: 2.88]
  2.883601842   2.883605329   246.226223231937   245.218623407429   248.756461386987   247.491339139769   255.210145124818   253.611829360112
  2.888940183   2.888946377   246.226223231937   247.459436828655    251.38615509128   250.782912958277   242.400269992501   242.174582805897
#[time: 2.89]
#[time: 2.9]
#[time: 2.91]
#[time: 2.92]
  2.924642176   2.924653319   246.226223231937   247.345405218447    249.19934735164    249.55603037881   247.163864858067   247.249810095148
#[time: 2.93]
  2.931050172   2.931060865    249.84649542636   247.345405218447   249.922125959169   250.358727703478   247.238879369165   247.649693122231
#[time: 2.94]
#[time: 2.95]
  2.952784784   2.952789403   252.325706545209   247.345405218447   250.572513849089   250.187607951841   249.283483563926   249.609553724969
#[time: 2.96]
  2.966058041   2.966080454   252.325706545209   253.910905360641   254.996068036942   252.526502209759   250.760696710432    250.44165725553
#[time: 2.97]
  2.978379062   2.978393399   252.325706545209   255.566563937772    253.63654069538   253.747021951726    250.56996358247     249.7296286182
#[time: 2.98]
#[time: 2.99]
  2.990920087   2.990936662   254.856421432114   255.566563937772   256.174529389771   257.077167477019   250.815386615185   250.655916293267
  2.998320867    2.99832625   254.856421432114   255.651604865635   258.450957241086   258.789996132249   254.180859110328   254.067243773807
  2.999864045    2.99986492   254.102778017211   255.651604865635   257.441348727469   257.646101216377   254.749979623204   254.467145917613
#[time: 3]
  3.005510361   3.005544481   254.102778017211   256.115401266033   256.922843147982    257.23076615741   250.692796592522   250.226043026538
  3.006594187   3.006625462   260.098866522805   256.115401266033   258.946214876917   259.728386878802   253.481613635006   255.293853022224
#[time: 3.01]
  3.012806227   3.012808429   260.098866522805    252.51713129191   261.152483142993   259.845284197485   269.055998571394   261.162708501135
#[time: 3.02]
   3.02971923   3.029774231   260.098866522805   258.661032256354   260.942544608992   258.088314817799   268.088444467875   263.963567493399
#[time: 3.03]
#[time: 3.04]
#[time: 3.05]
#[time: 3.06]
  3.062607729   3.062633668   260.098866522805   256.513059047918   261.892215580747   261.650836916661   264.262542692304    260.46436341809
#[time: 3.07]
  3.070223227   3.070232278   257.830941701439   256.513059047918   262.640154154866   260.939306932523   249.280693326374   249.171490102159
  3.071195157    3.07120196   259.521500230066   256.513059047918   262.452568627183   261.691697517396   251.027753903285   252.011191324312
  3.072944074   3.072948066   259.521500230066   261.386627333481   262.349389169426    261.06942102253   251.487687633018    251.87043192488
   3.07619352   3.076206231   259.521500230066   263.270821334291   262.112473301376   262.592126953856   261.861058140633   263.026614384264
#[time: 3.08]
  3.081246512   3.081254426   259.521500230066   264.181202988996   265.638607165386   267.198907885913   258.772320464837   257.242993000761
#[time: 3.09]
#[time: 3.1]
#[time: 3.11]
  3.115400084   3.115420737   259.521500230066   263.307741515013   263.746895380567   265.040938781026   261.710120466139   262.046591754803
#[time: 3.12]
  3.121427929   3.121477208   259.521500230066   261.169932509978   260.893949424534   260.568556055567   251.162674854831   251.099157649524
#[time: 3.13]
  3.138277411   3.138289905   268.152362424117   261.169932509978    262.58976289718   262.942551335009   265.926562685986   265.019996806544
#[time: 3.14]
  3.141028496   3.141050324   268.152362424117   269.295831948275   270.657110095326   266.570983379079   263.905741768283   263.440355703027
#[time: 3.15]
#[time: 3.16]
#[time: 3.17]
#[time: 3.18]
  3.182490873   3.182495845   268.481655460815   269.295831948275   274.629529952389   275.332607846421   267.884809003653   267.763125986724
#[time: 3.19]
  3.196996185   3.197000252   270.958791966829   269.295831948275   273.039504583263   273.551496237155   260.507193598123   260.685921155145
  3.197938329   3.197958698   270.958791966829   273.324312350196   271.612571587428   271.340384400832   262.879400431501   263.150543722412
#[time: 3.2]
  3.207212048   3.207301289   270.958791966829   270.099110658754   275.260459570023   276.121186656191   270.050880066809   270.113153233573
#[time: 3.21]
#[time: 3.22]
  3.222340466   3.222367039   273.905291467804   270.099110658754   273.668910074594   273.341304485557   270.628604792756   271.107571391499
  3.224996234   3.225080855   273.905291467804   272.684080835542   276.321891487176   274.575581836538   276.552303351059    276.04432086264
  3.226199573   3.226219052   273.905291467804   259.298471326099   276.837942550327   276.436645088935   279.531266541953   264.187090299285
  3.227424195   3.227429626   273.905291467804   270.245499201403    275.62588293319   267.231897470814   281.182580341997    275.73302314818
#[time: 3.23]
  3.234339994   3.234351022   278.851476019517   270.245499201403   277.524390860155   275.577919604325    279.53188523691    275.09279704595
  3.239135796   3.239181131   278.851476019517   276.461901906475   280.063118618931     276.8056846153    285.63173037099   282.587462641321
#[time: 3.24]
#[time: 3.25]
#[time: 3.26]
  3.265973698   3.266008552   278.851476019517   282.680840704274   277.437899767895   277.484778117728   280.045102086263   278.703610901483
#[time: 3.27]
#[time: 3.28]
  3.284454393   3.284460526   278.851476019517   276.962224930791   280.891747081462   280.984019173091   282.112814535618   280.987885969044
  3.289424357   3.289427123   278.851476019517   291.345090093111    283.59348005603   282.632645716423   285.291493221219   291.117154900856
#[time: 3.29]
  3.294067981   3.294075566   278.851476019517   280.453943816257   287.177633193396   294.585055565634   275.263773216529   274.555958655725
  3.296595376   3.296597003    281.58126764292   280.453943816257   281.605542375761   282.004811207973   283.059923427925   282.712029301146
#[time: 3.3]
  3.305213876   3.305225842    281.58126764292   285.206747339036   285.262634495156    284.74546676103   279.280855473011   277.436775632197
#[time: 3.31]
  3.318963845   3.318976014   286.267886531037   285.206747339036   286.180179551859   287.620182769861   285.821431364589   285.806509569176
  3.319923296   3.319982107   286.798754839401   285.206747339036   286.535769325549   286.424129057715   285.030602583564   285.240079166708
#[time: 3.32]
#[time: 3.33]
    3.3369815   3.337000182   286.798754839401   290.657820373459   292.562319147784   291.572251330236   289.296249483142   289.587053463231
  3.338342554   3.338402625   291.512411148262   290.657820373459   291.873553001523   293.242149660661   281.836913446063   282.341534535085
#[time: 3.34]
  3.340696907   3.340763909   291.512411148262   293.593642441196   291.572670423004   291.535786986337   293.241488553962   293.379458657065
  3.341506581   3.341533293   291.512411148262   301.301891867787   293.181686437433    293.50410339382   296.554321908627   298.500246463183
   3.34598691   3.345996949   303.331746027469   301.301891867787   296.847917713295     304.6447285839   309.098097663901   307.329956601698
#[time: 3.35]
  3.358654913   3.358665644   303.331746027469   299.721978518742   303.100264867491   303.015304246499   309.716394180059   306.156142629839
#[time: 3.36]
  3.367947764   3.367960466   301.512621218858   299.721978518742   303.733048596968   303.172306972439   303.101434645575   302.512003124339
#[time: 3.37]
#[time: 3.38]
   3.38097276   3.380985085   301.512621218858   302.282196847766   304.754997111617   303.696618027797   295.879925426637   295.576426786674
#[time: 3.39]
#[time: 3.4]
#[time: 3.41]
  3.410779168   3.410782556   303.311776362802   302.282196847766   308.599981097877   309.180293128266   295.954505597556     295.9947647015
  3.416374699    3.41637491   303.311776362802   305.332802977002   304.982843513576   304.796777823378    300.96741508297   299.832872088301
#[time: 3.42]
  3.429767734   3.429781213   303.311776362802   305.855622599157   308.909685448113   310.355766514465   302.823612129937   302.120879325987
#[time: 3.43]
#[time: 3.44]
#[time: 3.45]
#[time: 3.46]
  3.461646103   3.461660674   309.657549184314   305.855622599157    307.52919874682    308.47458364135   309.980345593971   308.901018390748
  3.467219729   3.467220784   309.657549184314   312.853399200488   310.293776864169   309.083063132062   303.851111914672   304.138127091437
#[time: 3.47]
   3.47578088    3.47578419   309.657549184314    312.87139378819   313.986051576968   315.652741815908   307.680623496775   306.395538472972
#[time: 3.48]
#[time: 3.49]
  3.490016698   3.490083637   315.318493217994    312.87139378819    314.92002582258   316.439443385797   306.264062276627     306.2434304726
   3.49125751   3.491259665   315.318493217994   307.642664480938   316.051530458606    315.52787289865    325.49057144572    315.86705205863
  3.495380159   3.495387496   315.318493217994   316.794352324479   318.447201339334   314.031563716815   309.085703134558   307.159713802539
#[time: 3.5]
   3.50454594   3.504548611   319.509259759759   316.794352324479   316.344763028418   316.433605465694   318.207428510225   318.192919792244
  3.506095796   3.506096205   320.682646930971   316.794352324479   319.215487667252   318.951252903154   312.990334218843     314.1421800571
#[time: 3.51]
#[time: 3.52]
#[time: 3.53]
  3.530818916   3.530818916   320.682646930971   316.794352324479   325.032267507531   322.423813284194   324.852906028969   322.355379601031
   3.53167816   3.531692407   320.682646930971   322.045911710598   322.326647559512   320.778917236119   311.736469484333   311.776911798657
#[time: 3.54]
  3.543889143   3.543900671   320.682646930971   324.358143548787   320.843960987651   320.769948472764   320.396575196843   318.874364671805
#[time: 3.55]
  3.555415512   3.555430071   320.682646930971   323.771757746009   325.797499523346   327.723099909579    317.48055204592   314.942273684403
  3.559747149   3.559760453   320.682646930971   326.826525639172   323.958276334612   324.764322905937   323.976783526998    324.25715987401
#[time: 3.56]
   3.56758537   3.567609571   327.707431743591   326.826525639172   325.773283493507   329.708037965712   320.828690719772    323.38102782219
#[time: 3.57]
#[time: 3.58]
#[time: 3.59]
  3.596165413   3.596207494   330.642089092282   326.826525639172   332.100324206922   331.593940342818   322.233213488336   322.523729201203
#[time: 3.6]
  3.609578407   3.609585339   333.463008523264   326.826525639172    334.27499150554   332.110673001017   328.756401507161   329.478501454218
#[time: 3.61]
  3.614386684   3.614388546   333.463008523264   334.001151146254   334.064604363805    331.41116937717   326.406524054428   326.353416356695
  3.615447801   3.615451535   338.071171217378   334.001151146254   336.154592597562   336.290640867753    334.19721709658   334.848888194822
  3.617201841   3.617228738   338.071171217378   346.583165894714   342.250447788497   339.400630841381    343.31396863479     344.7207605119
#[time: 3.62]
  3.629591494   3.629622838   349.126160323473   346.583165894714   344.524971699635   352.235233355117   340.705062248641   341.298075660042
#[time: 3.63]
  3.637598581   3.637606598   349.778547267488   346.583165894714   352.046299626804   350.762333388798   339.676548711104   339.475468900849
#[time: 3.64]
  3.648512735   3.648528107   349.778547267488   352.976034165587   344.693822991162   346.124682314285   352.662014400135   353.677437668574
#[time: 3.65]
#[time: 3.66]
  3.667680869   3.667682445   355.692218277123   352.976034165587   351.578017004179   351.672058618232   354.475953243968   354.413895533064
#[time: 3.67]
  3.674956153   3.674967472   355.692218277123   356.773472168876    355.30221949953   355.071267527119   350.571403480225   348.825440075896
#[time: 3.68]
  3.684333206   3.684342842   360.725659786992   356.773472168876   359.314241169432    359.82023645768   353.244952515653   354.407695951086
#[time: 3.69]
#[time: 3.7]
  3.700024574   3.700027769   360.160918894534   356.773472168876   362.869802617341     361.4933765022   352.732491644859   353.172483949054
#[time: 3.71]
  3.713958706   3.713960176   360.160918894534   363.424132920563   364.782101303945   361.745745175191   355.731369145017   355.185413373041
  3.719188228   3.719221544   360.160918894534    362.41843068354   361.515677903777   361.459733738959    358.68438707236   357.604979528812
#[time: 3.72]
   3.72155316   3.721575974   360.160918894534   357.950134720177   364.405580649611   365.457773836641   368.312909051063   365.080300257511
  3.729798266   3.729857773   360.160918894534   363.591350576538   362.853584875782   361.935290015014   359.262635076312   358.141269871024
#[time: 3.73]
  3.730277029   3.730292935   360.160918894534   363.732303594378    362.85254153003   363.340079579579   359.065053998786   357.421402464108
#[time: 3.74]
#[time: 3.75]
  3.750772002   3.750782363   365.698265093549   363.732303594378   363.456453304888   364.654935386588   360.383076674951   360.864989739673
#[time: 3.76]
   3.76633732   3.766337943   365.698265093549   366.502522893988   368.466177176335    367.46606743618   356.608506380808   356.578875416933
   3.76703494   3.767040174   365.698265093549   369.713207494999   366.605752992126   366.668496590314   369.928915950674   373.730690240867
#[time: 3.77]
  3.773691451   3.773754774   370.803901163309   369.713207494999   367.345001662468   367.107905078475   365.834621706195   366.285405040793
#[time: 3.78]
#[time: 3.79]
#[time: 3.8]
  3.802058757   3.802059498   370.803901163309   372.138319379699   372.410025309689   371.901256741539   368.683971792163   368.278462423096
#[time: 3.81]
  3.814097397   3.814097397   370.803901163309   372.138319379699   371.995587442898   372.043992438889   372.127934101958   372.189822945129
  3.815566078   3.815571397   370.803901163309   374.535959808984   372.394999466693   372.623728628561   367.229919183187   366.687275501524
  3.817188965   3.817215517   370.803901163309    379.88587570497   374.350737184787   375.774234188437   375.846003248086   380.587768119469
#[time: 3.82]
#[time: 3.83]
  3.830486122   3.830487112   370.803901163309   368.102963650381   376.165179083933   378.442140061901   377.092055774846   373.346889796035
  3.832417017   3.832427465   369.050656487341   368.102963650381   375.800774781154   373.892770056919   359.578318687167   363.962217343972
#[time: 3.84]
  3.847383723   3.847424822   369.050656487341   370.789640380931   368.327240282443   368.346843757049   368.632198065152   368.041849537182
#[time: 3.85]
  3.850341213   3.850389657   374.949844172092   370.789640380931   371.852340085889   372.321506965369   373.446451566929   373.155455766429
#[time: 3.86]
#[time: 3.87]
#[time: 3.88]
  3.884048415   3.884050074   378.409830773722   370.789640380931   373.106762138471   373.048606693591   372.680529685519   373.876133392935
  3.886242085   3.886250286   378.409830773722   380.205250923845   375.464977042202   374.978724710085   374.239896290709   373.453467680475
  3.888314755   3.888332592   384.306436103076   380.205250923845   381.786570333174    382.18559514345   377.965188954285     378.7510362961
#[time: 3.89]
  3.892089051   3.892106852   381.007407566712   380.205250923845   385.388078174155   383.952129128907   371.422017301572   371.303691150745
   3.89712815   3.897134185   381.007407566712   383.783256662017   382.039211014217   381.744163820944   381.339043064431   379.823861202563
#[time: 3.9]
#[time: 3.91]
  3.911358378   3.911368853   381.007407566712     395.4259270123   388.064816063375   390.084251013296   386.914796973286   392.422778398728
  3.919195065    3.91921778   381.007407566712   384.758545063917   387.081587322953   396.756838799986   374.883222491579   374.611124415317
#[time: 3.92]
  3.927772002   3.927778562   381.124424742915   384.758545063917   384.579826762107   385.506665269311   387.097673047381   392.196337152893
#[time: 3.93]
#[time: 3.94]
  3.941258225    3.94128341   381.124424742915   383.811204878128   385.956991153679   387.242375476075   375.874834671364   375.287497870359
  3.947288577    3.94729725   381.124424742915   386.415707943729    386.33066650523   387.899156303754   383.835440533937   384.079892396956
#[time: 3.95]
  3.957580865    3.95761333   381.124424742915   382.384727946929   387.285925652598   390.950018358597     373.1460049436   372.469927075388
#[time: 3.96]
  3.967730175   3.967731427   385.717823907255   382.384727946929   383.123729035831   383.307944843466   376.702243609508    377.54382879539
#[time: 3.97]
  3.978615005    3.97864251   385.717823907255   386.540598031449   388.985438636105   387.582084043248   378.192784135578   378.231724047896
#[time: 3.98]
#[time: 3.99]
  3.991690412   3.991737352   387.782126011535   386.540598031449   389.743671919057   390.112662211576   380.317134441732   380.815647262486
#[time: 4]
#[time: 4.01]
#[time: 4.02]
  4.021079807   4.021111622   384.772314482529   386.540598031449   390.987826240609   390.556001840045   392.817525937801   395.575637091375
  4.027279121   4.027340583   384.772314482529   386.403662541757   390.025094372623   391.247633307671    379.46632380619   378.045725854953
  4.029686333   4.029737071   384.772314482529   380.228246020055   387.874349637816   388.909024395592   390.703553367692   386.726357470242
#[time: 4.03]
  4.030888576   4.030916421   383.112630828509   380.228246020055   388.175163708057   385.529641478537   374.510829060183   375.641366226224
  4.032446641   4.032472268    374.38094369631   380.228246020055   385.217268512074   384.462252575742    378.47503692878   380.315307473275
#[time: 4.04]
  4.041833077   4.041869025    374.38094369631   376.757890642515   380.661866192706   387.037926043875   369.967800187491   367.861104636184
#[time: 4.05]
#[time: 4.06]
#[time: 4.07]
#[time: 4.08]
  4.080389733   4.080506761    374.38094369631   375.854573178007   375.369015489115   375.259692800267   370.670563704084   370.149671970544
#[time: 4.09]
  4.090593303   4.090595705   380.190053475171   375.854573178007   375.941976097887   376.082412642049   376.766227669193   377.634583246539
  4.093650501   4.093654724   380.190053475171     383.9728079323   383.799151797842   381.428269631133   381.505702852142   381.154519077226
#[time: 4.1]
#[time: 4.11]
  4.115361957   4.115420998   385.417498267431     383.9728079323   386.419135304191   389.366435328286   376.910163988514   377.481969234273
  4.117615235   4.117617171   385.417498267431   394.821648418385   390.334307461081   389.325985591529   392.379739282019   398.604011807468
#[time: 4.12]
#[time: 4.13]
  4.130857021   4.130879207   396.197977521124   394.821648418385    391.96367535407   400.639192456325   391.104843953099   393.114119889758
  4.138686896   4.138690472   396.197977521124   392.633523602415   398.665804440705    398.19296934894   395.615914844651   395.113604303233
#[time: 4.14]
  4.143365648   4.143377998   394.350990257476   392.633523602415   399.445447819014   398.035970770124   385.568000290499    386.03766621587
  4.147703884   4.147708864   391.899817460664   392.633523602415   395.154880208149   394.786301095605   386.807860915706   386.557539141325
#[time: 4.15]
  4.152360754   4.152368111   391.899817460664   392.657286475988   396.081238849912   396.368729054722   389.908629213011   389.715475852593
#[time: 4.16]
  4.161810641   4.161816852   395.303638995003   392.657286475988   393.310010407083   393.394912295682   389.329626782755   390.257326475291
  4.164010327   4.164044018   380.299256944824   392.657286475988   396.826971310549   396.058165406754   384.921268421916   396.575503642993
#[time: 4.17]
  4.170964714   4.170966316   395.792988331475   392.657286475988   385.534117602692   393.388476662997   388.152195639227    390.10338615311
  4.173455071   4.173488076   389.790913330344   392.657286475988   399.636545629412   398.012304288265   390.090205758465   389.640964673157
#[time: 4.18]
  4.186076235    4.18608241   399.478574830435   392.657286475988   392.676825237111   393.349301672818   398.028056475665    396.85666628351
  4.187390104   4.187395392   399.478574830435   401.433469081418   403.972612722486   399.324952601481   390.902610807904   391.322987729519
  4.188991483   4.189014097   405.163261736307   401.433469081418   401.020308854345    401.14882845242   396.419927552506   399.676479813756
#[time: 4.19]
  4.196153531   4.196162162   405.163261736307   410.156061836584   410.556287596556   407.649896436043   406.891915006112   406.443978452471
  4.197926287   4.197933441   405.163261736307   406.274497599954   409.082932175225   409.905219428183   397.975141641762   397.566992434634
#[time: 4.2]
#[time: 4.21]
#[time: 4.22]
#[time: 4.23]
#[time: 4.24]
  4.242402201    4.24240526   407.993784001046   406.274497599954    407.29039519518    407.49016759602   400.102951896466    400.27247362199
  4.242823052   4.242878071   407.993784001046   412.598246324845   409.406723448631   409.000411350606   404.393058645408   403.928019774228
#[time: 4.25]
  4.254740459   4.254741504   407.993784001046   413.474224124754   414.098795634638   416.247421020817   408.349059091021   406.850917049368
#[time: 4.26]
#[time: 4.27]
  4.272046311   4.272128889   407.993784001046   409.129647395074   413.777744809085   416.364739786357   401.253548720151   401.100939359057
   4.27950461   4.279549357   407.993784001046   408.779218209962   411.329833806083   411.824068781453    407.59820556889   407.489805560551
#[time: 4.28]
#[time: 4.29]
  4.297246163   4.297291682   410.900219243928   408.779218209962   409.038801146366   409.102836120293   400.500791291211   400.118645460249
#[time: 4.3]
#[time: 4.31]
  4.315232147   4.315252099   410.900219243928   415.835574866316   409.891929062271     409.8803932266   413.315847831617   415.648845262215
#[time: 4.32]
  4.321335984   4.321340658   416.989965393254   415.835574866316   415.945506455581   418.759790773873   408.726382401899   409.525463671635
  4.328789899   4.328844601   415.306387474827   415.835574866316   420.422376359554    419.76987584252   412.134298337812   411.863005199986
#[time: 4.33]
  4.331836541   4.331845771   415.306387474827   405.824779586668   420.973119855417   421.326651418743   414.406644064507   410.432063412061
  4.332473419   4.332494158   415.306387474827   407.719158732549   419.153677019752   413.238841801319   425.352420618956   414.572694719029
#[time: 4.34]
  4.340591983   4.340604398   415.306387474827   412.074375621201   417.185095235066   414.020400188593   420.502856994309   417.345847751093
#[time: 4.35]
  4.354369501   4.354376925   415.306387474827   417.134271636256    414.82895763129   414.529856449872    413.79576687039   413.395021655464
#[time: 4.36]
  4.365348607   4.365353191   415.306387474827   417.289481957874    418.16096753089   418.530462002687    411.15950442931   410.397654413093
  4.367292739   4.367320653    418.38516058035   417.289481957874   416.132918283889   416.085596901428    413.18879818318    413.77068648662
#[time: 4.37]
#[time: 4.38]
#[time: 4.39]
   4.39296274   4.392976427    418.38516058035   417.782903183138     421.8183713479   421.384413235944   412.865418886664   413.043412866369
#[time: 4.4]
  4.408093273   4.408119532    418.38516058035    421.34112836957   420.342305163132   420.170370532475   413.545992337104   413.515107856343
#[time: 4.41]
#[time: 4.42]
  4.422445451   4.422466918   419.503545788454    421.34112836957   423.042125384748   424.613816450877   421.573388199009   426.600092917941
  4.423214763   4.423222096   419.503545788454   425.672056067896   425.479187605894   427.185639640819   421.642837847897   420.918810368875
  4.423672061   4.423731468   426.584173837993   425.672056067896   423.556651541386   424.793590647606     418.1070288668   418.636292366293
#[time: 4.43]
#[time: 4.44]
#[time: 4.45]
  4.451609506   4.451650386   428.637520897613   425.672056067896   427.573036833217   427.442095434563    420.36179374673   420.361624685041
#[time: 4.46]
#[time: 4.47]
#[time: 4.48]
  4.481386258   4.481392248   428.637520897613   430.612479571589   430.334864284492   429.095846192072   425.007596590129   423.366896533674
  4.481393418   4.481408085   428.637520897613   431.069261729975   433.940652993705     435.0050900463   420.667321554328   420.779296640194
#[time: 4.49]
   4.49757509   4.497610192   428.637520897613   430.470298919777   430.768481122293   431.237956898335   423.123889501407   421.697623797369
   4.49854626   4.498553521    421.92532075747   430.470298919777   430.630604796711   431.222179787487   425.682577538668   429.917492019328
#[time: 4.5]
  4.500893598   4.500959244    421.92532075747   426.954329152552   428.640687583354    435.05913506035   422.385990698199   421.034477886185
  4.503273927   4.503330739    421.92532075747   428.402496249787   426.862021006121   428.779399666053   423.122930005254   421.822750515818
#[time: 4.51]
  4.510559761   4.510565661   434.221412664453   428.402496249787   426.768219130243   428.535468725333   425.826436481604    427.05142323526
  4.510962093   4.510962128   434.221412664453   435.773423722231   435.654911517451   432.807573008632   434.381256846786    434.22165890212
#[time: 4.52]
  4.527082731   4.527095025   448.931579612815   435.773423722231   437.166152457482   437.560695851972   445.541445144527   441.521300710314
#[time: 4.53]
   4.53657908   4.536581166   448.931579612815    443.91043128765   447.143304066929   442.343156238334   458.324449626864   451.713503826785
  4.538633324   4.538634824   452.923834442873    443.91043128765   445.728321524489   445.961981081169   454.131306173976   448.038637248303
  4.539827236   4.539871277   449.753585430377    443.91043128765   457.513604312998   451.076690987745   452.403793440661   449.058010943455
#[time: 4.54]
#[time: 4.55]
#[time: 4.56]
  4.566810669   4.566811888   449.753585430377   451.610962517986   453.722147930629   449.237188758362   444.309758221846   443.727557000421
#[time: 4.57]
#[time: 4.58]
  4.583039455   4.583094937   454.651849771277   451.610962517986   449.822331113084   449.360678284761   448.304221793864   449.620805482533
  4.587631124   4.587632113   454.651849771277   456.654072902956   454.954728929848   454.528577466146   447.457502795456   447.238442177605
#[time: 4.59]
  4.592100942   4.592113323   454.651849771277   457.423924548773   455.547685898204   455.512608452329   448.922480334164   447.638815550489
#[time: 4.6]
#[time: 4.61]
   4.61873152    4.61874523   454.651849771277   457.805843846622   458.433273122143   459.020932458762   447.572097778583   448.340328947965
#[time: 4.62]
  4.620496156   4.620502934   454.651849771277    456.18837673088   459.862469553739   461.985033809667   449.666758034032   448.816272297565
#[time: 4.63]
  4.632145792   4.632162139   454.651849771277   455.868904135104   457.443925833421   457.847881835811   450.828181209516   450.343942117137
#[time: 4.64]
  4.642586625   4.642598527   457.594154879542   455.868904135104   457.437132147689   457.795788452491   447.542760842564    450.02897939011
  4.643936313   4.643957909   452.629961354041   455.868904135104   465.030982233304   463.066261837766   456.985596837606   458.450314089445
#[time: 4.65]
  4.656529329   4.656536036   457.967766027046   455.868904135104    457.60620257541   458.757774045516   449.402817109051   449.451765072267
#[time: 4.66]
  4.668364175   4.668385145   453.787358260253   455.868904135104   463.605583906341   461.987045115626   455.445929823584   455.844136930476
#[time: 4.67]
#[time: 4.68]
  4.689953323   4.689953453   458.488829808238   455.868904135104     457.4916321258   457.992472773749   451.349447334152    451.84277496259
#[time: 4.69]
#[time: 4.7]
#[time: 4.71]
#[time: 4.72]
#[time: 4.73]
  4.739748111   4.739750188   458.488829808238   457.274320306612    463.98829775264   462.364421496567   461.750647756646    461.32215634269
#[time: 4.74]
#[time: 4.75]
#[time: 4.76]
  4.769578592   4.769657866    460.77613111753   457.274320306612   462.536830355197   461.908510600128   455.460775062227   456.857079047663
#[time: 4.77]
  4.775611676   4.775618326   459.013724331398   457.274320306612    466.11879578173   463.551290211839   454.794472251719   455.675946219203
  4.778155391   4.778207559   442.386067446111   457.274320306612   458.480282712035   458.441894687779   447.788579257361   457.579497049878
#[time: 4.78]
  4.788362969   4.788388191   461.795194083644   457.274320306612   449.954668162029   457.207584193284   459.386005945833   459.503461761977
#[time: 4.79]
  4.794877296   4.794915693   455.379042248952   457.274320306612   459.300665801314   459.385430242175   457.692480101547   458.380589539525
  4.799001879    4.79904551   455.379042248952    461.68170603833   457.353435577192   457.491180133787   458.827127262896   462.529472693498
  4.799606468   4.799630922   455.379042248952   454.681220480306    459.13312304484   459.701391823194   447.634736317772   448.006260469146
#[time: 4.8]
#[time: 4.81]
  4.810634123     4.8106652   445.420971872309   454.681220480306   458.481471180442    458.21281612591   451.102842284052   460.005714004368
  4.811970608   4.811976121   445.420971872309   439.302370396018   449.857492199252    454.43055777009   442.971907422102   442.421122743093
  4.815314239    4.81535692   445.420971872309   440.213729515769    446.37884539708     444.3288984017    454.79386241794   445.849307180107
#[time: 4.82]
#[time: 4.83]
#[time: 4.84]
#[time: 4.85]
  4.851420867   4.851434217   444.690435685845   440.213729515769    448.78421702888    445.35321540965   444.782984733613   442.550916176978
  4.858402608   4.858406137   444.690435685845   457.645311997519   447.349824429326   444.764248740491   450.418519199185   456.853301549753
#[time: 4.86]
#[time: 4.87]
  4.878276018   4.878289548   444.690435685845   448.771339477587   453.207102694672   463.237491934801   447.245697543981   447.494957812891
#[time: 4.88]
  4.881122412   4.881178064   447.408112436388   448.771339477587   448.830008798848   449.843946086344   457.391242809118   459.132561608779
#[time: 4.89]
#[time: 4.9]
  4.900124365   4.900144714   451.991974034595   448.771339477587   449.502706582852   449.737148050002   449.130190265287   449.631356101048
#[time: 4.91]
#[time: 4.92]
  4.920058631   4.920067389   451.991974034595   452.633511719493   453.426350377493   452.287041424313   448.346764403665   448.015145585372
#[time: 4.93]
  4.932319092   4.932333286    455.78008732106   452.633511719493   453.917243446524   454.166147161068   453.709764184837   453.915879188461
  4.939192954   4.939243431    455.78008732106   449.777514347723   459.570960554468   457.776812490642   457.390302045785   453.067706915171
#[time: 4.94]
  4.940926596   4.940943592    455.78008732106   457.536903855603   455.629097033847   454.265939148342    447.41429626247   447.256822875643
  4.943692894   4.943701934    455.78008732106   457.991996932128   456.742976911659   456.760862444948   460.091056500038   461.421325984772
  4.946303235   4.946311358   461.119072429765   457.991996932128   461.939968989572    463.96625526498   453.971957419556   456.993558598428
  4.949701339   4.949710195    445.99787135863   457.991996932128     462.2603569895   460.660838680664   454.928146930747   465.084837535231
#[time: 4.95]
  4.957963762   4.957979832   459.215592223888   457.991996932128   451.464858562784   456.814453602704   454.957106328188   455.406367768368
#[time: 4.96]
  4.964786561   4.964797825   462.757789543812   457.991996932128   460.442097685566   460.200359721773   458.939393871439   459.629073251472
#[time: 4.97]
   4.97162111   4.971636092   463.240527397578   457.991996932128   464.773338608432   462.448384522379   454.087514100718    456.21538949962
  4.974224657   4.974229599   463.240527397578    474.01135556247   461.339188467411   461.024387891842   467.900272358288   471.737309256105
  4.979981679    4.97999712   463.240527397578    468.37123692394   469.786415906199   474.196940455634     465.8361427735   467.115787331405
#[time: 4.98]
  4.983516997   4.983545946   469.633030697569    468.37123692394   469.917224964424   473.457715382793   461.042459090184   461.216678453757
#[time: 4.99]
  4.997488421   4.997509445   469.334433644401    468.37123692394   470.701319839739   470.465698175378   461.577578482429   461.698867111124
