# command line: ./generate_stepping_data --cb 0.08 --eqmpost 242.0 --rt 8 --cm 1.05 --framerate 1e-10 --exp-unbinding-constant -0.35 --k_b 3000000.0 --ls 20.75 --ct 0.36 --runtime 2.0 --dt 1e-10 --eqt 0.0 --k_ub 30.0 --eqmpre 197.0 --label paper_stroke_angles_4 --nomovie --rm 11 --angle-logging-mode --seed 4 --rb 3.5 --force 0 --eqb 120.0 --lt 23.0



#********paper_stroke_angles_4__k_b-3e+06,k_ub-30,c--0.35,cb-0.08,cm-1.05,ct-0.36,ls-20.75,lt-23,seed-4,dt-1e-10********
#state, time, tx displacement, ty displacement, recently bound motor angle, recently bound binding angle
#[time: 0]
#[time: 0.01]
#[time: 0.02]
#[time: 0.03]
#[time: 0.04]
#[time: 0.05]
#[time: 0.06]
#[time: 0.07]
#[time: 0.08]
#[time: 0.09]
#[time: 0.1]
#[time: 0.11]
#[time: 0.12]
NEWUNBINDING
NEARBOUN	0.070162616400 -11.025	  39.030	4.230067	0.000000
NEARBOUN	0.070162626400  -9.104	  37.575	4.267405	0.000000
NEARBOUN	0.070162636400  -7.043	  40.928	3.973374	0.000000
NEARBOUN	0.070162646400  -7.795	  41.814	3.786244	0.000000
NEARBOUN	0.070162656400 -12.356	  40.066	3.585233	0.000000
NEARBOUN	0.070162666400 -15.245	  38.438	3.352974	0.000000
NEARBOUN	0.070162676400 -16.503	  36.559	3.739377	0.000000
NEARBOUN	0.070162686400 -12.270	  41.252	3.358540	0.000000
NEARBOUN	0.070162696400 -11.469	  39.711	3.270603	0.000000
NEARBOUN	0.070162706400 -10.698	  40.166	3.704389	0.000000
NEARBOUN	0.070162716400  -7.476	  39.319	3.123486	0.000000
NEARBOUN	0.070162726400  -6.281	  40.308	2.887326	0.000000
NEARBOUN	0.070162736400  -7.692	  39.256	3.342364	0.000000
NEARBOUN	0.070162746400  -5.180	  41.572	3.253162	0.000000
NEARBOUN	0.070162756400  -0.653	  41.591	3.577334	0.000000
NEARBOUN	0.070162766400   4.986	  41.395	3.633766	0.000000
NEARBOUN	0.070162776400   6.956	  38.887	3.484439	0.000000
NEARBOUN	0.070162786400  -0.439	  37.704	3.605202	0.000000
NEARBOUN	0.070162796400   2.796	  39.366	3.330842	0.000000
NEARBOUN	0.070162806400   2.733	  39.766	3.213854	0.000000
NEARBOUN	0.070162816400  -1.560	  35.980	3.795326	0.000000
NEARBOUN	0.070162826400  -1.823	  38.462	3.533377	0.000000
NEARBOUN	0.070162836400  -0.577	  40.943	3.712303	0.000000
NEARBOUN	0.070162846400  -4.397	  36.067	3.211806	0.000000
NEARBOUN	0.070162856400  -7.457	  37.168	3.170984	0.000000
NEARBOUN	0.070162866400  -8.258	  38.722	3.555228	0.000000
NEARBOUN	0.070162876400 -10.391	  36.487	3.184249	0.000000
NEARBOUN	0.070162886400 -13.237	  38.954	3.433666	0.000000
NEARBOUN	0.070162896400 -14.445	  35.601	3.786100	0.000000
NEARBOUN	0.070162906400 -20.336	  33.091	3.833419	0.000000
NEARBOUN	0.070162916400 -20.348	  34.775	3.772715	0.000000
NEARBOUN	0.070162926400 -22.437	  28.556	3.512911	0.000000
NEARBOUN	0.070162936400 -21.369	  34.527	3.284459	0.000000
NEARBOUN	0.070162946400 -24.149	  29.686	3.306071	0.000000
NEARBOUN	0.070162956400 -24.804	  20.113	3.303485	0.000000
NEARBOUN	0.070162966400 -22.745	  17.385	3.357536	0.000000
NEARBOUN	0.070162976400 -23.967	  18.898	3.551291	0.000000
NEARBOUN	0.070162986400 -24.969	  17.163	3.400485	0.000000
NEARBOUN	0.070162996400 -25.741	  14.615	3.528036	0.000000
NEARBOUN	0.070163006400 -26.915	  17.716	3.444508	0.000000
NEARBOUN	0.070163016400 -31.976	  17.169	3.413093	0.000000
NEARBOUN	0.070163026400 -32.842	  19.638	3.550264	0.000000
NEARBOUN	0.070163036400 -34.809	  17.923	3.508521	0.000000
NEARBOUN	0.070163046400 -32.915	  22.939	2.782895	0.000000
NEARBOUN	0.070163056400 -33.313	  23.654	3.056911	0.000000
NEARBOUN	0.070163066400 -30.865	  23.037	3.308571	0.000000
NEARBOUN	0.070163076400 -29.807	  24.957	3.378489	0.000000
NEARBOUN	0.070163086400 -30.212	  22.021	3.366378	0.000000
NEARBOUN	0.070163096400 -32.575	  22.899	3.640364	0.000000
NEARBOUN	0.070163106400 -29.766	  24.806	2.902746	0.000000
NEARBOUN	0.070163116400 -30.430	  23.334	3.242593	0.000000
NEARBOUN	0.070163126400 -31.463	  25.629	2.598558	0.000000
NEARBOUN	0.070163136400 -32.939	  24.051	3.001303	0.000000
NEARBOUN	0.070163146400 -31.625	  22.253	3.206950	0.000000
NEARBOUN	0.070163156400 -33.335	  17.219	3.128675	0.000000
NEARBOUN	0.070163166400 -33.741	   9.492	3.585408	0.000000
NEARBOUN	0.070163176400 -34.151	   9.045	2.885203	0.000000
NEARBOUN	0.070163186400 -37.694	  13.455	3.042340	0.000000
NEARBOUN	0.070163196400 -35.888	  13.409	3.122401	0.000000
NEARBOUN	0.070163206400 -39.110	  14.599	2.835764	0.000000
NEARBOUN	0.070163216400 -36.890	  12.779	3.456790	0.000000
NEARBOUN	0.070163226400 -37.340	   7.693	3.329122	0.000000
NEARBOUN	0.070163236400 -39.979	   5.824	3.132610	0.000000
NEARBOUN	0.070163246400 -39.455	   4.579	3.307420	0.000000
NEARBOUN	0.070163256400 -38.953	   8.144	2.700008	0.000000
NEARBOUN	0.070163266400 -35.989	   5.046	3.119285	0.000000
NEARBOUN	0.070163276400 -37.109	   0.495	3.103506	0.000000
NEARBOUN	0.070163286400 -37.638	   4.960	3.461732	0.000000
NEARBOUN	0.070163296400 -37.635	   5.053	3.450734	0.000000
NEARBOUN	0.070163306400 -36.654	   1.461	3.566345	0.000000
NEARBOUN	0.070163316400 -34.696	   0.723	3.562978	0.000000
NEARBOUN	0.070163326400 -38.706	   9.962	3.318269	0.000000
NEARBOUN	0.070163336400 -39.301	   6.696	2.963117	0.000000
NEARBOUN	0.070163346400 -37.172	   2.689	2.814248	0.000000
NEARBOUN	0.070163356400 -36.194	   0.518	3.034982	0.000000
NEARBOUN	0.070163366400 -34.336	   0.588	3.430377	0.000000
NEARBOUN	0.070163376400 -35.583	   3.546	2.950603	0.000000
NEARBOUN	0.070163386400 -36.047	   0.213	3.725965	0.000000
NEARBOUN	0.070163396400 -39.744	   4.470	3.171220	0.000000
NEARBOUN	0.070163406400 -40.502	   0.985	3.883442	0.000000
NEARBOUN	0.070163416400 -39.682	   9.836	3.241204	0.000000
NEARBOUN	0.070163426400 -37.344	  10.549	3.201603	0.000000
NEARBOUN	0.070163436400 -34.882	  11.256	3.395144	0.000000
NEARBOUN	0.070163446400 -32.145	   5.987	3.263995	0.000000
NEARBOUN	0.070163456400 -33.069	  11.440	3.268554	0.000000
NEARBOUN	0.070163466400 -31.532	   6.343	3.805756	0.000000
NEARBOUN	0.070163476400 -32.925	   2.874	3.191248	0.000000
NEARBOUN	0.070163486400 -29.927	   0.988	3.415976	0.000000
NEARBOUN	0.070163496400 -33.492	  11.114	3.283528	0.000000
NEARBOUN	0.070163506400 -33.397	  10.135	3.192504	0.000000
NEARBOUN	0.070163516400 -30.059	  12.990	3.585614	0.000000
NEARBOUN	0.070163526400 -29.933	  12.288	3.085556	0.000000
NEARBOUN	0.070163536400 -30.636	  14.051	3.119322	0.000000
NEARBOUN	0.070163546400 -27.882	  17.034	3.073473	0.000000
NEARBOUN	0.070163556400 -29.321	  15.660	3.577386	0.000000
NEARBOUN	0.070163566400 -32.825	  13.081	3.461288	0.000000
NEARBOUN	0.070163576400 -31.952	  15.083	3.773001	0.000000
NEARBOUN	0.070163586400 -32.316	  17.215	3.256179	0.000000
NEARBOUN	0.070163596400 -29.782	  19.706	3.651269	0.000000
NEWBINDING
BBFROMNB	0.070211242200 -26.375	  11.739	3.931489	2.430317
BBFROMNB	0.070211252200 -24.740	  12.399	4.080006	2.323081
BBFROMNB	0.070211262200 -24.815	  16.095	3.926864	2.318208
BBFROMNB	0.070211272200 -23.709	  12.901	4.159106	2.259911
BBFROMNB	0.070211282200 -22.460	  23.582	3.712884	2.244395
BBFROMNB	0.070211292200 -18.464	  27.445	3.827870	2.051199
BBFROMNB	0.070211302200 -18.457	  26.445	3.913298	2.024272
BBFROMNB	0.070211312200 -16.198	  26.905	4.066002	1.896642
BBFROMNB	0.070211322200 -15.085	  23.543	4.344576	1.794231
BBFROMNB	0.070211332200 -13.610	  31.074	3.925445	1.852145
BBFROMNB	0.070211342200 -13.457	  30.707	3.969811	1.831528
BBFROMNB	0.070211352200  -9.146	  34.672	3.887037	1.731346
BBFROMNB	0.070211362200 -11.277	  34.198	3.783402	1.835852
BBFROMNB	0.070211372200 -10.719	  33.781	3.873238	1.782870
BBFROMNB	0.070211382200  -9.444	  30.614	4.222295	1.616603
BBFROMNB	0.070211392200  -8.229	  30.536	4.287816	1.555779
BBFROMNB	0.070211402200  -6.725	  37.635	3.683504	1.753037
BBFROMNB	0.070211412200  -5.656	  35.227	4.028758	1.573571
BBFROMNB	0.070211422200  -2.248	  36.161	4.086835	1.453749
BBFROMNB	0.070211432200  -1.428	  33.266	4.354057	1.319613
BBFROMNB	0.070211442200   0.043	  35.132	4.251790	1.318824
BBFROMNB	0.070211452200  -3.201	  32.940	4.320048	1.386385
BBFROMNB	0.070211462200  -3.860	  31.103	4.427644	1.367761
BBFROMNB	0.070211472200  -9.256	  31.158	4.191781	1.620543
BBFROMNB	0.070211482200  -7.269	  33.776	4.081343	1.599328
BBFROMNB	0.070211492200  -6.574	  32.236	4.239433	1.519505
BBFROMNB	0.070211502200  -8.218	  33.883	4.021251	1.650679
BBFROMNB	0.070211512200  -8.020	  33.919	4.028882	1.641879
BBFROMNB	0.070211522200 -12.621	  29.006	4.159201	1.742566
BBFROMNB	0.070211532200 -10.443	  34.655	3.795837	1.806449
BBFROMNB	0.070211542200 -10.889	  33.125	3.928078	1.766438
BBFROMNB	0.070211552200 -14.147	  29.928	3.985726	1.848858
BBFROMNB	0.070211562200 -12.819	  31.437	3.951315	1.817522
BBFROMNB	0.070211572200 -11.350	  31.802	4.019262	1.746727
BBFROMNB	0.070211582200 -11.476	  32.084	3.986131	1.762624
BBFROMNB	0.070211592200  -9.196	  33.847	3.967596	1.700520
BBFROMNB	0.070211602200 -11.561	  31.146	4.061196	1.738714
BBFROMNB	0.070211612200  -7.090	  34.572	4.018257	1.618900
BBFROMNB	0.070211622200  -5.979	  34.226	4.104659	1.552321
BBFROMNB	0.070211632200  -4.804	  36.036	3.990609	1.565596
BBFROMNB	0.070211642200  -4.192	  33.446	4.244852	1.444998
BBFROMNB	0.070211652200  -2.738	  38.123	3.859196	1.567822
BBFROMNB	0.070211662200   0.191	  39.792	3.774186	1.532456
BBFROMNB	0.070211672200   2.714	  40.634	3.750460	1.481255
BBFROMNB	0.070211682200   0.634	  38.346	3.968570	1.429433
BBFROMNB	0.070211692200  -5.655	  34.498	4.095714	1.546435
BBFROMNB	0.070211702200  -9.089	  31.506	4.174016	1.621224
BBFROMNB	0.070211712200  -3.362	  38.402	3.792033	1.614880
BBFROMNB	0.070211722200  -3.013	  35.470	4.120874	1.460667
BBFROMNB	0.070211732200  -6.069	  33.330	4.176042	1.527410
BBFROMNB	0.070211742200  -5.469	  29.885	4.449207	1.413377
BBFROMNB	0.070211752200  -4.474	  34.376	4.157836	1.487377
BBFROMNB	0.070211762200  -0.272	  36.841	4.091800	1.397451
BBFROMNB	0.070211772200  -0.714	  33.784	4.336417	1.305400
BBFROMNB	0.070211782200  -2.097	  33.700	4.299932	1.361065
BBFROMNB	0.070211792200  -0.436	  37.084	4.063042	1.414719
BBFROMNB	0.070211802200  -1.226	  36.888	4.054804	1.439758
BBFROMNB	0.070211812200  -3.642	  31.960	4.375858	1.379216
BBFROMNB	0.070211822200  -5.873	  31.788	4.302707	1.475237
BBFROMNB	0.070211832200  -5.480	  35.012	4.057431	1.556809
BBFROMNB	0.070211842200  -7.366	  31.190	4.281188	1.530007
BBFROMNB	0.070211852200  -6.095	  34.764	4.050820	1.577143
BBFROMNB	0.070211862200  -5.330	  34.306	4.127234	1.524444
BBFROMNB	0.070211872200  -3.762	  33.258	4.275765	1.420247
BBFROMNB	0.070211882200  -1.926	  34.819	4.216184	1.390076
BBFROMNB	0.070211892200  -5.924	  32.203	4.269995	1.488407
BBFROMNB	0.070211902200  -0.903	  32.426	4.430541	1.273675
BBFROMNB	0.070211912200  -0.240	  35.114	4.245035	1.329745
BBFROMNB	0.070211922200  -0.315	  37.452	4.030590	1.426066
BBFROMNB	0.070211932200  -0.074	  37.323	4.051448	1.410210
BBFROMNB	0.070211942200  -0.104	  37.991	3.981761	1.442701
BBFROMNB	0.070211952200   2.256	  37.945	4.058490	1.345069
BBFROMNB	0.070211962200   2.169	  37.823	4.068325	1.342794
BBFROMNB	0.070211972200   1.466	  40.308	3.752356	1.511165
BBFROMNB	0.070211982200  -2.998	  37.848	3.879679	1.565388
BBFROMNB	0.070211992200  -2.161	  37.132	3.994945	1.491494
BBFROMNB	0.070212002200  -5.213	  35.120	4.059747	1.548264
BBFROMNB	0.070212012200  -8.939	  37.268	3.541188	1.878038
BBFROMNB	0.070212022200 -10.743	  31.446	4.086720	1.703783
BBFROMNB	0.070212032200  -9.404	  35.201	3.809356	1.771048
BBFROMNB	0.070212042200 -11.453	  33.544	3.844000	1.816380
BBFROMNB	0.070212052200  -8.508	  32.589	4.118246	1.622828
BBFROMNB	0.070212062200  -6.031	  30.864	4.361574	1.460174
BBFROMNB	0.070212072200  -7.189	  31.820	4.243021	1.537424
BBFROMNB	0.070212082200  -6.069	  31.195	4.336943	1.469660
BBFROMNB	0.070212092200  -6.040	  31.741	4.299182	1.481718
BBFROMNB	0.070212102200  -3.789	  32.411	4.338205	1.397547
BBFROMNB	0.070212112200  -3.578	  36.397	4.010347	1.523294
BBFROMNB	0.070212122200  -5.116	  33.034	4.240273	1.474520
BBFROMNB	0.070212132200   0.749	  35.323	4.255613	1.297124
BBFROMNB	0.070212142200   1.716	  35.679	4.251044	1.271902
BBFROMNB	0.070212152200   1.582	  36.605	4.167556	1.313009
BBFROMNB	0.070212162200   7.808	  39.513	4.003157	1.228921
BBFROMNB	0.070212172200   9.397	  39.506	4.019906	1.180153
BBFROMNB	0.070212182200   5.090	  36.798	4.226000	1.190408
BBFROMNB	0.070212192200   7.395	  38.985	4.053950	1.213858
BBFROMNB	0.070212202200   6.701	  38.344	4.108792	1.204514
BBFROMNB	0.070212212200   4.689	  37.917	4.116530	1.253485
BBFROMNB	0.070212222200  -1.945	  37.386	3.977107	1.493637
NEWUNBINDING
FARBOUND	0.120844447100  -6.611	  41.096	3.876791	0.000000
FARBOUND	0.120844457100  -6.877	  41.873	3.869339	0.000000
FARBOUND	0.120844467100  -7.664	  41.786	3.927901	0.000000
FARBOUND	0.120844477100  -6.404	  39.595	4.025028	0.000000
FARBOUND	0.120844487100   1.403	  39.818	3.632951	0.000000
FARBOUND	0.120844497100   4.447	  41.888	3.537391	0.000000
FARBOUND	0.120844507100  -0.165	  39.170	3.884080	0.000000
FARBOUND	0.120844517100   1.539	  38.403	3.504010	0.000000
FARBOUND	0.120844527100  -2.792	  35.437	4.214148	0.000000
FARBOUND	0.120844537100   2.665	  36.191	3.188964	0.000000
FARBOUND	0.120844547100  -2.043	  40.744	3.566800	0.000000
FARBOUND	0.120844557100   3.377	  41.832	3.179525	0.000000
FARBOUND	0.120844567100   4.260	  40.583	3.228214	0.000000
FARBOUND	0.120844577100   2.620	  42.041	3.743723	0.000000
FARBOUND	0.120844587100  -3.006	  40.420	3.916195	0.000000
FARBOUND	0.120844597100  -1.590	  42.762	3.763120	0.000000
FARBOUND	0.120844607100   3.772	  42.450	3.367721	0.000000
FARBOUND	0.120844617100   0.372	  40.652	3.930210	0.000000
FARBOUND	0.120844627100   6.266	  40.795	3.525360	0.000000
FARBOUND	0.120844637100  10.642	  40.286	3.542189	0.000000
FARBOUND	0.120844647100   9.778	  39.527	3.692632	0.000000
FARBOUND	0.120844657100   9.371	  40.786	3.801447	0.000000
FARBOUND	0.120844667100   7.094	  41.184	3.623478	0.000000
FARBOUND	0.120844677100   5.942	  40.723	3.656593	0.000000
FARBOUND	0.120844687100   8.927	  40.426	3.647148	0.000000
FARBOUND	0.120844697100  11.008	  40.412	2.831720	0.000000
FARBOUND	0.120844707100  12.584	  38.461	2.397557	0.000000
FARBOUND	0.120844717100   8.599	  39.469	3.159640	0.000000
FARBOUND	0.120844727100   8.050	  38.863	3.088153	0.000000
FARBOUND	0.120844737100   7.145	  36.812	3.349535	0.000000
FARBOUND	0.120844747100   1.961	  38.801	3.740420	0.000000
FARBOUND	0.120844757100   1.123	  38.752	3.843377	0.000000
FARBOUND	0.120844767100  -0.553	  39.687	4.136703	0.000000
FARBOUND	0.120844777100   0.525	  41.221	4.131854	0.000000
FARBOUND	0.120844787100   0.432	  40.617	3.944582	0.000000
FARBOUND	0.120844797100  -3.058	  39.493	4.354346	0.000000
FARBOUND	0.120844807100   0.875	  40.306	3.665322	0.000000
FARBOUND	0.120844817100   5.922	  39.312	3.285229	0.000000
FARBOUND	0.120844827100   3.898	  38.115	3.787050	0.000000
FARBOUND	0.120844837100   0.571	  36.620	3.851501	0.000000
FARBOUND	0.120844847100   4.744	  38.363	3.341379	0.000000
FARBOUND	0.120844857100   4.370	  36.690	3.536849	0.000000
FARBOUND	0.120844867100   1.035	  37.979	4.211673	0.000000
FARBOUND	0.120844877100   5.663	  40.540	3.373976	0.000000
FARBOUND	0.120844887100   9.965	  39.790	3.220253	0.000000
FARBOUND	0.120844897100   8.495	  39.896	3.442795	0.000000
FARBOUND	0.120844907100   4.966	  40.388	3.751271	0.000000
FARBOUND	0.120844917100   9.199	  41.466	3.305397	0.000000
FARBOUND	0.120844927100   5.244	  40.762	3.312572	0.000000
FARBOUND	0.120844937100   4.739	  42.480	3.499431	0.000000
FARBOUND	0.120844947100   2.226	  40.910	3.409006	0.000000
FARBOUND	0.120844957100   4.124	  39.806	3.689118	0.000000
FARBOUND	0.120844967100   0.026	  40.205	3.290590	0.000000
FARBOUND	0.120844977100   0.333	  39.868	3.057493	0.000000
FARBOUND	0.120844987100  -0.250	  43.196	3.382038	0.000000
FARBOUND	0.120844997100   1.693	  41.200	3.472170	0.000000
FARBOUND	0.120845007100   3.742	  38.030	3.478642	0.000000
FARBOUND	0.120845017100   5.634	  37.701	3.402540	0.000000
FARBOUND	0.120845027100   4.209	  38.580	3.177596	0.000000
FARBOUND	0.120845037100   3.160	  36.396	3.761433	0.000000
FARBOUND	0.120845047100   9.032	  37.589	3.402507	0.000000
FARBOUND	0.120845057100   5.600	  38.874	3.753175	0.000000
FARBOUND	0.120845067100   5.399	  38.877	3.824898	0.000000
FARBOUND	0.120845077100   3.830	  39.014	3.796878	0.000000
FARBOUND	0.120845087100   9.153	  42.781	3.071956	0.000000
FARBOUND	0.120845097100   7.672	  40.006	3.340551	0.000000
FARBOUND	0.120845107100   8.506	  39.974	3.518938	0.000000
FARBOUND	0.120845117100   7.231	  36.910	3.437789	0.000000
FARBOUND	0.120845127100   6.887	  38.043	3.527948	0.000000
FARBOUND	0.120845137100  10.116	  37.661	3.788470	0.000000
FARBOUND	0.120845147100  10.584	  35.770	4.084143	0.000000
FARBOUND	0.120845157100  11.466	  36.329	3.778425	0.000000
FARBOUND	0.120845167100  13.846	  32.855	3.953252	0.000000
FARBOUND	0.120845177100  17.669	  34.309	3.424685	0.000000
FARBOUND	0.120845187100  16.301	  36.393	3.885994	0.000000
FARBOUND	0.120845197100  24.022	  32.503	3.722781	0.000000
FARBOUND	0.120845207100  23.844	  33.085	3.786674	0.000000
FARBOUND	0.120845217100  26.895	  28.930	3.786242	0.000000
FARBOUND	0.120845227100  29.460	  29.160	3.419880	0.000000
FARBOUND	0.120845237100  31.775	  27.353	3.614775	0.000000
FARBOUND	0.120845247100  28.047	  29.241	3.950375	0.000000
FARBOUND	0.120845257100  28.380	  28.739	4.082431	0.000000
FARBOUND	0.120845267100  25.985	  27.637	3.824734	0.000000
FARBOUND	0.120845277100  25.122	  27.225	3.822433	0.000000
FARBOUND	0.120845287100  22.463	  28.983	3.812448	0.000000
FARBOUND	0.120845297100  22.850	  31.174	3.843230	0.000000
FARBOUND	0.120845307100  28.178	  28.384	4.065817	0.000000
FARBOUND	0.120845317100  29.881	  24.394	3.626806	0.000000
FARBOUND	0.120845327100  37.871	  19.869	3.360855	0.000000
FARBOUND	0.120845337100  36.244	  20.772	3.392411	0.000000
FARBOUND	0.120845347100  38.570	  19.176	2.923441	0.000000
FARBOUND	0.120845357100  35.127	  20.582	2.771466	0.000000
FARBOUND	0.120845367100  32.721	  25.423	3.355713	0.000000
FARBOUND	0.120845377100  27.207	  30.521	4.255168	0.000000
FARBOUND	0.120845387100  30.491	  30.004	3.337778	0.000000
FARBOUND	0.120845397100  25.234	  33.914	3.544711	0.000000
FARBOUND	0.120845407100  23.567	  33.142	3.746954	0.000000
FARBOUND	0.120845417100  25.943	  30.298	3.477895	0.000000
FARBOUND	0.120845427100  24.823	  31.024	3.512577	0.000000
NEWBINDING
BBFROMFB	0.122729367100 -24.823	  26.554	3.901912	2.028731
BBFROMFB	0.122729377100 -25.473	  24.259	4.011606	2.025026
BBFROMFB	0.122729387100 -25.326	  24.658	3.997397	2.022382
BBFROMFB	0.122729397100 -24.705	  23.748	4.106925	1.972642
BBFROMFB	0.122729407100 -24.488	  26.704	3.920707	2.010552
BBFROMFB	0.122729417100 -24.416	  26.058	3.976474	1.991922
BBFROMFB	0.122729427100 -21.980	  22.314	4.373174	1.815099
BBFROMFB	0.122729437100 -19.896	  29.103	4.092266	1.794920
BBFROMFB	0.122729447100 -16.013	  32.566	4.055708	1.681512
BBFROMFB	0.122729457100 -20.744	  25.645	4.268509	1.780043
BBFROMFB	0.122729467100 -20.561	  25.361	4.296401	1.767200
BBFROMFB	0.122729477100 -19.638	  24.718	4.386652	1.713771
BBFROMFB	0.122729487100 -23.364	  21.510	4.323836	1.882688
BBFROMFB	0.122729497100 -23.777	  26.612	3.989389	1.964098
BBFROMFB	0.122729507100 -23.597	  24.490	4.145729	1.918975
BBFROMFB	0.122729517100 -22.010	  25.495	4.195854	1.844970
BBFROMFB	0.122729527100 -20.158	  26.904	4.227169	1.767107
BBFROMFB	0.122729537100 -20.073	  25.173	4.336278	1.740220
BBFROMFB	0.122729547100 -20.541	  28.272	4.110124	1.812107
BBFROMFB	0.122729557100 -21.128	  31.203	3.814300	1.930953
BBFROMFB	0.122729567100 -19.570	  32.766	3.783377	1.894263
BBFROMFB	0.122729577100 -23.467	  25.114	4.116550	1.919961
BBFROMFB	0.122729587100 -23.190	  29.424	3.800709	2.003959
BBFROMFB	0.122729597100 -22.373	  26.168	4.127966	1.874650
BBFROMFB	0.122729607100 -21.861	  29.992	3.869438	1.934720
BBFROMFB	0.122729617100 -14.163	  36.583	3.750843	1.752391
BBFROMFB	0.122729627100 -14.570	  35.762	3.825460	1.731196
BBFROMFB	0.122729637100 -18.000	  29.372	4.190212	1.700524
BBFROMFB	0.122729647100 -18.028	  27.027	4.342384	1.660595
BBFROMFB	0.122729657100 -18.028	  25.476	4.432466	1.641471
BBFROMFB	0.122729667100 -20.625	  23.507	4.394293	1.753570
BBFROMFB	0.122729677100 -19.364	  29.650	4.085857	1.778798
BBFROMFB	0.122729687100 -17.463	  28.290	4.293483	1.652511
BBFROMFB	0.122729697100 -19.109	  27.128	4.275768	1.716462
BBFROMFB	0.122729707100 -16.783	  31.773	4.077461	1.697622
BBFROMFB	0.122729717100 -16.755	  29.798	4.229511	1.646563
BBFROMFB	0.122729727100 -17.716	  28.883	4.240251	1.676138
BBFROMFB	0.122729737100 -17.966	  31.064	4.063647	1.740046
BBFROMFB	0.122729747100 -15.377	  31.674	4.163559	1.623283
BBFROMFB	0.122729757100 -12.852	  33.400	4.149938	1.550657
BBFROMFB	0.122729767100 -13.809	  35.500	3.903585	1.676781
BBFROMFB	0.122729777100 -17.189	  33.897	3.851004	1.795741
BBFROMFB	0.122729787100 -20.472	  29.736	4.002558	1.842893
BBFROMFB	0.122729797100 -18.059	  28.893	4.220300	1.693718
BBFROMFB	0.122729807100 -19.701	  30.361	4.006157	1.816032
BBFROMFB	0.122729817100 -15.991	  34.929	3.823174	1.772343
BBFROMFB	0.122729827100 -17.574	  31.239	4.073676	1.724041
BBFROMFB	0.122729837100 -18.073	  32.133	3.964139	1.778776
BBFROMFB	0.122729847100 -11.519	  39.641	3.424717	1.836688
BBFROMFB	0.122729857100 -15.861	  27.042	4.450839	1.555123
BBFROMFB	0.122729867100 -13.099	  33.278	4.148447	1.558629
BBFROMFB	0.122729877100  -9.872	  35.107	4.132744	1.470522
BBFROMFB	0.122729887100 -13.747	  29.711	4.380932	1.499539
BBFROMFB	0.122729897100 -11.119	  31.051	4.397631	1.407734
BBFROMFB	0.122729907100  -8.774	  33.302	4.319064	1.363670
BBFROMFB	0.122729917100  -4.296	  39.357	3.898211	1.426393
BBFROMFB	0.122729927100  -2.327	  39.457	3.940745	1.355948
BBFROMFB	0.122729937100   0.320	  38.541	4.088787	1.215548
BBFROMFB	0.122729947100  -6.024	  36.108	4.176632	1.343861
BBFROMFB	0.122729957100  -4.999	  35.376	4.266690	1.275629
BBFROMFB	0.122729967100  -2.702	  35.341	4.321103	1.186370
BBFROMFB	0.122729977100   0.836	  37.795	4.167334	1.163102
BBFROMFB	0.122729987100   0.173	  40.286	3.894285	1.316226
BBFROMFB	0.122729997100   5.822	  38.690	4.114403	1.060139
BBFROMFB	0.122730007100   4.623	  38.913	4.090046	1.103894
BBFROMFB	0.122730017100   4.062	  41.588	3.767564	1.286192
BBFROMFB	0.122730027100  -0.216	  37.217	4.205442	1.172419
BBFROMFB	0.122730037100   1.004	  40.065	3.934300	1.275410
BBFROMFB	0.122730047100   1.341	  38.427	4.113323	1.176798
BBFROMFB	0.122730057100  -4.011	  34.621	4.350438	1.210641
BBFROMFB	0.122730067100  -4.763	  37.425	4.091187	1.348010
BBFROMFB	0.122730077100  -6.333	  35.649	4.207330	1.339077
BBFROMFB	0.122730087100  -3.130	  38.915	3.981768	1.356625
BBFROMFB	0.122730097100  -3.613	  38.656	3.997232	1.361716
BBFROMFB	0.122730107100  -4.658	  40.246	3.769569	1.497501
BBFROMFB	0.122730117100  -4.359	  40.184	3.789293	1.480485
BBFROMFB	0.122730127100  -4.779	  39.406	3.876647	1.448955
BBFROMFB	0.122730137100  -6.583	  37.643	4.013455	1.431986
BBFROMFB	0.122730147100  -8.065	  38.824	3.818942	1.560106
BBFROMFB	0.122730157100  -6.960	  38.479	3.908365	1.490051
BBFROMFB	0.122730167100  -3.937	  37.547	4.101280	1.321335
BBFROMFB	0.122730177100  -3.426	  38.170	4.052582	1.330642
BBFROMFB	0.122730187100  -9.302	  33.467	4.288376	1.391464
BBFROMFB	0.122730197100  -3.319	  38.153	4.057023	1.325734
BBFROMFB	0.122730207100 -13.364	  31.124	4.301065	1.512473
BBFROMFB	0.122730217100 -15.060	  29.216	4.353944	1.552115
BBFROMFB	0.122730227100 -10.041	  34.670	4.163837	1.462653
BBFROMFB	0.122730237100  -8.408	  36.922	4.019872	1.478039
BBFROMFB	0.122730247100  -8.963	  37.185	3.970237	1.514953
BBFROMFB	0.122730257100 -10.301	  35.774	4.054184	1.515336
BBFROMFB	0.122730267100  -6.965	  36.866	4.077636	1.413394
BBFROMFB	0.122730277100  -7.320	  34.983	4.233314	1.355904
BBFROMFB	0.122730287100  -4.908	  37.305	4.098673	1.348465
BBFROMFB	0.122730297100  -5.431	  36.242	4.181659	1.325234
BBFROMFB	0.122730307100  -1.901	  38.823	4.020367	1.306441
BBFROMFB	0.122730317100  -2.672	  39.049	3.978397	1.346508
BBFROMFB	0.122730327100   1.434	  39.990	3.949044	1.257218
BBFROMFB	0.122730337100  -1.722	  35.915	4.292680	1.171983
BBFROMFB	0.122730347100  -5.063	  34.555	4.330789	1.249606
#[time: 0.13]
#[time: 0.14]
#[time: 0.15]
#[time: 0.16]
#[time: 0.17]
#[time: 0.18]
#[time: 0.19]
#[time: 0.2]
#[time: 0.21]
NEWUNBINDING
NEARBOUN	0.203232077200  -8.595	  39.982	3.978988	0.000000
NEARBOUN	0.203232087200  -6.993	  39.748	4.220659	0.000000
NEARBOUN	0.203232097200  -6.588	  40.305	3.976399	0.000000
NEARBOUN	0.203232107200  -8.863	  41.497	3.813292	0.000000
NEARBOUN	0.203232117200 -10.669	  38.873	3.182746	0.000000
NEARBOUN	0.203232127200 -10.639	  40.501	2.929791	0.000000
NEARBOUN	0.203232137200 -13.370	  36.462	3.234887	0.000000
NEARBOUN	0.203232147200 -17.166	  32.028	3.126260	0.000000
NEARBOUN	0.203232157200 -12.992	  35.499	3.387978	0.000000
NEARBOUN	0.203232167200 -11.581	  29.766	3.377062	0.000000
NEARBOUN	0.203232177200 -11.342	  26.510	3.007504	0.000000
NEARBOUN	0.203232187200 -11.971	  21.936	3.188227	0.000000
NEARBOUN	0.203232197200 -16.060	  20.685	3.169138	0.000000
NEARBOUN	0.203232207200 -18.180	  19.753	3.381517	0.000000
NEARBOUN	0.203232217200 -17.432	  25.777	3.712333	0.000000
NEARBOUN	0.203232227200 -16.769	  32.932	3.487464	0.000000
NEARBOUN	0.203232237200 -15.294	  35.508	3.057440	0.000000
NEARBOUN	0.203232247200 -10.565	  35.790	3.301537	0.000000
NEARBOUN	0.203232257200 -17.328	  30.937	3.539411	0.000000
NEARBOUN	0.203232267200 -17.438	  32.939	3.410463	0.000000
NEARBOUN	0.203232277200 -16.583	  32.591	3.106661	0.000000
NEARBOUN	0.203232287200 -13.553	  31.529	3.107044	0.000000
NEARBOUN	0.203232297200 -12.700	  28.970	3.708749	0.000000
NEARBOUN	0.203232307200 -13.129	  32.649	2.865022	0.000000
NEARBOUN	0.203232317200 -11.502	  33.878	3.434776	0.000000
NEARBOUN	0.203232327200 -11.056	  38.600	3.400528	0.000000
NEARBOUN	0.203232337200  -9.427	  37.434	3.537487	0.000000
NEARBOUN	0.203232347200 -11.261	  40.276	3.316221	0.000000
NEARBOUN	0.203232357200 -14.430	  35.539	3.677116	0.000000
NEARBOUN	0.203232367200 -19.192	  33.242	3.596814	0.000000
NEARBOUN	0.203232377200 -20.046	  32.765	3.304565	0.000000
NEARBOUN	0.203232387200 -23.426	  29.450	3.724338	0.000000
NEARBOUN	0.203232397200 -26.697	  31.466	3.902707	0.000000
NEARBOUN	0.203232407200 -28.941	  28.972	3.572260	0.000000
NEARBOUN	0.203232417200 -26.639	  27.511	3.486416	0.000000
NEARBOUN	0.203232427200 -26.645	  26.476	3.713996	0.000000
NEARBOUN	0.203232437200 -25.876	  29.888	3.549675	0.000000
NEARBOUN	0.203232447200 -25.253	  26.863	3.497942	0.000000
NEARBOUN	0.203232457200 -24.251	  25.429	3.280862	0.000000
NEARBOUN	0.203232467200 -23.934	  33.445	3.297700	0.000000
NEARBOUN	0.203232477200 -21.844	  31.189	3.622370	0.000000
NEARBOUN	0.203232487200 -24.189	  30.047	3.369039	0.000000
NEARBOUN	0.203232497200 -26.737	  26.585	3.478468	0.000000
NEARBOUN	0.203232507200 -29.187	  27.824	3.414457	0.000000
NEARBOUN	0.203232517200 -29.268	  25.009	3.551277	0.000000
NEARBOUN	0.203232527200 -28.158	  25.871	4.155992	0.000000
NEARBOUN	0.203232537200 -25.923	  29.077	4.063386	0.000000
NEARBOUN	0.203232547200 -26.420	  28.500	3.510040	0.000000
NEARBOUN	0.203232557200 -25.520	  28.502	3.520722	0.000000
NEARBOUN	0.203232567200 -27.677	  25.752	3.495321	0.000000
NEARBOUN	0.203232577200 -25.732	  21.784	3.623309	0.000000
NEARBOUN	0.203232587200 -24.466	  24.022	3.615560	0.000000
NEARBOUN	0.203232597200 -26.931	  27.669	3.417111	0.000000
NEARBOUN	0.203232607200 -25.860	  26.633	4.027638	0.000000
NEARBOUN	0.203232617200 -22.257	  33.208	3.847575	0.000000
NEARBOUN	0.203232627200 -24.903	  32.774	3.986370	0.000000
NEARBOUN	0.203232637200 -24.508	  33.850	3.482710	0.000000
NEARBOUN	0.203232647200 -26.809	  32.911	3.917098	0.000000
NEARBOUN	0.203232657200 -24.978	  31.798	3.023212	0.000000
NEARBOUN	0.203232667200 -26.026	  25.811	3.579855	0.000000
NEARBOUN	0.203232677200 -23.623	  27.814	3.848989	0.000000
NEARBOUN	0.203232687200 -22.692	  31.959	3.931301	0.000000
NEARBOUN	0.203232697200 -21.454	  33.932	3.365443	0.000000
NEARBOUN	0.203232707200 -22.743	  28.611	3.474158	0.000000
NEARBOUN	0.203232717200 -21.526	  28.954	3.210380	0.000000
NEARBOUN	0.203232727200 -25.774	  25.889	3.457669	0.000000
NEARBOUN	0.203232737200 -25.976	  23.900	3.409229	0.000000
NEARBOUN	0.203232747200 -26.541	  25.654	3.502734	0.000000
NEARBOUN	0.203232757200 -27.542	  28.270	3.688401	0.000000
NEARBOUN	0.203232767200 -27.912	  21.785	3.572100	0.000000
NEARBOUN	0.203232777200 -23.305	  19.234	3.844563	0.000000
NEARBOUN	0.203232787200 -23.663	  21.759	2.941050	0.000000
NEARBOUN	0.203232797200 -21.273	  16.474	3.361576	0.000000
NEARBOUN	0.203232807200 -24.261	  16.220	3.506757	0.000000
NEARBOUN	0.203232817200 -24.577	  14.691	3.314258	0.000000
NEARBOUN	0.203232827200 -27.883	  17.050	2.974759	0.000000
NEARBOUN	0.203232837200 -29.150	  18.611	2.938309	0.000000
NEARBOUN	0.203232847200 -32.640	  22.334	3.310373	0.000000
NEARBOUN	0.203232857200 -28.933	  22.748	3.163812	0.000000
NEARBOUN	0.203232867200 -26.416	  24.565	3.523319	0.000000
NEARBOUN	0.203232877200 -23.953	  19.030	3.587929	0.000000
NEARBOUN	0.203232887200 -22.347	  17.346	3.514358	0.000000
NEARBOUN	0.203232897200 -23.633	  24.556	3.739201	0.000000
NEARBOUN	0.203232907200 -22.178	  27.421	3.421792	0.000000
NEARBOUN	0.203232917200 -22.877	  31.755	3.204053	0.000000
NEARBOUN	0.203232927200 -24.255	  31.371	3.398743	0.000000
NEARBOUN	0.203232937200 -22.671	  29.297	4.097816	0.000000
NEARBOUN	0.203232947200 -19.719	  36.841	3.598398	0.000000
NEARBOUN	0.203232957200 -22.611	  33.954	3.603053	0.000000
NEARBOUN	0.203232967200 -27.934	  24.339	3.462400	0.000000
NEARBOUN	0.203232977200 -29.964	  23.670	3.883946	0.000000
NEARBOUN	0.203232987200 -30.352	  20.382	4.018116	0.000000
NEARBOUN	0.203232997200 -33.452	  21.179	3.836571	0.000000
NEARBOUN	0.203233007200 -34.310	  20.585	3.950342	0.000000
NEARBOUN	0.203233017200 -32.566	  24.845	3.648198	0.000000
NEARBOUN	0.203233027200 -32.958	  22.788	3.458788	0.000000
NEARBOUN	0.203233037200 -34.183	  18.974	3.681515	0.000000
NEARBOUN	0.203233047200 -33.523	  18.582	3.661964	0.000000
NEARBOUN	0.203233057200 -34.802	  18.264	3.228382	0.000000
NEWBINDING
BBFROMNB	0.207027024600 -14.152	  34.376	3.536573	2.004377
BBFROMNB	0.207027034600 -11.890	  34.404	3.770456	1.837037
BBFROMNB	0.207027044600 -14.215	  32.540	3.789011	1.898885
BBFROMNB	0.207027054600 -10.171	  32.033	4.115059	1.651975
BBFROMNB	0.207027064600  -5.346	  35.221	4.078593	1.522775
BBFROMNB	0.207027074600  -4.158	  37.680	3.879976	1.575899
BBFROMNB	0.207027084600  -9.339	  36.349	3.724995	1.784522
BBFROMNB	0.207027094600 -10.228	  31.928	4.120374	1.651888
BBFROMNB	0.207027104600  -8.275	  32.468	4.177852	1.570768
BBFROMNB	0.207027114600 -11.876	  31.575	4.053264	1.727356
BBFROMNB	0.207027124600 -11.333	  32.072	4.044550	1.713400
BBFROMNB	0.207027134600 -10.840	  35.347	3.738191	1.820634
BBFROMNB	0.207027144600 -12.728	  33.154	3.845965	1.831093
BBFROMNB	0.207027154600 -11.591	  33.171	3.927426	1.764998
BBFROMNB	0.207027164600 -11.711	  31.171	4.096326	1.707216
BBFROMNB	0.207027174600 -10.817	  32.733	4.018232	1.707077
BBFROMNB	0.207027184600 -11.094	  24.054	4.575547	1.563469
BBFROMNB	0.207027194600 -12.428	  27.640	4.305562	1.668824
BBFROMNB	0.207027204600 -12.555	  27.723	4.293338	1.676537
BBFROMNB	0.207027214600 -10.291	  31.503	4.150653	1.643353
BBFROMNB	0.207027224600  -6.692	  33.105	4.200051	1.514333
BBFROMNB	0.207027234600  -6.549	  33.553	4.170173	1.521325
BBFROMNB	0.207027244600  -8.750	  28.116	4.456441	1.498237
BBFROMNB	0.207027254600  -5.985	  32.000	4.313532	1.451153
BBFROMNB	0.207027264600  -5.479	  36.194	3.978517	1.568444
BBFROMNB	0.207027274600  -4.189	  38.494	3.775845	1.624141
BBFROMNB	0.207027284600  -0.556	  39.288	3.842092	1.499856
BBFROMNB	0.207027294600  -0.301	  36.205	4.172216	1.341841
BBFROMNB	0.207027304600   2.300	  37.792	4.093686	1.307427
BBFROMNB	0.207027314600   0.036	  37.454	4.065816	1.380476
BBFROMNB	0.207027324600   0.159	  36.256	4.180739	1.325365
BBFROMNB	0.207027334600   5.293	  38.908	4.042016	1.254303
BBFROMNB	0.207027344600  -1.277	  39.717	3.753124	1.560403
BBFROMNB	0.207027354600  -0.203	  38.921	3.900503	1.463293
BBFROMNB	0.207027364600   2.372	  40.319	3.809087	1.442231
BBFROMNB	0.207027374600  -1.938	  36.771	4.067810	1.432752
BBFROMNB	0.207027384600  -4.465	  35.652	4.076548	1.498744
BBFROMNB	0.207027394600  -6.617	  32.688	4.236021	1.498706
BBFROMNB	0.207027404600  -9.720	  29.500	4.323830	1.569090
BBFROMNB	0.207027414600  -6.880	  36.659	3.853450	1.660836
BBFROMNB	0.207027424600   0.034	  40.079	3.758461	1.524966
BBFROMNB	0.207027434600  -2.446	  36.743	4.052198	1.453441
BBFROMNB	0.207027444600  -4.207	  34.194	4.213300	1.435384
BBFROMNB	0.207027454600  -0.528	  35.902	4.192213	1.339341
BBFROMNB	0.207027464600   5.565	  37.329	4.198394	1.170444
BBFROMNB	0.207027474600   5.565	  38.026	4.133994	1.201970
BBFROMNB	0.207027484600  -2.591	  35.831	4.132114	1.422819
BBFROMNB	0.207027494600  -2.345	  38.425	3.875076	1.530494
BBFROMNB	0.207027504600  -4.408	  36.759	3.970109	1.542718
BBFROMNB	0.207027514600  -5.670	  35.350	4.052180	1.542824
BBFROMNB	0.207027524600  -4.826	  36.854	3.940544	1.566963
BBFROMNB	0.207027534600  -5.520	  34.160	4.164072	1.493316
BBFROMNB	0.207027544600  -1.288	  38.281	3.934568	1.475533
BBFROMNB	0.207027554600   0.940	  39.051	3.923567	1.423067
BBFROMNB	0.207027564600   3.062	  37.631	4.126203	1.271872
BBFROMNB	0.207027574600   4.221	  39.805	3.922311	1.340521
BBFROMNB	0.207027584600   1.161	  36.480	4.187321	1.294854
BBFROMNB	0.207027594600  -2.176	  33.448	4.340698	1.324629
BBFROMNB	0.207027604600  -2.807	  34.620	4.228395	1.388601
BBFROMNB	0.207027614600   0.074	  38.475	3.960935	1.427846
BBFROMNB	0.207027624600  -1.729	  34.132	4.301991	1.327045
BBFROMNB	0.207027634600   0.541	  34.421	4.341782	1.244146
BBFROMNB	0.207027644600   2.259	  36.162	4.240570	1.240401
BBFROMNB	0.207027654600  -1.095	  35.873	4.177749	1.361438
BBFROMNB	0.207027664600   3.531	  37.093	4.185407	1.231331
BBFROMNB	0.207027674600   8.456	  38.978	4.073670	1.157212
BBFROMNB	0.207027684600   3.684	  35.377	4.333256	1.157964
BBFROMNB	0.207027694600  11.337	  39.030	4.080444	1.079850
BBFROMNB	0.207027704600  10.924	  37.300	4.242597	1.004592
BBFROMNB	0.207027714600  12.171	  39.701	4.009494	1.096491
BBFROMNB	0.207027724600   9.847	  38.427	4.136431	1.088858
BBFROMNB	0.207027734600  10.297	  38.721	4.109472	1.091280
BBFROMNB	0.207027744600   4.230	  36.991	4.207320	1.202062
BBFROMNB	0.207027754600   9.390	  37.029	4.261341	1.036042
BBFROMNB	0.207027764600   4.968	  37.619	4.162866	1.203679
BBFROMNB	0.207027774600   8.515	  38.451	4.126341	1.128700
BBFROMNB	0.207027784600   5.221	  39.830	3.939473	1.306926
BBFROMNB	0.207027794600   1.721	  37.653	4.092988	1.323099
BBFROMNB	0.207027804600  -1.621	  35.934	4.155848	1.385571
BBFROMNB	0.207027814600   0.723	  35.839	4.231677	1.287069
BBFROMNB	0.207027824600   1.529	  34.981	4.321351	1.224587
BBFROMNB	0.207027834600   5.273	  38.755	4.057513	1.247202
BBFROMNB	0.207027844600   4.655	  38.630	4.059557	1.262163
BBFROMNB	0.207027854600   7.270	  37.547	4.199625	1.124318
BBFROMNB	0.207027864600   9.741	  36.953	4.269463	1.022329
BBFROMNB	0.207027874600   7.343	  34.776	4.428636	1.008132
BBFROMNB	0.207027884600   2.440	  32.420	4.529206	1.107179
BBFROMNB	0.207027894600   6.148	  36.659	4.264750	1.122258
BBFROMNB	0.207027904600   0.921	  34.053	4.379050	1.217078
BBFROMNB	0.207027914600   7.724	  34.976	4.416702	1.003136
BBFROMNB	0.207027924600  13.420	  38.718	4.107083	1.011942
BBFROMNB	0.207027934600  11.665	  38.733	4.110180	1.055602
BBFROMNB	0.207027944600  12.313	  36.696	4.294141	0.939392
BBFROMNB	0.207027954600  11.424	  36.787	4.287197	0.967326
BBFROMNB	0.207027964600   6.105	  36.239	4.299524	1.106426
BBFROMNB	0.207027974600   9.000	  39.931	3.975738	1.193839
BBFROMNB	0.207027984600  10.657	  37.400	4.233352	1.016645
BBFROMNB	0.207027994600  11.501	  36.406	4.319029	0.948156
BBFROMNB	0.207028004600  11.781	  32.980	4.577685	0.799805
#[time: 0.22]
#[time: 0.23]
#[time: 0.24]
#[time: 0.25]
#[time: 0.26]
#[time: 0.27]
#[time: 0.28]
#[time: 0.29]
#[time: 0.3]
#[time: 0.31]
#[time: 0.32]
#[time: 0.33]
#[time: 0.34]
#[time: 0.35]
#[time: 0.36]
#[time: 0.37]
#[time: 0.38]
#[time: 0.39]
#[time: 0.4]
#[time: 0.41]
#[time: 0.42]
#[time: 0.43]
#[time: 0.44]
#[time: 0.45]
NEWUNBINDING
NEWBINDING
#[time: 0.46]
NEWUNBINDING
NEWBINDING
#[time: 0.47]
#[time: 0.48]
#[time: 0.49]
#[time: 0.5]
#[time: 0.51]
#[time: 0.52]
#[time: 0.53]
#[time: 0.54]
NEWUNBINDING
NEWBINDING
#[time: 0.55]
#[time: 0.56]
#[time: 0.57]
#[time: 0.58]
#[time: 0.59]
NEWUNBINDING
NEWBINDING
NEWUNBINDING
NEWBINDING
#[time: 0.6]
NEWUNBINDING
NEWBINDING
#[time: 0.61]
#[time: 0.62]
#[time: 0.63]
#[time: 0.64]
#[time: 0.65]
#[time: 0.66]
#[time: 0.67]
#[time: 0.68]
#[time: 0.69]
#[time: 0.7]
#[time: 0.71]
#[time: 0.72]
#[time: 0.73]
#[time: 0.74]
#[time: 0.75]
NEWUNBINDING
NEWBINDING
#[time: 0.76]
#[time: 0.77]
NEWUNBINDING
NEWBINDING
#[time: 0.78]
#[time: 0.79]
#[time: 0.8]
#[time: 0.81]
#[time: 0.82]
NEWUNBINDING
NEWBINDING
#[time: 0.83]
#[time: 0.84]
#[time: 0.85]
NEWUNBINDING
NEWBINDING
#[time: 0.86]
NEWUNBINDING
NEWBINDING
#[time: 0.87]
#[time: 0.88]
#[time: 0.89]
#[time: 0.9]
#[time: 0.91]
#[time: 0.92]
#[time: 0.93]
#[time: 0.94]
#[time: 0.95]
#[time: 0.96]
#[time: 0.97]
#[time: 0.98]
NEWUNBINDING
NEWBINDING
#[time: 0.99]
#[time: 1]
#[time: 1.01]
#[time: 1.02]
#[time: 1.03]
#[time: 1.04]
#[time: 1.05]
#[time: 1.06]
#[time: 1.07]
#[time: 1.08]
#[time: 1.09]
#[time: 1.1]
NEWUNBINDING
NEWBINDING
NEWUNBINDING
NEWBINDING
#[time: 1.11]
#[time: 1.12]
#[time: 1.13]
#[time: 1.14]
#[time: 1.15]
NEWUNBINDING
NEWBINDING
#[time: 1.16]
NEWUNBINDING
NEWBINDING
#[time: 1.17]
#[time: 1.18]
NEWUNBINDING
NEWBINDING
#[time: 1.19]
#[time: 1.2]
#[time: 1.21]
#[time: 1.22]
#[time: 1.23]
NEWUNBINDING
NEWBINDING
#[time: 1.24]
#[time: 1.25]
#[time: 1.26]
#[time: 1.27]
#[time: 1.28]
#[time: 1.29]
#[time: 1.3]
#[time: 1.31]
#[time: 1.32]
#[time: 1.33]
#[time: 1.34]
#[time: 1.35]
#[time: 1.36]
#[time: 1.37]
#[time: 1.38]
#[time: 1.39]
#[time: 1.4]
#[time: 1.41]
#[time: 1.42]
#[time: 1.43]
#[time: 1.44]
#[time: 1.45]
#[time: 1.46]
NEWUNBINDING
NEWBINDING
#[time: 1.47]
#[time: 1.48]
NEWUNBINDING
NEWBINDING
#[time: 1.49]
#[time: 1.5]
#[time: 1.51]
#[time: 1.52]
#[time: 1.53]
NEWUNBINDING
NEWBINDING
#[time: 1.54]
#[time: 1.55]
NEWUNBINDING
NEWBINDING
#[time: 1.56]
#[time: 1.57]
NEWUNBINDING
NEWBINDING
#[time: 1.58]
#[time: 1.59]
NEWUNBINDING
NEWBINDING
#[time: 1.6]
#[time: 1.61]
#[time: 1.62]
#[time: 1.63]
#[time: 1.64]
#[time: 1.65]
#[time: 1.66]
#[time: 1.67]
#[time: 1.68]
#[time: 1.69]
#[time: 1.7]
#[time: 1.71]
#[time: 1.72]
#[time: 1.73]
#[time: 1.74]
#[time: 1.75]
#[time: 1.76]
#[time: 1.77]
#[time: 1.78]
#[time: 1.79]
#[time: 1.8]
#[time: 1.81]
NEWUNBINDING
NEWBINDING
#[time: 1.82]
#[time: 1.83]
#[time: 1.84]
#[time: 1.85]
#[time: 1.86]
NEWUNBINDING
NEWBINDING
#[time: 1.87]
#[time: 1.88]
NEWUNBINDING
NEWBINDING
#[time: 1.89]
#[time: 1.9]
#[time: 1.91]
#[time: 1.92]
#[time: 1.93]
#[time: 1.94]
#[time: 1.95]
#[time: 1.96]
#[time: 1.97]
#[time: 1.98]
#[time: 1.99]
