# command line: ./generate_stepping_data --ls 10.49 --lt 23.8 --k_b 10000000000.0 --k_ub 10000000000.0 --cb 0.1 --cm 0.4 --ct 0.2 --dt 1e-10 --label paperhisto --seed 1 --runtime 0.001 --framerate 1 --eqb 120 --eqmpre 200 --eqmpost 224 --eqt 0
# version: 




#********paperhisto__k_b-1e+10,k_ub-1e+10,cb-0.1,cm-0.4,ct-0.2,ls-10.49,lt-23.8,seed-1,dt-1e-10********
#time_unbind, time_bind, nbx, fbx
#[time: 0]
8.113000000000000e-06 1.303760000000000e-05 0.000000000000000e+00 -1.747359942941804e+01
1.303760000000000e-05 2.213790000000000e-05 0.000000000000000e+00 1.608967413598827e-01
2.213790000000000e-05 2.213820000000000e-05 4.002967463501887e-01 1.608967413598827e-01
2.213820000000000e-05 3.343090000000000e-05 4.002967463501887e-01 -5.366604141215796e-01
3.343090000000000e-05 3.343260000000000e-05 -1.631046166564576e+00 -5.366604141215796e-01
3.343260000000000e-05 3.343450000000000e-05 -1.631046166564576e+00 -8.498256738068219e-01
3.343450000000000e-05 3.367680000000000e-05 -3.716182601809186e+00 -8.498256738068219e-01
3.367680000000000e-05 3.635450000000000e-05 -3.716182601809186e+00 -7.017938030744295e+00
3.635450000000000e-05 3.635480000000000e-05 -2.547105579473425e+00 -7.017938030744295e+00
3.635480000000000e-05 3.635530000000000e-05 -2.547105579473425e+00 -7.268520826450787e+00
3.635530000000000e-05 3.789100000000000e-05 -4.214835176118127e+00 -7.268520826450787e+00
3.789100000000000e-05 3.789180000000000e-05 -4.214835176118127e+00 -8.095551233193907e+00
3.789180000000000e-05 3.789220000000000e-05 -4.214835176118127e+00 -8.199156180742431e+00
3.789220000000000e-05 4.397240000000000e-05 -4.214835176118127e+00 5.992288440696408e+00
4.397240000000000e-05 5.905560000000000e-05 -4.214835176118127e+00 -3.981649040461596e+00
5.905560000000000e-05 6.315500000000000e-05 -4.214835176118127e+00 -6.040834787801481e+00
6.315500000000000e-05 6.321560000000000e-05 -4.214835176118127e+00 -5.301262646237234e+00
6.321560000000000e-05 6.952970000000000e-05 -4.214835176118127e+00 -4.568271688916540e+00
6.952970000000000e-05 7.400400000000000e-05 -3.907499629940534e+00 -4.568271688916540e+00
7.400400000000000e-05 8.543860000000001e-05 -3.907499629940534e+00 8.919458649938818e+00
8.543860000000001e-05 9.482500000000000e-05 -3.907499629940534e+00 -4.932393596050481e+00
9.482500000000000e-05 9.631880000000000e-05 -3.907499629940534e+00 -6.055231436366300e+00
9.631880000000000e-05 9.749590000000001e-05 -3.907499629940534e+00 -1.118353136127981e+01
9.749590000000001e-05 9.749650000000000e-05 -6.532644018219530e+00 -1.118353136127981e+01
9.749650000000000e-05 9.910130000000001e-05 6.974770596834785e+00 -1.118353136127981e+01
9.910130000000001e-05 1.042284000000000e-04 -3.243219897583586e+00 -1.118353136127981e+01
1.042284000000000e-04 1.120651000000000e-04 -3.243219897583586e+00 9.904523518643218e+00
1.120651000000000e-04 1.121238000000000e-04 6.673554744225898e+00 9.904523518643218e+00
1.121238000000000e-04 1.161543000000000e-04 6.673554744225898e+00 6.684381343112148e+00
1.161543000000000e-04 1.183776000000000e-04 5.241660460313666e-01 6.684381343112148e+00
1.183776000000000e-04 1.279467000000000e-04 5.241660460313666e-01 4.411254965569488e+00
1.279467000000000e-04 1.363576000000000e-04 4.015661464639011e+00 4.411254965569488e+00
1.363576000000000e-04 1.469809000000000e-04 4.015661464639011e+00 5.751785353924965e+00
1.469809000000000e-04 1.470039000000000e-04 1.871296308987281e+00 5.751785353924965e+00
1.470039000000000e-04 1.470044000000000e-04 4.546573905195712e+00 5.751785353924965e+00
1.470044000000000e-04 1.470057000000000e-04 4.546573905195712e+00 5.505693251944376e+00
1.470057000000000e-04 1.567266000000000e-04 6.000535046477584e+00 5.505693251944376e+00
1.567266000000000e-04 1.698362000000000e-04 6.000535046477584e+00 2.336014859180437e+00
1.698362000000000e-04 1.698366000000000e-04 6.000535046477584e+00 3.026608140695011e+00
1.698366000000000e-04 1.698372000000000e-04 6.000535046477584e+00 2.691732834352651e+00
1.698372000000000e-04 1.698375000000000e-04 6.000535046477584e+00 1.763606811958708e+00
1.698375000000000e-04 1.698378000000000e-04 6.475267415675257e+00 1.763606811958708e+00
1.698378000000000e-04 1.702542000000000e-04 6.475267415675257e+00 1.810629514476324e+01
1.702542000000000e-04 1.702555000000000e-04 6.475267415675257e+00 2.013870953671109e+01
1.702555000000000e-04 1.809706000000000e-04 1.886043421232473e+01 2.013870953671109e+01
1.809706000000000e-04 1.809719000000000e-04 1.886043421232473e+01 2.041955334622278e+01
1.809719000000000e-04 1.849830000000000e-04 2.064296419215058e+01 2.041955334622278e+01
1.849830000000000e-04 1.906433000000000e-04 2.064296419215058e+01 1.195165179057957e+01
1.906433000000000e-04 1.906438000000000e-04 1.983537759062228e+01 1.195165179057957e+01
1.906438000000000e-04 1.998181000000000e-04 1.983537759062228e+01 1.386964559728124e+01
1.998181000000000e-04 2.006646000000000e-04 1.398853559162369e+01 1.386964559728124e+01
2.006646000000000e-04 2.160260000000000e-04 1.398853559162369e+01 1.409838868248619e+01
2.160260000000000e-04 2.212486000000000e-04 1.398853559162369e+01 2.087877881554678e+01
2.212486000000000e-04 2.212502000000000e-04 1.398853559162369e+01 2.536510777050091e+01
2.212502000000000e-04 2.212523000000000e-04 1.398853559162369e+01 2.505029609711262e+01
2.212523000000000e-04 2.217330000000000e-04 2.833648716170932e+01 2.505029609711262e+01
2.217330000000000e-04 2.218606000000000e-04 2.833648716170932e+01 2.567485980254436e+01
2.218606000000000e-04 2.246605000000000e-04 2.833648716170932e+01 2.964315656955873e+01
2.246605000000000e-04 2.251897000000000e-04 3.053828501840968e+01 2.964315656955873e+01
2.251897000000000e-04 2.253101000000000e-04 2.871881747798048e+01 2.964315656955873e+01
2.253101000000000e-04 2.300554000000000e-04 2.934783317277039e+01 2.964315656955873e+01
2.300554000000000e-04 2.349024000000000e-04 2.934783317277039e+01 2.935776322336575e+01
2.349024000000000e-04 2.349032000000000e-04 2.934783317277039e+01 2.857378980818393e+01
2.349032000000000e-04 2.402240000000000e-04 2.934783317277039e+01 3.128827971214607e+01
2.402240000000000e-04 2.413773000000000e-04 2.934783317277039e+01 2.949113693075376e+01
2.413773000000000e-04 2.505196000000000e-04 3.059801878350561e+01 2.949113693075376e+01
2.505196000000000e-04 2.546862000000000e-04 3.059801878350561e+01 2.060328743001647e+01
2.546862000000000e-04 2.546875000000000e-04 3.059801878350561e+01 2.098561700181316e+01
2.546875000000000e-04 2.620645000000000e-04 2.200486385509977e+01 2.098561700181316e+01
2.620645000000000e-04 2.620648000000000e-04 2.293004909916899e+01 2.098561700181316e+01
2.620648000000000e-04 2.638478000000000e-04 2.293004909916899e+01 3.727022538473454e+01
2.638478000000000e-04 2.685600000000000e-04 2.293004909916899e+01 3.843179877897025e+01
2.685600000000000e-04 2.713671000000000e-04 2.293004909916899e+01 3.229466016079879e+01
2.713671000000000e-04 2.740812000000000e-04 4.147729681412374e+01 3.229466016079879e+01
2.740812000000000e-04 2.746856000000000e-04 4.147729681412374e+01 4.194647007436714e+01
2.746856000000000e-04 2.746865000000000e-04 4.147729681412374e+01 3.845368937805293e+01
2.746865000000000e-04 2.778151000000000e-04 4.607174874602890e+01 3.845368937805293e+01
2.778151000000000e-04 2.863913000000000e-04 3.921201420498470e+01 3.845368937805293e+01
2.863913000000000e-04 2.863916000000000e-04 3.898541141717992e+01 3.845368937805293e+01
2.863916000000000e-04 2.933692000000000e-04 3.898541141717992e+01 3.921446148574185e+01
2.933692000000000e-04 2.933894000000000e-04 3.898541141717992e+01 3.893792011252147e+01
2.933894000000000e-04 2.938632000000000e-04 3.898541141717992e+01 3.955990231773254e+01
2.938632000000000e-04 2.975213000000000e-04 3.898541141717992e+01 3.955048086930169e+01
2.975213000000000e-04 2.975218000000000e-04 3.940911797479659e+01 3.955048086930169e+01
2.975218000000000e-04 3.101246000000000e-04 3.940911797479659e+01 3.784042165803966e+01
3.101246000000000e-04 3.101264000000000e-04 3.940911797479659e+01 3.933185187218869e+01
3.101264000000000e-04 3.101268000000000e-04 3.940911797479659e+01 3.932776713714571e+01
3.101268000000000e-04 3.338835000000000e-04 3.940911797479659e+01 3.946771493609029e+01
3.338835000000000e-04 3.361383000000000e-04 4.329908161051907e+01 3.946771493609029e+01
3.361383000000000e-04 3.361386000000000e-04 4.398358579479744e+01 3.946771493609029e+01
3.361386000000000e-04 3.374965000000000e-04 4.398358579479744e+01 4.326484331266256e+01
3.374965000000000e-04 3.374969000000000e-04 4.443938669061561e+01 4.326484331266256e+01
3.374969000000000e-04 3.374974000000000e-04 4.365307394242317e+01 4.326484331266256e+01
3.374974000000000e-04 3.427340000000000e-04 4.365307394242317e+01 5.078505785327742e+01
3.427340000000000e-04 3.455730000000000e-04 4.365307394242317e+01 4.383257297940979e+01
3.455730000000000e-04 3.487629000000000e-04 4.365307394242317e+01 4.362515714633598e+01
3.487629000000000e-04 3.487636000000000e-04 4.362696610947572e+01 4.362515714633598e+01
3.487636000000000e-04 3.487641000000000e-04 4.362696610947572e+01 4.344751160306935e+01
3.487641000000000e-04 3.620517000000000e-04 4.378985728086931e+01 4.344751160306935e+01
3.620517000000000e-04 3.647799000000000e-04 4.364661137735800e+01 4.344751160306935e+01
3.647799000000000e-04 3.647803000000000e-04 4.389882591829874e+01 4.344751160306935e+01
3.647803000000000e-04 3.690581000000000e-04 4.286543056292508e+01 4.344751160306935e+01
3.690581000000000e-04 3.738471000000000e-04 4.402391189631034e+01 4.344751160306935e+01
3.738471000000000e-04 3.747751000000000e-04 4.433884483223224e+01 4.344751160306935e+01
3.747751000000000e-04 3.816605000000000e-04 4.414207202186599e+01 4.344751160306935e+01
3.816605000000000e-04 3.943022000000000e-04 4.346154554362950e+01 4.344751160306935e+01
3.943022000000000e-04 4.005910000000000e-04 4.346154554362950e+01 4.292381751673653e+01
4.005910000000000e-04 4.078961000000000e-04 4.346154554362950e+01 4.441767725138183e+01
4.078961000000000e-04 4.226087000000000e-04 4.473936136279914e+01 4.441767725138183e+01
4.226087000000000e-04 4.226093000000000e-04 4.470306688486806e+01 4.441767725138183e+01
4.226093000000000e-04 4.237116000000000e-04 5.272558648354838e+01 4.441767725138183e+01
4.237116000000000e-04 4.239416000000000e-04 5.272558648354838e+01 5.368364914010671e+01
4.239416000000000e-04 4.239428000000000e-04 5.272558648354838e+01 5.466889292948761e+01
4.239428000000000e-04 4.294719000000000e-04 5.272558648354838e+01 5.181939574241046e+01
4.294719000000000e-04 4.294766000000000e-04 5.209727340578689e+01 5.181939574241046e+01
4.294766000000000e-04 4.359541000000000e-04 5.209727340578689e+01 5.107979068250660e+01
4.359541000000000e-04 4.489344000000000e-04 4.836776062390592e+01 5.107979068250660e+01
4.489344000000000e-04 4.577660000000000e-04 4.836776062390592e+01 4.107293143062493e+01
4.577660000000000e-04 4.629421000000000e-04 4.836776062390592e+01 4.859590905639312e+01
4.629421000000000e-04 4.744333000000000e-04 4.679049557564991e+01 4.859590905639312e+01
4.744333000000000e-04 4.746567000000000e-04 4.345280782602396e+01 4.859590905639312e+01
4.746567000000000e-04 4.746588000000000e-04 4.496637419792231e+01 4.859590905639312e+01
4.746588000000000e-04 4.757993000000000e-04 4.496637419792231e+01 4.530839821505270e+01
4.757993000000000e-04 4.757996000000000e-04 4.563177820489372e+01 4.530839821505270e+01
4.757996000000000e-04 4.758005000000000e-04 4.563177820489372e+01 4.576699870632807e+01
4.758005000000000e-04 4.758010000000000e-04 4.689113322145506e+01 4.576699870632807e+01
4.758010000000000e-04 4.765678000000000e-04 4.689113322145506e+01 4.745190265479049e+01
4.765678000000000e-04 4.785715000000000e-04 4.689113322145506e+01 4.720601363157893e+01
4.785715000000000e-04 4.911069000000000e-04 4.935955233385287e+01 4.720601363157893e+01
4.911069000000000e-04 4.911539000000000e-04 4.721278564097686e+01 4.720601363157893e+01
4.911539000000000e-04 4.932648000000000e-04 5.021126581720873e+01 4.720601363157893e+01
4.932648000000000e-04 5.061047000000000e-04 5.021126581720873e+01 3.402292754222814e+01
5.061047000000000e-04 5.061050000000000e-04 4.972889278780742e+01 3.402292754222814e+01
5.061050000000000e-04 5.124320000000001e-04 4.972889278780742e+01 5.008066895938104e+01
5.124320000000001e-04 5.124348000000000e-04 4.972889278780742e+01 5.093131070410484e+01
5.124348000000000e-04 5.124359000000000e-04 4.972889278780742e+01 4.972837678900351e+01
5.124359000000000e-04 5.124362000000000e-04 4.983413445618491e+01 4.972837678900351e+01
5.124362000000000e-04 5.136022000000000e-04 4.983413445618491e+01 5.007314511397205e+01
5.136022000000000e-04 5.151330000000000e-04 4.983413445618491e+01 4.895521979962268e+01
5.151330000000000e-04 5.151905000000001e-04 4.983413445618491e+01 4.028001901801652e+01
5.151905000000001e-04 5.194696000000000e-04 3.983219319646975e+01 4.028001901801652e+01
5.194696000000000e-04 5.195059000000001e-04 3.983219319646975e+01 3.735278470099028e+01
5.195059000000001e-04 5.233970000000000e-04 3.714674789595263e+01 3.735278470099028e+01
5.233970000000000e-04 5.233974000000000e-04 3.714674789595263e+01 3.889676156306901e+01
5.233974000000000e-04 5.241153000000000e-04 3.714674789595263e+01 3.675293360596530e+01
5.241153000000000e-04 5.241176000000000e-04 3.726099562966235e+01 3.675293360596530e+01
5.241176000000000e-04 5.343433000000001e-04 3.726099562966235e+01 4.855354125517869e+01
5.343433000000001e-04 5.343436000000000e-04 3.677348486483292e+01 4.855354125517869e+01
5.343436000000000e-04 5.343775000000000e-04 3.677348486483292e+01 3.558438834411502e+01
5.343775000000000e-04 5.343883000000000e-04 3.704519807883026e+01 3.558438834411502e+01
5.343883000000000e-04 5.394485000000001e-04 3.129304858504994e+01 3.558438834411502e+01
5.394485000000001e-04 5.397553000000000e-04 3.511643657482749e+01 3.558438834411502e+01
5.397553000000000e-04 5.591781000000001e-04 3.866804991084825e+01 3.558438834411502e+01
5.591781000000001e-04 5.652850000000000e-04 3.549183868273738e+01 3.558438834411502e+01
5.652850000000000e-04 5.677519000000000e-04 3.549183868273738e+01 4.139479287810577e+01
5.677519000000000e-04 5.677524000000001e-04 3.584473472655535e+01 4.139479287810577e+01
5.677524000000001e-04 5.744608000000000e-04 3.584473472655535e+01 3.585992994911811e+01
5.744608000000000e-04 5.777744000000000e-04 3.584473472655535e+01 3.586810449313678e+01
5.777744000000000e-04 5.874676000000000e-04 3.584473472655535e+01 3.712517723662547e+01
5.874676000000000e-04 5.874708000000000e-04 3.584473472655535e+01 3.950188989519285e+01
5.874708000000000e-04 5.899971000000000e-04 3.584473472655535e+01 3.621775625888399e+01
5.899971000000000e-04 5.943792000000000e-04 3.771346074744992e+01 3.621775625888399e+01
5.943792000000000e-04 5.943800000000000e-04 3.771346074744992e+01 3.730736244043990e+01
5.943800000000000e-04 6.006738000000000e-04 3.771346074744992e+01 3.651965020476069e+01
6.006738000000000e-04 6.008443000000000e-04 3.771346074744992e+01 3.953875317576506e+01
6.008443000000000e-04 6.008449000000000e-04 3.786856568355702e+01 3.953875317576506e+01
6.008449000000000e-04 6.008453000000000e-04 3.748033581972100e+01 3.953875317576506e+01
6.008453000000000e-04 6.192994000000000e-04 4.253175711794419e+01 3.953875317576506e+01
6.192994000000000e-04 6.193000000000000e-04 4.253175711794419e+01 3.995837855814067e+01
6.193000000000000e-04 6.193807000000000e-04 4.253175711794419e+01 3.467271653799978e+01
6.193807000000000e-04 6.193813000000000e-04 4.211900655325802e+01 3.467271653799978e+01
6.193813000000000e-04 6.193940000000000e-04 4.240298363796389e+01 3.467271653799978e+01
6.193940000000000e-04 6.193969000000000e-04 4.240298363796389e+01 3.151279948635642e+01
6.193969000000000e-04 6.193974000000001e-04 4.288198906288175e+01 3.151279948635642e+01
6.193974000000001e-04 6.193978000000000e-04 4.288198906288175e+01 3.127700165676453e+01
6.193978000000000e-04 6.215626000000000e-04 4.288198906288175e+01 4.262168190343429e+01
6.215626000000000e-04 6.215650000000000e-04 4.288198906288175e+01 4.287607973820108e+01
6.215650000000000e-04 6.215716000000000e-04 4.288198906288175e+01 4.295818010511966e+01
6.215716000000000e-04 6.226856000000000e-04 4.288198906288175e+01 4.432627725048891e+01
6.226856000000000e-04 6.226882000000000e-04 4.288198906288175e+01 4.390985511895242e+01
6.226882000000000e-04 6.226885000000000e-04 4.288198906288175e+01 4.386557789539978e+01
6.226885000000000e-04 6.234223000000000e-04 3.059557578391720e+01 4.386557789539978e+01
6.234223000000000e-04 6.234335000000000e-04 1.997022099564899e+01 4.386557789539978e+01
6.234335000000000e-04 6.425790000000000e-04 4.317573470406250e+01 4.386557789539978e+01
6.425790000000000e-04 6.428676000000000e-04 4.317573470406250e+01 4.378226126511746e+01
6.428676000000000e-04 6.561105000000001e-04 4.317573470406250e+01 4.308448224580673e+01
6.561105000000001e-04 6.569062000000000e-04 4.277831629952458e+01 4.308448224580673e+01
6.569062000000000e-04 6.569248000000000e-04 4.277831629952458e+01 4.370546258146809e+01
6.569248000000000e-04 6.622427000000000e-04 4.277831629952458e+01 4.267714546387137e+01
6.622427000000000e-04 6.691220000000001e-04 2.700624711879818e+01 4.267714546387137e+01
6.691220000000001e-04 6.713041000000000e-04 2.700624711879818e+01 2.342395764225083e+01
6.713041000000000e-04 6.761446000000000e-04 2.858670920431957e+01 2.342395764225083e+01
6.761446000000000e-04 6.761609000000001e-04 2.858670920431957e+01 3.106344994282820e+01
6.761609000000001e-04 6.916230000000000e-04 3.133306389189110e+01 3.106344994282820e+01
6.916230000000000e-04 6.925017000000000e-04 3.133306389189110e+01 1.928823836066059e+01
6.925017000000000e-04 7.013672000000000e-04 2.356297322943036e+01 1.928823836066059e+01
7.013672000000000e-04 7.015056000000000e-04 2.356297322943036e+01 2.262935205104592e+01
7.015056000000000e-04 7.023349000000001e-04 2.356297322943036e+01 2.471822632810651e+01
7.023349000000001e-04 7.023359000000000e-04 2.447529750387626e+01 2.471822632810651e+01
7.023359000000000e-04 7.023366000000000e-04 2.460943215009201e+01 2.471822632810651e+01
7.023366000000000e-04 7.197470000000001e-04 2.460943215009201e+01 2.456698999041077e+01
7.197470000000001e-04 7.229585000000001e-04 2.460943215009201e+01 2.471604393504575e+01
7.229585000000001e-04 7.276462000000000e-04 2.359886177444257e+01 2.471604393504575e+01
7.276462000000000e-04 7.346514000000000e-04 2.359886177444257e+01 2.363664904620434e+01
7.346514000000000e-04 7.460033000000001e-04 2.359886177444257e+01 2.349606023133379e+01
7.460033000000001e-04 7.495384000000000e-04 2.329533029197930e+01 2.349606023133379e+01
7.495384000000000e-04 7.527726000000001e-04 2.329533029197930e+01 2.356590129616136e+01
7.527726000000001e-04 7.615032000000000e-04 2.329533029197930e+01 2.315832282137115e+01
7.615032000000000e-04 7.657730000000000e-04 2.329533029197930e+01 2.314527041627532e+01
7.657730000000000e-04 7.658138000000000e-04 2.329533029197930e+01 2.263795749946374e+01
7.658138000000000e-04 7.794841000000000e-04 2.329533029197930e+01 2.329643599246175e+01
7.794841000000000e-04 7.796262000000000e-04 2.361370154115549e+01 2.329643599246175e+01
7.796262000000000e-04 8.007120000000001e-04 2.361370154115549e+01 2.376045532884604e+01
8.007120000000001e-04 8.031254000000000e-04 2.361370154115549e+01 2.316047146313894e+01
8.031254000000000e-04 8.031258000000001e-04 2.361370154115549e+01 2.274411090410518e+01
8.031258000000001e-04 8.031262000000000e-04 2.361370154115549e+01 2.074937256635478e+01
8.031262000000000e-04 8.051870000000001e-04 2.361370154115549e+01 1.118609764856267e+01
8.051870000000001e-04 8.051875000000000e-04 2.361370154115549e+01 1.114787072406812e+01
8.051875000000000e-04 8.051885000000000e-04 2.283475772338228e+01 1.114787072406812e+01
8.051885000000000e-04 8.062230000000000e-04 1.116591282623385e+01 1.114787072406812e+01
8.062230000000000e-04 8.090363000000001e-04 1.116591282623385e+01 1.124724464850792e+01
8.090363000000001e-04 8.131951000000000e-04 1.127604439801341e+01 1.124724464850792e+01
8.131951000000000e-04 8.131954000000000e-04 1.130730753330352e+01 1.124724464850792e+01
8.131954000000000e-04 8.193768000000001e-04 1.130730753330352e+01 1.181853612674557e+01
8.193768000000001e-04 8.226752000000000e-04 1.130730753330352e+01 1.198684359406776e+01
8.226752000000000e-04 8.226764000000001e-04 1.130730753330352e+01 1.306775907489791e+01
8.226764000000001e-04 8.275716000000000e-04 1.130730753330352e+01 1.190529556708650e+01
8.275716000000000e-04 8.275719000000000e-04 1.130730753330352e+01 1.228393594982578e+01
8.275719000000000e-04 8.275731000000000e-04 1.230040916856964e+01 1.228393594982578e+01
8.275731000000000e-04 8.295180000000000e-04 6.377930157417744e-02 1.228393594982578e+01
8.295180000000000e-04 8.447312000000000e-04 6.377930157417744e-02 2.654692843257191e+00
8.447312000000000e-04 8.463273000000000e-04 6.377930157417744e-02 -1.362547515445680e-01
8.463273000000000e-04 8.476510000000000e-04 -5.068800531469224e+00 -1.362547515445680e-01
8.476510000000000e-04 8.497148000000001e-04 -5.068800531469224e+00 -5.303416975675377e+00
8.497148000000001e-04 8.524562000000000e-04 -5.068800531469224e+00 -4.811514674799227e+00
8.524562000000000e-04 8.566560000000000e-04 -5.068800531469224e+00 -4.143937221008728e+00
8.566560000000000e-04 8.577939000000000e-04 -5.068800531469224e+00 -5.963583091103335e+00
8.577939000000000e-04 8.642551000000000e-04 -7.076190539820671e+00 -5.963583091103335e+00
8.642551000000000e-04 8.642666000000000e-04 -2.355344527866279e+00 -5.963583091103335e+00
8.642666000000000e-04 8.712963000000000e-04 -2.355344527866279e+00 -2.405709546275602e+00
8.712963000000000e-04 8.734071000000000e-04 -1.722839161351255e+00 -2.405709546275602e+00
8.734071000000000e-04 8.752652000000000e-04 -7.862132451714454e-01 -2.405709546275602e+00
8.752652000000000e-04 8.752655000000000e-04 -7.862132451714454e-01 -2.340777690070855e+00
8.752655000000000e-04 8.952077000000000e-04 -7.220582383291212e-01 -2.340777690070855e+00
8.952077000000000e-04 8.974148000000001e-04 -1.070825788819199e+00 -2.340777690070855e+00
8.974148000000001e-04 8.990202000000000e-04 -1.070825788819199e+00 -1.199353125737294e+00
8.990202000000000e-04 9.008732000000000e-04 -1.070825788819199e+00 4.723959258923406e+00
9.008732000000000e-04 9.088510000000000e-04 -1.070825788819199e+00 -6.851938013424865e-01
9.088510000000000e-04 9.088533000000000e-04 -1.070825788819199e+00 -1.001492131124587e+00
9.088533000000000e-04 9.138791000000001e-04 -7.292924194833033e-01 -1.001492131124587e+00
9.138791000000001e-04 9.138794000000001e-04 -6.865002624053593e-01 -1.001492131124587e+00
9.138794000000001e-04 9.170471000000001e-04 -6.865002624053593e-01 1.450017401789271e+00
9.170471000000001e-04 9.197490000000001e-04 5.160023841034427e-01 1.450017401789271e+00
9.197490000000001e-04 9.558687000000000e-04 5.160023841034427e-01 4.109389162982382e+00
9.558687000000000e-04 9.558692000000000e-04 -2.945879538351873e-01 4.109389162982382e+00
9.558692000000000e-04 9.558696000000000e-04 -2.945879538351873e-01 3.702337467684320e+00
9.558696000000000e-04 9.558699000000000e-04 -2.945879538351873e-01 4.571805650597409e+00
9.558699000000000e-04 9.599619000000000e-04 6.527231353537653e+00 4.571805650597409e+00
9.599619000000000e-04 9.753906000000000e-04 4.701304532161647e+00 4.571805650597409e+00
9.753906000000000e-04 9.753920000000001e-04 4.701304532161647e+00 4.605301049857564e+00
9.753920000000001e-04 9.796431000000001e-04 4.701304532161647e+00 7.770596957958424e+00
9.796431000000001e-04 9.800134000000000e-04 7.226198147908097e+00 7.770596957958424e+00
9.800134000000000e-04 9.932871000000001e-04 7.226198147908097e+00 8.170236122236275e+00
9.932871000000001e-04 9.933009000000000e-04 7.204408681047051e+00 8.170236122236275e+00
9.933009000000000e-04 9.953582000000001e-04 1.030929325871286e+01 8.170236122236275e+00
9.953582000000001e-04 9.953609000000001e-04 1.030929325871286e+01 5.643652291888139e+00
