# command line: ./generate_stepping_data --rb 3.5 --eqmpre 197.0 --force 0 --eqmpost 242.0 --lt 23.0 --k_ub 30.0 --ls 20.75 --rm 11 --eqt 0.0 --ct 0.36 --cm 1.05 --angle-logging-mode --rt 8 --cb 0.08 --k_b 3000000.0 --seed 3 --framerate 1e-10 --runtime 2.0 --exp-unbinding-constant -0.35 --label paper_stroke_angles_3 --nomovie --eqb 120.0 --dt 1e-10



#********paper_stroke_angles_3__k_b-3e+06,k_ub-30,c--0.35,cb-0.08,cm-1.05,ct-0.36,ls-20.75,lt-23,seed-3,dt-1e-10********
#state, time, tx displacement, ty displacement, recently bound motor angle, recently bound binding angle
#[time: 0]
#[time: 0.01]
#[time: 0.02]
#[time: 0.03]
#[time: 0.04]
#[time: 0.05]
NEWUNBINDING
FARBOUND	0.033328812300 -32.384	  25.776	4.148201	0.000000
FARBOUND	0.033328822300 -33.786	  24.177	3.683792	0.000000
FARBOUND	0.033328832300 -33.621	  21.112	3.287703	0.000000
FARBOUND	0.033328842300 -33.690	  19.171	3.620431	0.000000
FARBOUND	0.033328852300 -29.975	  14.759	3.829341	0.000000
FARBOUND	0.033328862300 -29.209	  16.234	3.813609	0.000000
FARBOUND	0.033328872300 -29.679	  19.616	3.401763	0.000000
FARBOUND	0.033328882300 -28.070	  17.168	3.706913	0.000000
FARBOUND	0.033328892300 -31.921	  19.987	3.542300	0.000000
FARBOUND	0.033328902300 -31.914	  24.153	3.624156	0.000000
FARBOUND	0.033328912300 -29.925	  25.566	3.712534	0.000000
FARBOUND	0.033328922300 -30.201	  25.743	3.247072	0.000000
FARBOUND	0.033328932300 -29.298	  24.527	3.159407	0.000000
FARBOUND	0.033328942300 -30.811	  26.694	3.346643	0.000000
FARBOUND	0.033328952300 -31.066	  25.787	3.383441	0.000000
FARBOUND	0.033328962300 -30.771	  27.537	3.406371	0.000000
FARBOUND	0.033328972300 -32.018	  25.954	3.440361	0.000000
FARBOUND	0.033328982300 -31.699	  20.107	3.280433	0.000000
FARBOUND	0.033328992300 -34.905	  20.533	3.401680	0.000000
FARBOUND	0.033329002300 -34.238	  19.152	3.672734	0.000000
FARBOUND	0.033329012300 -33.203	  15.446	3.401412	0.000000
FARBOUND	0.033329022300 -33.738	  10.326	3.726436	0.000000
FARBOUND	0.033329032300 -34.493	   6.501	3.403596	0.000000
FARBOUND	0.033329042300 -34.324	   6.368	3.139344	0.000000
FARBOUND	0.033329052300 -34.878	   2.701	3.443681	0.000000
FARBOUND	0.033329062300 -37.845	   9.417	3.899670	0.000000
FARBOUND	0.033329072300 -38.636	   4.851	3.898860	0.000000
FARBOUND	0.033329082300 -38.036	   2.362	3.672190	0.000000
FARBOUND	0.033329092300 -34.102	   3.460	3.684655	0.000000
FARBOUND	0.033329102300 -35.524	   1.994	3.725658	0.000000
FARBOUND	0.033329112300 -37.972	   4.312	3.767179	0.000000
FARBOUND	0.033329122300 -34.022	   7.348	3.686881	0.000000
FARBOUND	0.033329132300 -36.024	   8.837	3.695580	0.000000
FARBOUND	0.033329142300 -34.315	   5.435	3.841082	0.000000
FARBOUND	0.033329152300 -33.431	   4.089	3.484837	0.000000
FARBOUND	0.033329162300 -33.255	   7.558	3.305644	0.000000
FARBOUND	0.033329172300 -37.568	   6.667	3.355764	0.000000
FARBOUND	0.033329182300 -36.205	   8.547	3.043268	0.000000
FARBOUND	0.033329192300 -36.571	   9.491	3.383688	0.000000
FARBOUND	0.033329202300 -36.960	   9.890	3.606795	0.000000
FARBOUND	0.033329212300 -34.525	   7.571	3.025764	0.000000
FARBOUND	0.033329222300 -34.667	   7.540	2.861558	0.000000
FARBOUND	0.033329232300 -33.022	   8.522	3.137541	0.000000
FARBOUND	0.033329242300 -34.105	  10.705	3.195879	0.000000
FARBOUND	0.033329252300 -30.037	   4.691	3.618779	0.000000
FARBOUND	0.033329262300 -29.169	   6.596	3.042856	0.000000
FARBOUND	0.033329272300 -28.088	   7.940	2.986278	0.000000
FARBOUND	0.033329282300 -29.735	   8.371	3.045851	0.000000
FARBOUND	0.033329292300 -30.830	   7.254	3.035828	0.000000
FARBOUND	0.033329302300 -30.892	  14.400	3.207884	0.000000
FARBOUND	0.033329312300 -31.945	  14.139	3.662368	0.000000
FARBOUND	0.033329322300 -32.171	  15.040	3.517274	0.000000
FARBOUND	0.033329332300 -32.816	  12.925	3.308933	0.000000
FARBOUND	0.033329342300 -35.737	  12.317	3.473441	0.000000
FARBOUND	0.033329352300 -35.783	  12.150	3.314674	0.000000
FARBOUND	0.033329362300 -32.595	   8.263	3.591889	0.000000
FARBOUND	0.033329372300 -34.811	  12.061	3.818551	0.000000
FARBOUND	0.033329382300 -35.928	  12.674	3.736136	0.000000
FARBOUND	0.033329392300 -34.062	   9.197	3.496279	0.000000
FARBOUND	0.033329402300 -34.815	   9.287	3.194851	0.000000
FARBOUND	0.033329412300 -35.218	  11.448	3.098356	0.000000
FARBOUND	0.033329422300 -38.851	  11.091	3.385701	0.000000
FARBOUND	0.033329432300 -40.509	   7.640	3.492617	0.000000
FARBOUND	0.033329442300 -39.935	   1.312	3.102328	0.000000
FARBOUND	0.033329452300 -39.713	   0.682	3.308802	0.000000
FARBOUND	0.033329462300 -41.385	   5.699	3.582569	0.000000
FARBOUND	0.033329472300 -39.236	   1.737	3.705207	0.000000
FARBOUND	0.033329482300 -39.271	  12.486	3.128989	0.000000
FARBOUND	0.033329492300 -40.770	   5.712	3.639658	0.000000
FARBOUND	0.033329502300 -41.699	   5.123	3.165565	0.000000
FARBOUND	0.033329512300 -42.424	   4.212	3.392629	0.000000
FARBOUND	0.033329522300 -40.305	   3.643	3.673202	0.000000
FARBOUND	0.033329532300 -37.005	   6.878	3.676613	0.000000
FARBOUND	0.033329542300 -35.371	   9.605	3.167919	0.000000
FARBOUND	0.033329552300 -35.651	   4.756	3.508746	0.000000
FARBOUND	0.033329562300 -36.524	   6.781	3.303298	0.000000
FARBOUND	0.033329572300 -34.286	   7.915	3.358755	0.000000
FARBOUND	0.033329582300 -32.987	   5.330	3.295415	0.000000
FARBOUND	0.033329592300 -32.601	  11.853	3.957742	0.000000
FARBOUND	0.033329602300 -32.803	  14.485	3.418224	0.000000
FARBOUND	0.033329612300 -33.821	  12.137	3.592790	0.000000
FARBOUND	0.033329622300 -36.412	  15.421	2.729784	0.000000
FARBOUND	0.033329632300 -35.943	  15.213	3.056457	0.000000
FARBOUND	0.033329642300 -34.290	  15.796	3.305829	0.000000
FARBOUND	0.033329652300 -33.264	  11.987	3.328889	0.000000
FARBOUND	0.033329662300 -33.883	  14.440	3.653461	0.000000
FARBOUND	0.033329672300 -33.796	  16.315	2.935112	0.000000
FARBOUND	0.033329682300 -33.072	  19.256	3.131659	0.000000
FARBOUND	0.033329692300 -34.883	  24.853	3.352093	0.000000
FARBOUND	0.033329702300 -32.138	  22.280	3.592352	0.000000
FARBOUND	0.033329712300 -33.543	  22.790	3.397905	0.000000
FARBOUND	0.033329722300 -33.672	  22.154	3.509797	0.000000
FARBOUND	0.033329732300 -31.464	  24.729	3.377886	0.000000
FARBOUND	0.033329742300 -33.062	  24.023	3.111362	0.000000
FARBOUND	0.033329752300 -31.977	  27.424	3.456909	0.000000
FARBOUND	0.033329762300 -30.839	  23.640	3.202430	0.000000
FARBOUND	0.033329772300 -33.180	  18.731	3.059482	0.000000
FARBOUND	0.033329782300 -31.396	  17.968	3.433121	0.000000
FARBOUND	0.033329792300 -33.820	  15.494	3.663385	0.000000
NEWBINDING
BBFROMFB	0.037885557200 -29.769	  18.133	3.369083	2.591660
BBFROMFB	0.037885567200 -29.702	  13.638	3.752621	2.486936
BBFROMFB	0.037885577200 -26.718	  15.232	4.030859	2.276660
BBFROMFB	0.037885587200 -24.387	  23.910	3.762171	2.203622
BBFROMFB	0.037885597200 -26.346	  14.780	4.084401	2.255197
BBFROMFB	0.037885607200 -27.530	  21.419	3.517039	2.422447
BBFROMFB	0.037885617200 -26.863	  21.964	3.584694	2.367949
BBFROMFB	0.037885627200 -24.516	  20.019	4.013065	2.152990
BBFROMFB	0.037885637200 -22.833	  19.426	4.187204	2.051336
BBFROMFB	0.037885647200 -24.044	  20.859	4.010058	2.130317
BBFROMFB	0.037885657200 -21.511	  24.812	3.988132	2.024056
BBFROMFB	0.037885667200 -22.157	  24.664	3.940300	2.062260
BBFROMFB	0.037885677200 -21.310	  25.883	3.928065	2.032065
BBFROMFB	0.037885687200 -19.663	  23.405	4.218432	1.900093
BBFROMFB	0.037885697200 -15.748	  30.033	4.043519	1.798584
BBFROMFB	0.037885707200 -14.375	  32.822	3.890521	1.809688
BBFROMFB	0.037885717200 -16.156	  32.342	3.796849	1.900779
BBFROMFB	0.037885727200 -19.074	  25.541	4.132783	1.892868
BBFROMFB	0.037885737200 -18.826	  26.194	4.108102	1.889177
BBFROMFB	0.037885747200 -17.417	  29.876	3.933907	1.890817
BBFROMFB	0.037885757200 -17.945	  28.607	3.998439	1.887837
BBFROMFB	0.037885767200 -17.521	  30.427	3.874867	1.914924
BBFROMFB	0.037885777200 -14.807	  28.867	4.190149	1.721412
BBFROMFB	0.037885787200 -13.547	  31.143	4.095166	1.709436
BBFROMFB	0.037885797200 -16.357	  29.711	4.027218	1.824267
BBFROMFB	0.037885807200 -15.043	  33.493	3.762755	1.880665
BBFROMFB	0.037885817200 -14.986	  32.349	3.892146	1.827808
BBFROMFB	0.037885827200 -17.774	  26.372	4.169971	1.834072
BBFROMFB	0.037885837200 -17.073	  29.793	3.967838	1.867863
BBFROMFB	0.037885847200 -17.131	  31.019	3.850582	1.911058
BBFROMFB	0.037885857200 -16.631	  30.665	3.925457	1.867784
BBFROMFB	0.037885867200 -17.854	  27.725	4.071988	1.862755
BBFROMFB	0.037885877200 -17.242	  29.897	3.945851	1.880902
BBFROMFB	0.037885887200 -21.283	  27.380	3.804614	2.069205
BBFROMFB	0.037885897200 -20.222	  29.303	3.725057	2.060060
BBFROMFB	0.037885907200 -17.287	  30.053	3.928606	1.888309
BBFROMFB	0.037885917200 -13.030	  33.293	3.938420	1.750521
BBFROMFB	0.037885927200  -7.775	  34.998	4.069918	1.544816
BBFROMFB	0.037885937200  -4.329	  37.429	3.978657	1.488850
BBFROMFB	0.037885947200  -6.978	  35.895	4.021461	1.542437
BBFROMFB	0.037885957200  -7.629	  36.942	3.878702	1.621794
BBFROMFB	0.037885967200  -4.216	  36.710	4.055727	1.451639
BBFROMFB	0.037885977200  -0.028	  36.887	4.165409	1.288753
BBFROMFB	0.037885987200   0.355	  38.787	3.987517	1.362000
BBFROMFB	0.037885997200  -1.433	  36.933	4.124638	1.345424
BBFROMFB	0.037886007200  -1.255	  34.630	4.325138	1.251809
BBFROMFB	0.037886017200   3.036	  38.731	4.052141	1.261644
BBFROMFB	0.037886027200  -1.822	  38.516	3.952482	1.434815
BBFROMFB	0.037886037200  -4.713	  36.426	4.064503	1.461415
BBFROMFB	0.037886047200  -1.995	  36.890	4.112392	1.366150
BBFROMFB	0.037886057200  -1.962	  38.059	3.997429	1.417619
BBFROMFB	0.037886067200  -4.960	  35.182	4.168146	1.424221
BBFROMFB	0.037886077200  -4.702	  33.556	4.308726	1.359591
BBFROMFB	0.037886087200  -6.994	  33.055	4.264978	1.445297
BBFROMFB	0.037886097200  -7.775	  34.514	4.113244	1.527341
BBFROMFB	0.037886107200  -3.923	  37.810	3.953771	1.489251
BBFROMFB	0.037886117200  -2.668	  39.265	3.831765	1.513201
BBFROMFB	0.037886127200  -2.442	  38.273	3.958144	1.448346
BBFROMFB	0.037886137200  -1.367	  37.010	4.119332	1.346039
BBFROMFB	0.037886147200  -1.496	  35.801	4.223438	1.302988
BBFROMFB	0.037886157200   1.514	  35.402	4.324151	1.173198
BBFROMFB	0.037886167200   0.545	  35.602	4.288736	1.216661
BBFROMFB	0.037886177200   0.982	  38.428	4.041036	1.320234
BBFROMFB	0.037886187200   7.043	  37.390	4.226574	1.069203
BBFROMFB	0.037886197200   7.367	  37.633	4.206765	1.070787
BBFROMFB	0.037886207200   6.056	  39.953	3.963007	1.229551
BBFROMFB	0.037886217200   5.485	  38.887	4.071478	1.188943
BBFROMFB	0.037886227200   0.668	  38.460	4.030205	1.333554
BBFROMFB	0.037886237200  -1.834	  36.172	4.182144	1.330645
BBFROMFB	0.037886247200   0.333	  39.311	3.928082	1.390993
BBFROMFB	0.037886257200  -0.059	  39.263	3.922464	1.403667
BBFROMFB	0.037886267200  -1.113	  38.192	4.009857	1.389590
BBFROMFB	0.037886277200  -0.531	  39.855	3.834732	1.457786
BBFROMFB	0.037886287200   2.966	  40.324	3.869968	1.353355
BBFROMFB	0.037886297200   3.474	  39.091	4.022147	1.265135
BBFROMFB	0.037886307200   2.677	  39.542	3.957748	1.317133
BBFROMFB	0.037886317200  -1.328	  33.766	4.389336	1.226557
BBFROMFB	0.037886327200   4.329	  38.662	4.079663	1.214667
BBFROMFB	0.037886337200  -3.852	  34.795	4.238244	1.363374
BBFROMFB	0.037886347200  -5.094	  35.694	4.118125	1.449007
BBFROMFB	0.037886357200  -5.399	  39.560	3.648375	1.669487
BBFROMFB	0.037886367200  -3.007	  40.003	3.712644	1.578573
BBFROMFB	0.037886377200  -5.089	  39.009	3.752380	1.612370
BBFROMFB	0.037886387200  -4.276	  38.817	3.819317	1.560231
BBFROMFB	0.037886397200 -11.992	  33.317	4.001786	1.695004
BBFROMFB	0.037886407200  -6.642	  36.740	3.951051	1.563389
BBFROMFB	0.037886417200  -9.610	  34.378	4.037285	1.610822
BBFROMFB	0.037886427200  -8.796	  33.309	4.169202	1.535695
BBFROMFB	0.037886437200  -8.118	  37.039	3.839895	1.652090
BBFROMFB	0.037886447200  -6.987	  34.370	4.159339	1.486089
BBFROMFB	0.037886457200  -6.258	  36.179	4.025633	1.520696
BBFROMFB	0.037886467200  -4.039	  32.308	4.421221	1.295742
BBFROMFB	0.037886477200  -7.576	  33.478	4.208455	1.484258
BBFROMFB	0.037886487200  -5.240	  35.624	4.118900	1.452762
BBFROMFB	0.037886497200  -7.816	  35.305	4.039358	1.558515
BBFROMFB	0.037886507200  -9.651	  35.012	3.974518	1.637294
BBFROMFB	0.037886517200 -10.162	  30.642	4.308297	1.529449
BBFROMFB	0.037886527200 -10.201	  29.759	4.366582	1.512445
BBFROMFB	0.037886537200 -12.172	  30.557	4.216562	1.624683
#[time: 0.06]
#[time: 0.07]
#[time: 0.08]
NEWUNBINDING
NEARBOUN	0.055998476400  -9.637	  37.076	4.317610	0.000000
NEARBOUN	0.055998486400  -8.509	  40.272	3.986950	0.000000
NEARBOUN	0.055998496400  -4.586	  43.232	3.798792	0.000000
NEARBOUN	0.055998506400  -0.859	  42.227	3.796175	0.000000
NEARBOUN	0.055998516400  -5.814	  41.207	3.831084	0.000000
NEARBOUN	0.055998526400  -4.636	  42.089	3.747403	0.000000
NEARBOUN	0.055998536400  -6.941	  41.953	3.471210	0.000000
NEARBOUN	0.055998546400  -7.371	  40.546	3.899396	0.000000
NEARBOUN	0.055998556400 -12.946	  34.972	3.801453	0.000000
NEARBOUN	0.055998566400  -8.515	  38.843	3.541295	0.000000
NEARBOUN	0.055998576400 -10.303	  39.294	3.941596	0.000000
NEARBOUN	0.055998586400 -10.192	  40.787	2.861299	0.000000
NEARBOUN	0.055998596400 -13.300	  39.059	2.954539	0.000000
NEARBOUN	0.055998606400 -12.372	  37.198	2.988947	0.000000
NEARBOUN	0.055998616400  -8.429	  36.754	3.364686	0.000000
NEARBOUN	0.055998626400  -6.567	  39.031	3.179541	0.000000
NEARBOUN	0.055998636400  -6.546	  32.893	3.682064	0.000000
NEARBOUN	0.055998646400  -8.227	  36.276	3.330080	0.000000
NEARBOUN	0.055998656400  -4.709	  37.847	3.501036	0.000000
NEARBOUN	0.055998666400  -8.207	  35.712	3.736685	0.000000
NEARBOUN	0.055998676400  -4.241	  37.352	3.583407	0.000000
NEARBOUN	0.055998686400  -3.556	  36.886	3.961557	0.000000
NEARBOUN	0.055998696400  -3.703	  41.884	3.740843	0.000000
NEARBOUN	0.055998706400  -4.785	  39.644	3.750976	0.000000
NEARBOUN	0.055998716400  -3.357	  40.481	2.964997	0.000000
NEARBOUN	0.055998726400 -10.238	  36.253	3.036786	0.000000
NEARBOUN	0.055998736400 -13.615	  33.263	3.340604	0.000000
NEARBOUN	0.055998746400 -13.876	  31.948	3.780291	0.000000
NEARBOUN	0.055998756400 -13.382	  36.176	3.079936	0.000000
NEARBOUN	0.055998766400 -14.251	  32.997	3.038860	0.000000
NEARBOUN	0.055998776400 -19.626	  29.955	3.325994	0.000000
NEARBOUN	0.055998786400 -20.437	  27.379	3.645359	0.000000
NEARBOUN	0.055998796400 -19.589	  29.779	3.306167	0.000000
NEARBOUN	0.055998806400 -18.633	  33.280	2.920437	0.000000
NEARBOUN	0.055998816400 -24.390	  32.312	3.410071	0.000000
NEARBOUN	0.055998826400 -28.034	  28.912	3.045180	0.000000
NEARBOUN	0.055998836400 -29.160	  25.277	3.155590	0.000000
NEARBOUN	0.055998846400 -29.396	  24.886	3.391719	0.000000
NEARBOUN	0.055998856400 -29.715	  24.669	3.477844	0.000000
NEARBOUN	0.055998866400 -29.128	  22.461	3.150373	0.000000
NEARBOUN	0.055998876400 -30.044	  23.344	3.186350	0.000000
NEARBOUN	0.055998886400 -29.029	  25.596	2.615636	0.000000
NEARBOUN	0.055998896400 -23.237	  30.317	3.147964	0.000000
NEARBOUN	0.055998906400 -23.014	  26.725	3.569192	0.000000
NEARBOUN	0.055998916400 -21.827	  27.996	3.669622	0.000000
NEARBOUN	0.055998926400 -19.843	  31.947	3.934349	0.000000
NEARBOUN	0.055998936400 -15.711	  31.752	3.799035	0.000000
NEARBOUN	0.055998946400  -8.915	  33.231	3.639656	0.000000
NEARBOUN	0.055998956400  -9.843	  33.184	3.518233	0.000000
NEARBOUN	0.055998966400  -8.881	  32.590	2.972033	0.000000
NEARBOUN	0.055998976400  -8.132	  32.886	3.181122	0.000000
NEARBOUN	0.055998986400 -10.885	  32.686	3.364966	0.000000
NEARBOUN	0.055998996400 -11.245	  33.496	3.360347	0.000000
NEARBOUN	0.055999006400  -9.704	  33.972	3.063880	0.000000
NEARBOUN	0.055999016400  -9.651	  38.424	3.305027	0.000000
NEARBOUN	0.055999026400  -9.325	  38.676	3.673288	0.000000
NEARBOUN	0.055999036400  -9.895	  33.826	3.624808	0.000000
NEARBOUN	0.055999046400  -9.990	  28.855	3.349329	0.000000
NEARBOUN	0.055999056400 -10.821	  29.221	3.766278	0.000000
NEARBOUN	0.055999066400 -13.445	  29.763	3.942660	0.000000
NEARBOUN	0.055999076400 -10.706	  30.344	3.459075	0.000000
NEARBOUN	0.055999086400 -11.535	  26.392	3.591010	0.000000
NEARBOUN	0.055999096400 -11.720	  27.691	3.341303	0.000000
NEARBOUN	0.055999106400 -11.690	  31.948	3.571789	0.000000
NEARBOUN	0.055999116400  -9.108	  33.779	3.112743	0.000000
NEARBOUN	0.055999126400  -4.491	  36.274	3.225605	0.000000
NEARBOUN	0.055999136400  -0.459	  40.298	3.417093	0.000000
NEARBOUN	0.055999146400  -0.078	  39.044	3.732282	0.000000
NEARBOUN	0.055999156400  -2.820	  36.669	3.373692	0.000000
NEARBOUN	0.055999166400  -2.390	  31.743	3.707889	0.000000
NEARBOUN	0.055999176400  -5.257	  31.198	2.931739	0.000000
NEARBOUN	0.055999186400  -5.357	  28.561	3.702830	0.000000
NEARBOUN	0.055999196400  -6.601	  30.037	3.508107	0.000000
NEARBOUN	0.055999206400  -2.819	  35.684	3.601007	0.000000
NEARBOUN	0.055999216400  -6.896	  35.277	3.197321	0.000000
NEARBOUN	0.055999226400  -3.066	  41.157	2.802535	0.000000
NEARBOUN	0.055999236400  -3.072	  40.166	3.316641	0.000000
NEARBOUN	0.055999246400  -3.303	  36.116	3.637838	0.000000
NEARBOUN	0.055999256400  -4.322	  33.731	3.329399	0.000000
NEARBOUN	0.055999266400  -4.366	  33.885	3.208941	0.000000
NEARBOUN	0.055999276400  -4.513	  38.696	3.031528	0.000000
NEARBOUN	0.055999286400  -6.664	  38.121	3.293477	0.000000
NEARBOUN	0.055999296400  -6.681	  36.673	3.086116	0.000000
NEARBOUN	0.055999306400  -1.980	  40.273	3.025141	0.000000
NEARBOUN	0.055999316400  -6.701	  39.226	3.475811	0.000000
NEARBOUN	0.055999326400  -5.496	  38.437	3.530133	0.000000
NEARBOUN	0.055999336400   0.139	  40.326	3.862756	0.000000
NEARBOUN	0.055999346400  -4.243	  39.204	3.764914	0.000000
NEARBOUN	0.055999356400  -5.815	  36.002	3.496012	0.000000
NEARBOUN	0.055999366400  -6.073	  35.684	3.402129	0.000000
NEARBOUN	0.055999376400  -7.728	  34.397	3.368569	0.000000
NEARBOUN	0.055999386400  -8.032	  33.671	3.408754	0.000000
NEARBOUN	0.055999396400  -7.510	  34.015	3.160549	0.000000
NEARBOUN	0.055999406400  -8.022	  39.493	2.691428	0.000000
NEARBOUN	0.055999416400  -3.301	  38.093	2.743779	0.000000
NEARBOUN	0.055999426400  -6.018	  36.528	3.229004	0.000000
NEARBOUN	0.055999436400  -3.152	  38.775	3.231427	0.000000
NEARBOUN	0.055999446400  -0.062	  40.726	3.371726	0.000000
NEARBOUN	0.055999456400  -2.049	  36.759	4.012384	0.000000
NEWBINDING
BBFROMNB	0.057060437900  -5.601	  29.313	3.956069	1.894557
BBFROMNB	0.057060447900  -3.399	  32.748	3.805063	1.878762
BBFROMNB	0.057060457900   0.240	  34.560	3.884167	1.738964
BBFROMNB	0.057060467900   0.156	  33.451	3.989524	1.699629
BBFROMNB	0.057060477900  -0.229	  34.072	3.904079	1.744583
BBFROMNB	0.057060487900   2.175	  36.932	3.732222	1.750006
BBFROMNB	0.057060497900  -1.501	  32.784	3.946016	1.766276
BBFROMNB	0.057060507900   2.140	  35.732	3.878282	1.687361
BBFROMNB	0.057060517900  -2.641	  31.519	3.984157	1.787681
BBFROMNB	0.057060527900  -0.102	  36.719	3.560301	1.889980
BBFROMNB	0.057060537900   1.837	  37.245	3.659304	1.792051
BBFROMNB	0.057060547900   0.742	  34.241	3.949148	1.698154
BBFROMNB	0.057060557900  -0.010	  34.426	3.881657	1.747231
BBFROMNB	0.057060567900   0.227	  34.424	3.897796	1.733778
BBFROMNB	0.057060577900   0.664	  36.082	3.732746	1.791136
BBFROMNB	0.057060587900  -1.139	  34.345	3.808560	1.809992
BBFROMNB	0.057060597900   1.144	  33.291	4.060916	1.642798
BBFROMNB	0.057060607900   0.201	  34.334	3.905450	1.731443
BBFROMNB	0.057060617900  -0.701	  33.620	3.918417	1.752834
BBFROMNB	0.057060627900  -0.979	  33.081	3.952635	1.747899
BBFROMNB	0.057060637900   1.964	  32.222	4.190986	1.570000
BBFROMNB	0.057060647900   0.580	  30.292	4.266293	1.588911
BBFROMNB	0.057060657900   2.261	  33.895	4.066785	1.607288
BBFROMNB	0.057060667900   2.034	  30.626	4.311689	1.526723
BBFROMNB	0.057060677900  -0.174	  31.989	4.098068	1.669549
BBFROMNB	0.057060687900   1.420	  29.878	4.334893	1.539713
BBFROMNB	0.057060697900   1.431	  31.722	4.203607	1.582227
BBFROMNB	0.057060707900   8.654	  35.331	4.205138	1.367014
BBFROMNB	0.057060717900   6.662	  33.341	4.298717	1.386908
BBFROMNB	0.057060727900   8.568	  37.758	3.972697	1.471560
BBFROMNB	0.057060737900   6.371	  36.104	4.053298	1.495503
BBFROMNB	0.057060747900   9.439	  38.482	3.925192	1.470487
BBFROMNB	0.057060757900   8.481	  35.398	4.193908	1.376682
BBFROMNB	0.057060767900  12.018	  34.843	4.334990	1.215048
BBFROMNB	0.057060777900  13.891	  36.617	4.227278	1.211792
BBFROMNB	0.057060787900  13.335	  37.591	4.128025	1.273511
BBFROMNB	0.057060797900  12.023	  35.780	4.259263	1.248681
BBFROMNB	0.057060807900  11.630	  36.222	4.212448	1.280673
BBFROMNB	0.057060817900   7.043	  35.597	4.126487	1.445703
BBFROMNB	0.057060827900   8.054	  35.815	4.143276	1.410281
BBFROMNB	0.057060837900   7.041	  36.013	4.088450	1.461916
BBFROMNB	0.057060847900   8.701	  36.998	4.055336	1.430888
BBFROMNB	0.057060857900   7.499	  38.258	3.872017	1.545512
BBFROMNB	0.057060867900   7.343	  36.990	4.005324	1.489726
BBFROMNB	0.057060877900   7.811	  37.846	3.933186	1.509461
BBFROMNB	0.057060887900  10.856	  37.854	4.039489	1.380502
BBFROMNB	0.057060897900   6.262	  38.175	3.822365	1.600573
BBFROMNB	0.057060907900   5.837	  37.843	3.841730	1.602970
BBFROMNB	0.057060917900   4.313	  33.998	4.154897	1.512583
BBFROMNB	0.057060927900   4.939	  33.377	4.231531	1.464379
BBFROMNB	0.057060937900   3.540	  31.853	4.289806	1.485906
BBFROMNB	0.057060947900   3.997	  29.158	4.490061	1.405686
BBFROMNB	0.057060957900   7.639	  35.658	4.142780	1.422090
BBFROMNB	0.057060967900   8.908	  34.763	4.260003	1.336606
BBFROMNB	0.057060977900  10.615	  37.085	4.107651	1.355751
BBFROMNB	0.057060987900  10.928	  35.268	4.275034	1.272505
BBFROMNB	0.057060997900  11.175	  38.277	4.005107	1.388090
BBFROMNB	0.057061007900   7.794	  39.335	3.744556	1.597238
BBFROMNB	0.057061017900   6.262	  37.280	3.928050	1.552998
BBFROMNB	0.057061027900   6.225	  34.953	4.152096	1.458242
BBFROMNB	0.057061037900   9.504	  34.189	4.322817	1.293075
BBFROMNB	0.057061047900  10.973	  35.567	4.251534	1.281556
BBFROMNB	0.057061057900   9.746	  35.728	4.204529	1.336551
BBFROMNB	0.057061067900  10.661	  34.691	4.314567	1.262987
BBFROMNB	0.057061077900  10.495	  35.016	4.284329	1.280783
BBFROMNB	0.057061087900  10.284	  34.077	4.352427	1.257855
BBFROMNB	0.057061097900   9.104	  35.551	4.200415	1.356341
BBFROMNB	0.057061107900  11.388	  33.247	4.440935	1.187823
BBFROMNB	0.057061117900  11.357	  33.628	4.412380	1.200823
BBFROMNB	0.057061127900   9.133	  32.909	4.408138	1.269371
BBFROMNB	0.057061137900   8.570	  34.259	4.289991	1.333956
BBFROMNB	0.057061147900  10.402	  35.742	4.221816	1.310643
BBFROMNB	0.057061157900   9.313	  33.709	4.354116	1.285780
BBFROMNB	0.057061167900   7.276	  33.252	4.326255	1.357749
BBFROMNB	0.057061177900   4.360	  35.094	4.060562	1.548943
BBFROMNB	0.057061187900   1.420	  33.889	4.022303	1.649417
BBFROMNB	0.057061197900   1.769	  35.398	3.892199	1.691934
BBFROMNB	0.057061207900   0.855	  37.692	3.470699	1.906559
BBFROMNB	0.057061217900   5.956	  37.457	3.893544	1.576547
BBFROMNB	0.057061227900   5.672	  35.899	4.043474	1.519089
BBFROMNB	0.057061237900   4.862	  35.250	4.068943	1.531221
BBFROMNB	0.057061247900   4.010	  31.198	4.355851	1.448187
BBFROMNB	0.057061257900   3.396	  32.315	4.249282	1.504787
BBFROMNB	0.057061267900   4.268	  32.647	4.260878	1.473713
BBFROMNB	0.057061277900   2.918	  31.784	4.268091	1.513028
BBFROMNB	0.057061287900  10.150	  34.032	4.352360	1.261809
BBFROMNB	0.057061297900  10.891	  35.629	4.244309	1.287035
BBFROMNB	0.057061307900   4.515	  33.802	4.179856	1.496900
BBFROMNB	0.057061317900   6.182	  33.884	4.239147	1.424476
BBFROMNB	0.057061327900   8.368	  37.188	4.024488	1.453592
BBFROMNB	0.057061337900  11.071	  35.678	4.244813	1.281763
BBFROMNB	0.057061347900   5.691	  32.226	4.346904	1.398353
BBFROMNB	0.057061357900   4.931	  35.293	4.068017	1.529661
BBFROMNB	0.057061367900   5.029	  37.753	3.808992	1.639117
BBFROMNB	0.057061377900  -0.571	  31.976	4.076233	1.689717
BBFROMNB	0.057061387900  -4.561	  27.000	4.199174	1.786941
BBFROMNB	0.057061397900  -3.361	  28.885	4.146236	1.758455
BBFROMNB	0.057061407900  -5.519	  30.122	3.891253	1.913859
BBFROMNB	0.057061417900  -3.287	  34.830	3.519893	1.997542
#[time: 0.09]
#[time: 0.1]
#[time: 0.11]
NEWUNBINDING
FARBOUND	0.089578226100 -20.116	  37.883	4.244225	0.000000
FARBOUND	0.089578236100 -20.019	  38.056	4.194845	0.000000
FARBOUND	0.089578246100 -16.038	  40.048	3.934926	0.000000
FARBOUND	0.089578256100 -14.919	  40.651	3.864722	0.000000
FARBOUND	0.089578266100 -10.607	  41.250	3.750402	0.000000
FARBOUND	0.089578276100 -12.917	  41.247	3.662431	0.000000
FARBOUND	0.089578286100 -12.263	  39.714	3.821412	0.000000
FARBOUND	0.089578296100 -13.131	  39.906	3.884981	0.000000
FARBOUND	0.089578306100 -13.045	  40.244	3.539843	0.000000
FARBOUND	0.089578316100 -13.643	  40.864	3.562625	0.000000
FARBOUND	0.089578326100 -11.379	  38.506	3.747596	0.000000
FARBOUND	0.089578336100 -11.994	  38.673	3.890724	0.000000
FARBOUND	0.089578346100 -13.875	  34.139	4.137922	0.000000
FARBOUND	0.089578356100 -10.942	  40.344	3.583449	0.000000
FARBOUND	0.089578366100  -9.520	  39.002	3.064001	0.000000
FARBOUND	0.089578376100  -6.944	  40.888	3.861870	0.000000
FARBOUND	0.089578386100  -9.168	  40.899	3.031333	0.000000
FARBOUND	0.089578396100 -11.575	  39.550	3.342336	0.000000
FARBOUND	0.089578406100 -12.624	  39.837	3.652559	0.000000
FARBOUND	0.089578416100 -11.187	  40.398	3.697798	0.000000
FARBOUND	0.089578426100  -1.425	  40.689	3.666223	0.000000
FARBOUND	0.089578436100  -7.057	  40.089	3.709727	0.000000
FARBOUND	0.089578446100  -4.390	  41.299	3.703291	0.000000
FARBOUND	0.089578456100  -5.106	  38.524	3.768370	0.000000
FARBOUND	0.089578466100  -6.262	  40.226	3.908700	0.000000
FARBOUND	0.089578476100  -3.927	  40.744	3.759677	0.000000
FARBOUND	0.089578486100   0.084	  42.591	3.099990	0.000000
FARBOUND	0.089578496100   2.225	  39.552	3.773990	0.000000
FARBOUND	0.089578506100   1.055	  41.471	3.391747	0.000000
FARBOUND	0.089578516100  -1.997	  42.100	3.579370	0.000000
FARBOUND	0.089578526100   2.524	  41.150	3.894523	0.000000
FARBOUND	0.089578536100   2.758	  37.824	3.155820	0.000000
FARBOUND	0.089578546100   7.339	  36.805	3.044453	0.000000
FARBOUND	0.089578556100  13.408	  36.325	2.962818	0.000000
FARBOUND	0.089578566100  14.265	  36.680	3.620498	0.000000
FARBOUND	0.089578576100  16.550	  36.077	3.713842	0.000000
FARBOUND	0.089578586100  14.520	  35.117	3.439101	0.000000
FARBOUND	0.089578596100   9.964	  33.825	3.617497	0.000000
FARBOUND	0.089578606100  13.859	  32.475	3.327816	0.000000
FARBOUND	0.089578616100  17.485	  33.864	3.118736	0.000000
FARBOUND	0.089578626100  12.882	  33.727	3.612748	0.000000
FARBOUND	0.089578636100  15.426	  31.590	2.617075	0.000000
FARBOUND	0.089578646100  14.170	  35.828	3.294227	0.000000
FARBOUND	0.089578656100  15.334	  34.997	3.139450	0.000000
FARBOUND	0.089578666100  14.028	  33.305	2.997005	0.000000
FARBOUND	0.089578676100  14.632	  37.213	3.590594	0.000000
FARBOUND	0.089578686100  11.661	  38.659	2.942325	0.000000
FARBOUND	0.089578696100   9.469	  38.681	3.278232	0.000000
FARBOUND	0.089578706100  11.725	  39.626	3.582354	0.000000
FARBOUND	0.089578716100   8.605	  40.465	3.426991	0.000000
FARBOUND	0.089578726100   5.962	  39.972	3.411862	0.000000
FARBOUND	0.089578736100   3.760	  41.486	3.683861	0.000000
FARBOUND	0.089578746100   9.766	  38.525	3.760643	0.000000
FARBOUND	0.089578756100   6.554	  39.111	3.724603	0.000000
FARBOUND	0.089578766100   7.993	  37.703	3.590342	0.000000
FARBOUND	0.089578776100   9.859	  38.931	3.510961	0.000000
FARBOUND	0.089578786100   7.667	  40.825	3.499414	0.000000
FARBOUND	0.089578796100   7.007	  40.330	3.926023	0.000000
FARBOUND	0.089578806100   4.882	  40.010	3.837272	0.000000
FARBOUND	0.089578816100   3.611	  38.411	3.791561	0.000000
FARBOUND	0.089578826100   5.681	  39.982	4.201377	0.000000
FARBOUND	0.089578836100   1.301	  38.334	4.545971	0.000000
FARBOUND	0.089578846100   9.633	  36.556	3.252805	0.000000
FARBOUND	0.089578856100  11.826	  36.785	3.099328	0.000000
FARBOUND	0.089578866100   6.758	  39.051	3.562086	0.000000
FARBOUND	0.089578876100   4.186	  38.228	3.599247	0.000000
FARBOUND	0.089578886100   1.564	  37.169	4.182201	0.000000
FARBOUND	0.089578896100   5.024	  39.362	3.926262	0.000000
FARBOUND	0.089578906100   2.882	  40.579	3.926133	0.000000
FARBOUND	0.089578916100  -0.025	  37.942	4.332228	0.000000
FARBOUND	0.089578926100   2.394	  41.617	3.786538	0.000000
FARBOUND	0.089578936100  -0.038	  42.561	3.745757	0.000000
FARBOUND	0.089578946100  -1.622	  41.523	3.896643	0.000000
FARBOUND	0.089578956100   4.503	  42.630	3.569429	0.000000
FARBOUND	0.089578966100   1.696	  41.893	3.954711	0.000000
FARBOUND	0.089578976100   2.847	  42.319	3.607932	0.000000
FARBOUND	0.089578986100   0.304	  42.883	3.574929	0.000000
FARBOUND	0.089578996100  -4.147	  40.012	4.017783	0.000000
FARBOUND	0.089579006100   0.148	  42.943	3.767070	0.000000
FARBOUND	0.089579016100  -0.263	  42.138	3.785557	0.000000
FARBOUND	0.089579026100  -1.827	  43.462	3.069635	0.000000
FARBOUND	0.089579036100  -6.412	  41.815	3.392657	0.000000
FARBOUND	0.089579046100 -12.319	  39.517	2.917470	0.000000
FARBOUND	0.089579056100 -13.436	  35.329	2.856487	0.000000
FARBOUND	0.089579066100 -13.207	  35.479	3.317575	0.000000
FARBOUND	0.089579076100 -14.387	  32.436	2.994727	0.000000
FARBOUND	0.089579086100 -18.409	  31.227	3.528542	0.000000
FARBOUND	0.089579096100 -15.946	  33.365	3.024795	0.000000
FARBOUND	0.089579106100 -19.244	  33.014	3.698847	0.000000
FARBOUND	0.089579116100 -20.969	  29.898	3.736433	0.000000
FARBOUND	0.089579126100 -24.610	  27.064	3.586503	0.000000
FARBOUND	0.089579136100 -22.192	  30.099	3.134500	0.000000
FARBOUND	0.089579146100 -26.100	  28.119	3.683899	0.000000
FARBOUND	0.089579156100 -27.485	  30.505	3.566550	0.000000
FARBOUND	0.089579166100 -26.437	  31.837	3.320291	0.000000
FARBOUND	0.089579176100 -25.630	  28.598	3.694784	0.000000
FARBOUND	0.089579186100 -24.106	  26.565	3.499026	0.000000
FARBOUND	0.089579196100 -24.939	  25.844	3.299090	0.000000
FARBOUND	0.089579206100 -25.955	  23.275	3.282250	0.000000
NEWBINDING
BBFROMFB	0.099257958000  10.293	  34.847	4.034292	0.610740
BBFROMFB	0.099257968000  10.228	  35.025	4.020784	0.621473
BBFROMFB	0.099257978000  10.157	  35.277	4.000011	0.637048
BBFROMFB	0.099257988000   7.642	  35.698	4.075749	0.658862
BBFROMFB	0.099257998000   2.661	  34.657	4.324908	0.639476
BBFROMFB	0.099258008000   1.524	  35.603	4.275810	0.702914
BBFROMFB	0.099258018000   9.634	  32.707	4.244887	0.487036
BBFROMFB	0.099258028000  10.283	  32.107	4.262694	0.454365
BBFROMFB	0.099258038000  11.271	  31.432	4.268854	0.418835
BBFROMFB	0.099258048000   5.008	  31.691	4.479153	0.465059
BBFROMFB	0.099258058000   0.854	  32.816	4.501016	0.578804
BBFROMFB	0.099258068000   5.673	  34.909	4.217847	0.622381
BBFROMFB	0.099258078000   0.343	  36.885	4.191727	0.786967
BBFROMFB	0.099258088000   0.286	  37.013	4.181400	0.794703
BBFROMFB	0.099258098000  -0.619	  35.804	4.302152	0.746717
BBFROMFB	0.099258108000  -0.693	  36.035	4.284411	0.759508
BBFROMFB	0.099258118000   1.270	  36.754	4.183073	0.767009
BBFROMFB	0.099258128000   0.451	  35.478	4.308765	0.712657
BBFROMFB	0.099258138000   1.805	  37.871	4.064774	0.824003
BBFROMFB	0.099258148000   3.347	  33.668	4.383195	0.581423
BBFROMFB	0.099258158000   4.685	  35.939	4.161701	0.686417
BBFROMFB	0.099258168000   1.198	  38.637	4.001829	0.877164
BBFROMFB	0.099258178000   0.381	  37.141	4.167808	0.800280
BBFROMFB	0.099258188000   5.944	  36.793	4.038328	0.729430
BBFROMFB	0.099258198000  -0.573	  35.216	4.348650	0.717088
BBFROMFB	0.099258208000  -2.835	  35.945	4.323551	0.795683
BBFROMFB	0.099258218000  -3.894	  34.393	4.455713	0.748001
BBFROMFB	0.099258228000  -2.047	  35.029	4.386044	0.736338
BBFROMFB	0.099258238000  -5.172	  33.666	4.519121	0.748438
BBFROMFB	0.099258248000  -1.449	  34.526	4.415998	0.700932
BBFROMFB	0.099258258000   1.049	  37.449	4.124440	0.808355
BBFROMFB	0.099258268000  -0.029	  37.501	4.143194	0.825940
BBFROMFB	0.099258278000  -4.879	  39.516	4.014497	1.025173
BBFROMFB	0.099258288000  -3.408	  40.647	3.863993	1.071517
BBFROMFB	0.099258298000  -5.486	  39.097	4.063670	1.013528
BBFROMFB	0.099258308000  -4.018	  40.264	3.920161	1.055607
BBFROMFB	0.099258318000  -7.712	  36.664	4.297270	0.944668
BBFROMFB	0.099258328000  -4.140	  37.645	4.192110	0.906888
BBFROMFB	0.099258338000  -4.251	  36.689	4.277059	0.861613
BBFROMFB	0.099258348000  -5.797	  40.220	3.942915	1.087343
BBFROMFB	0.099258358000 -10.047	  38.465	4.132219	1.094278
BBFROMFB	0.099258368000 -11.951	  36.613	4.286139	1.066048
BBFROMFB	0.099258378000  -7.609	  35.861	4.362834	0.906230
BBFROMFB	0.099258388000  -8.355	  33.252	4.558692	0.821239
BBFROMFB	0.099258398000  -7.925	  34.215	4.489266	0.846312
BBFROMFB	0.099258408000 -11.569	  31.513	4.665744	0.864480
BBFROMFB	0.099258418000  -9.995	  34.570	4.459789	0.922211
BBFROMFB	0.099258428000  -9.801	  36.153	4.337073	0.980824
BBFROMFB	0.099258438000  -5.848	  39.706	4.001498	1.056745
BBFROMFB	0.099258448000  -4.472	  39.110	4.053554	0.993201
BBFROMFB	0.099258458000  -4.831	  39.079	4.060183	0.998716
BBFROMFB	0.099258468000  -6.629	  38.667	4.113372	1.015752
BBFROMFB	0.099258478000 -10.724	  36.700	4.287574	1.031840
BBFROMFB	0.099258488000  -8.535	  38.900	4.093512	1.075558
BBFROMFB	0.099258498000 -11.717	  39.085	4.059157	1.174991
BBFROMFB	0.099258508000 -18.267	  33.484	4.434436	1.176169
BBFROMFB	0.099258518000 -16.408	  34.896	4.365368	1.152388
BBFROMFB	0.099258528000 -20.642	  36.808	4.099888	1.389579
BBFROMFB	0.099258538000 -23.468	  32.678	4.348495	1.367648
BBFROMFB	0.099258548000 -19.058	  38.811	3.943875	1.419361
BBFROMFB	0.099258558000 -17.899	  36.632	4.191048	1.273752
BBFROMFB	0.099258568000 -14.097	  37.757	4.160844	1.185984
BBFROMFB	0.099258578000 -14.010	  37.988	4.140413	1.193707
BBFROMFB	0.099258588000 -17.454	  36.552	4.208201	1.253718
BBFROMFB	0.099258598000 -14.365	  38.000	4.134070	1.206166
BBFROMFB	0.099258608000 -11.155	  36.224	4.324518	1.024723
BBFROMFB	0.099258618000 -12.476	  30.278	4.738596	0.858093
BBFROMFB	0.099258628000 -13.895	  33.966	4.473377	1.029112
BBFROMFB	0.099258638000 -11.534	  31.662	4.656088	0.868214
BBFROMFB	0.099258648000 -10.647	  33.741	4.517711	0.911277
BBFROMFB	0.099258658000 -12.629	  37.089	4.239001	1.108080
BBFROMFB	0.099258668000 -13.918	  39.851	3.947959	1.286863
BBFROMFB	0.099258678000 -17.427	  33.185	4.473514	1.134151
BBFROMFB	0.099258688000 -17.374	  33.248	4.470083	1.134022
BBFROMFB	0.099258698000 -13.342	  35.376	4.372957	1.061600
BBFROMFB	0.099258708000 -10.468	  35.363	4.397246	0.968203
BBFROMFB	0.099258718000  -5.703	  39.965	3.971676	1.069354
BBFROMFB	0.099258728000  -6.587	  38.118	4.165720	0.986134
BBFROMFB	0.099258738000  -2.534	  37.664	4.171171	0.876208
BBFROMFB	0.099258748000  -4.196	  37.561	4.200297	0.903742
BBFROMFB	0.099258758000  -7.828	  38.670	4.116173	1.045243
BBFROMFB	0.099258768000 -12.895	  37.569	4.193444	1.137950
BBFROMFB	0.099258778000 -15.319	  34.955	4.379159	1.114846
BBFROMFB	0.099258788000 -17.679	  30.430	4.654448	1.066218
BBFROMFB	0.099258798000 -15.035	  36.528	4.255966	1.165123
BBFROMFB	0.099258808000 -14.462	  37.835	4.148111	1.201876
BBFROMFB	0.099258818000 -15.237	  39.772	3.932741	1.327551
BBFROMFB	0.099258828000 -10.922	  40.608	3.894362	1.239695
BBFROMFB	0.099258838000 -10.716	  38.662	4.109468	1.123439
BBFROMFB	0.099258848000 -13.345	  38.589	4.091242	1.200704
BBFROMFB	0.099258858000  -7.380	  40.781	3.882516	1.158938
BBFROMFB	0.099258868000  -4.603	  39.134	4.052344	0.997207
BBFROMFB	0.099258878000  -4.367	  38.937	4.070237	0.981216
BBFROMFB	0.099258888000  -3.663	  37.972	4.156858	0.914260
BBFROMFB	0.099258898000  -2.548	  38.655	4.076081	0.931046
BBFROMFB	0.099258908000  -8.271	  37.024	4.267034	0.976117
BBFROMFB	0.099258918000  -7.847	  37.379	4.235863	0.981451
BBFROMFB	0.099258928000  -0.703	  38.776	4.031252	0.909129
BBFROMFB	0.099258938000  -1.527	  40.090	3.899977	1.004874
#[time: 0.12]
#[time: 0.13]
NEWUNBINDING
FARBOUND	0.118460237700 -11.162	  40.602	4.231234	0.000000
FARBOUND	0.118460247700  -5.206	  41.193	3.800152	0.000000
FARBOUND	0.118460257700   2.688	  43.667	3.699634	0.000000
FARBOUND	0.118460267700   1.876	  42.242	3.740382	0.000000
FARBOUND	0.118460277700   3.249	  41.659	3.822241	0.000000
FARBOUND	0.118460287700   1.131	  41.954	3.739936	0.000000
FARBOUND	0.118460297700  -1.487	  41.700	3.551847	0.000000
FARBOUND	0.118460307700  -5.653	  36.998	3.713811	0.000000
FARBOUND	0.118460317700  -7.351	  38.910	3.739517	0.000000
FARBOUND	0.118460327700  -6.150	  39.802	3.422923	0.000000
FARBOUND	0.118460337700  -6.884	  38.464	3.248370	0.000000
FARBOUND	0.118460347700  -2.942	  37.780	3.033167	0.000000
FARBOUND	0.118460357700  -1.194	  35.665	3.096897	0.000000
FARBOUND	0.118460367700   3.936	  38.571	2.661157	0.000000
FARBOUND	0.118460377700  -2.336	  38.242	3.185933	0.000000
FARBOUND	0.118460387700  -0.819	  37.460	3.293403	0.000000
FARBOUND	0.118460397700  -0.838	  32.890	3.212504	0.000000
FARBOUND	0.118460407700  -0.945	  29.028	3.523596	0.000000
FARBOUND	0.118460417700  -5.149	  28.801	3.090849	0.000000
FARBOUND	0.118460427700  -4.922	  31.245	3.055979	0.000000
FARBOUND	0.118460437700  -6.031	  31.946	2.864992	0.000000
FARBOUND	0.118460447700  -8.400	  31.030	3.464747	0.000000
FARBOUND	0.118460457700  -7.182	  37.122	3.329399	0.000000
FARBOUND	0.118460467700 -12.470	  37.165	3.655783	0.000000
FARBOUND	0.118460477700  -8.430	  34.743	4.060055	0.000000
FARBOUND	0.118460487700  -3.557	  37.202	3.427797	0.000000
FARBOUND	0.118460497700  -7.196	  37.753	3.545644	0.000000
FARBOUND	0.118460507700 -13.046	  31.071	3.721403	0.000000
FARBOUND	0.118460517700 -11.600	  33.286	3.489360	0.000000
FARBOUND	0.118460527700  -8.875	  34.646	3.613185	0.000000
FARBOUND	0.118460537700  -7.077	  36.788	3.818505	0.000000
FARBOUND	0.118460547700  -6.517	  35.638	3.602690	0.000000
FARBOUND	0.118460557700  -5.357	  36.351	3.183450	0.000000
FARBOUND	0.118460567700  -2.432	  36.647	3.340341	0.000000
FARBOUND	0.118460577700  -6.245	  35.936	3.395138	0.000000
FARBOUND	0.118460587700  -8.460	  34.959	3.810680	0.000000
FARBOUND	0.118460597700  -8.326	  38.133	4.126632	0.000000
FARBOUND	0.118460607700 -13.071	  36.610	3.690559	0.000000
FARBOUND	0.118460617700 -11.674	  36.147	3.442051	0.000000
FARBOUND	0.118460627700 -12.038	  38.345	3.313195	0.000000
FARBOUND	0.118460637700 -13.546	  39.407	3.090128	0.000000
FARBOUND	0.118460647700 -13.769	  38.993	3.248884	0.000000
FARBOUND	0.118460657700 -14.301	  35.066	3.027576	0.000000
FARBOUND	0.118460667700 -10.823	  39.348	3.272361	0.000000
FARBOUND	0.118460677700 -12.818	  35.496	4.198147	0.000000
FARBOUND	0.118460687700 -11.819	  34.043	3.480247	0.000000
FARBOUND	0.118460697700 -12.021	  37.753	3.336312	0.000000
FARBOUND	0.118460707700 -11.151	  36.377	3.559209	0.000000
FARBOUND	0.118460717700 -10.812	  35.839	3.281073	0.000000
FARBOUND	0.118460727700 -11.377	  32.029	3.836230	0.000000
FARBOUND	0.118460737700  -9.947	  35.548	3.210669	0.000000
FARBOUND	0.118460747700  -9.875	  32.794	3.686718	0.000000
FARBOUND	0.118460757700  -5.931	  36.094	3.424883	0.000000
FARBOUND	0.118460767700 -10.058	  36.726	3.239507	0.000000
FARBOUND	0.118460777700 -11.914	  30.758	3.387967	0.000000
FARBOUND	0.118460787700 -13.770	  31.462	3.636439	0.000000
FARBOUND	0.118460797700 -13.043	  36.588	3.438233	0.000000
FARBOUND	0.118460807700 -10.386	  39.987	3.692564	0.000000
FARBOUND	0.118460817700 -14.331	  36.818	3.673148	0.000000
FARBOUND	0.118460827700 -16.658	  36.293	3.541683	0.000000
FARBOUND	0.118460837700 -18.295	  36.377	3.382850	0.000000
FARBOUND	0.118460847700 -13.290	  36.528	3.167105	0.000000
FARBOUND	0.118460857700 -12.861	  32.711	3.076235	0.000000
FARBOUND	0.118460867700  -9.735	  35.380	3.339603	0.000000
FARBOUND	0.118460877700 -14.181	  37.307	2.965962	0.000000
FARBOUND	0.118460887700 -13.398	  35.473	3.391017	0.000000
FARBOUND	0.118460897700 -12.664	  35.845	3.249887	0.000000
FARBOUND	0.118460907700 -10.310	  36.928	2.828270	0.000000
FARBOUND	0.118460917700  -9.243	  35.325	3.254697	0.000000
FARBOUND	0.118460927700  -6.791	  34.336	3.599957	0.000000
FARBOUND	0.118460937700 -11.062	  30.876	3.575321	0.000000
FARBOUND	0.118460947700 -12.718	  35.410	3.279932	0.000000
FARBOUND	0.118460957700 -13.800	  36.864	3.757852	0.000000
FARBOUND	0.118460967700 -15.683	  37.957	3.523084	0.000000
FARBOUND	0.118460977700 -18.646	  36.829	3.504051	0.000000
FARBOUND	0.118460987700 -17.970	  38.389	3.288389	0.000000
FARBOUND	0.118460997700 -21.755	  37.649	3.050486	0.000000
FARBOUND	0.118461007700 -19.973	  37.714	3.225755	0.000000
FARBOUND	0.118461017700 -17.120	  38.467	3.218623	0.000000
FARBOUND	0.118461027700 -16.143	  39.292	3.560651	0.000000
FARBOUND	0.118461037700 -16.457	  39.710	3.710839	0.000000
FARBOUND	0.118461047700 -16.920	  38.236	3.714108	0.000000
FARBOUND	0.118461057700 -20.684	  35.029	4.308929	0.000000
FARBOUND	0.118461067700 -18.188	  37.678	3.791437	0.000000
FARBOUND	0.118461077700 -18.953	  38.240	3.044511	0.000000
FARBOUND	0.118461087700 -21.815	  35.966	3.340728	0.000000
FARBOUND	0.118461097700 -20.453	  32.694	2.914244	0.000000
FARBOUND	0.118461107700 -22.872	  31.682	3.456213	0.000000
FARBOUND	0.118461117700 -22.269	  25.131	3.253958	0.000000
FARBOUND	0.118461127700 -20.889	  25.910	3.495917	0.000000
FARBOUND	0.118461137700 -18.677	  27.798	3.256094	0.000000
FARBOUND	0.118461147700 -17.051	  31.985	3.309262	0.000000
FARBOUND	0.118461157700 -16.539	  30.095	3.574428	0.000000
FARBOUND	0.118461167700 -14.545	  29.511	3.650502	0.000000
FARBOUND	0.118461177700 -11.765	  34.474	3.199180	0.000000
FARBOUND	0.118461187700 -13.385	  34.680	2.865012	0.000000
FARBOUND	0.118461197700 -18.300	  30.054	3.810342	0.000000
FARBOUND	0.118461207700 -17.086	  28.814	3.400599	0.000000
FARBOUND	0.118461217700 -17.749	  31.177	3.284584	0.000000
NEWBINDING
BBFROMFB	0.121524874600 -32.352	  18.727	4.006572	2.194579
BBFROMFB	0.121524884600 -33.305	  17.611	3.968647	2.250483
BBFROMFB	0.121524894600 -29.924	  20.209	4.145540	2.056683
BBFROMFB	0.121524904600 -27.316	  18.153	4.425180	1.917319
BBFROMFB	0.121524914600 -25.025	  18.150	4.567295	1.804524
BBFROMFB	0.121524924600 -22.070	  16.996	4.772796	1.669842
BBFROMFB	0.121524934600 -19.322	  30.305	4.229266	1.624075
BBFROMFB	0.121524944600 -18.768	  27.571	4.435341	1.546457
BBFROMFB	0.121524954600 -16.011	  28.315	4.509950	1.428414
BBFROMFB	0.121524964600 -13.547	  28.797	4.572185	1.324274
BBFROMFB	0.121524974600 -13.606	  30.166	4.484123	1.354011
BBFROMFB	0.121524984600 -17.682	  32.516	4.145269	1.600459
BBFROMFB	0.121524994600 -14.710	  33.092	4.235306	1.476723
BBFROMFB	0.121525004600 -13.524	  34.545	4.165109	1.469003
BBFROMFB	0.121525014600 -15.967	  34.901	4.023650	1.596421
BBFROMFB	0.121525024600 -15.980	  33.405	4.154960	1.545241
BBFROMFB	0.121525034600 -16.311	  31.048	4.319456	1.496712
BBFROMFB	0.121525044600 -15.587	  35.531	3.981767	1.602850
BBFROMFB	0.121525054600 -21.244	  28.400	4.256942	1.681331
BBFROMFB	0.121525064600 -21.828	  27.560	4.278601	1.696514
BBFROMFB	0.121525074600 -18.335	  29.358	4.343248	1.556244
BBFROMFB	0.121525084600 -20.619	  29.265	4.233055	1.666438
BBFROMFB	0.121525094600 -19.940	  31.111	4.135672	1.674766
BBFROMFB	0.121525104600 -19.359	  32.037	4.094463	1.670631
BBFROMFB	0.121525114600 -21.543	  31.869	3.972726	1.782666
BBFROMFB	0.121525124600 -21.479	  33.486	3.815342	1.841094
BBFROMFB	0.121525134600 -22.197	  31.446	3.965158	1.806052
BBFROMFB	0.121525144600 -21.471	  32.558	3.913110	1.802577
BBFROMFB	0.121525154600 -17.628	  34.765	3.946172	1.675542
BBFROMFB	0.121525164600  -9.898	  39.922	3.732461	1.565175
BBFROMFB	0.121525174600 -12.913	  35.614	4.095388	1.480256
BBFROMFB	0.121525184600 -15.822	  31.130	4.334450	1.475984
BBFROMFB	0.121525194600 -14.861	  32.005	4.311163	1.453590
BBFROMFB	0.121525204600  -8.734	  36.407	4.165418	1.334050
BBFROMFB	0.121525214600  -7.079	  36.841	4.169438	1.287065
BBFROMFB	0.121525224600  -7.219	  34.915	4.328299	1.219329
BBFROMFB	0.121525234600  -9.937	  36.063	4.160509	1.369415
BBFROMFB	0.121525244600  -7.533	  37.383	4.107948	1.327599
BBFROMFB	0.121525254600 -10.377	  32.402	4.435300	1.268462
BBFROMFB	0.121525264600  -7.437	  35.024	4.314685	1.231556
BBFROMFB	0.121525274600  -5.609	  35.847	4.286491	1.192738
BBFROMFB	0.121525284600  -1.742	  34.208	4.468704	0.995911
BBFROMFB	0.121525294600  -1.419	  31.184	4.681191	0.882202
BBFROMFB	0.121525304600   2.318	  34.759	4.448694	0.888603
BBFROMFB	0.121525314600   0.906	  36.893	4.274553	1.019955
BBFROMFB	0.121525324600   1.952	  36.682	4.295422	0.980550
BBFROMFB	0.121525334600   0.080	  35.117	4.414185	0.970713
BBFROMFB	0.121525344600   3.557	  34.826	4.442986	0.856080
BBFROMFB	0.121525354600   1.767	  29.422	4.810039	0.711281
BBFROMFB	0.121525364600   3.766	  34.946	4.433412	0.855377
BBFROMFB	0.121525374600  -0.869	  32.582	4.591941	0.908902
BBFROMFB	0.121525384600  -0.862	  32.764	4.579438	0.914914
BBFROMFB	0.121525394600  -5.154	  31.607	4.606426	1.035443
BBFROMFB	0.121525404600   0.706	  37.490	4.221610	1.052840
BBFROMFB	0.121525414600   4.767	  38.750	4.103064	1.009706
BBFROMFB	0.121525424600   7.371	  39.579	3.993177	1.003964
BBFROMFB	0.121525434600  11.269	  38.194	4.068707	0.860607
BBFROMFB	0.121525444600   5.371	  37.519	4.215168	0.932082
BBFROMFB	0.121525454600   6.563	  38.984	4.065602	0.984166
BBFROMFB	0.121525464600   2.898	  38.667	4.116612	1.050653
BBFROMFB	0.121525474600   6.472	  39.421	4.020741	1.011421
BBFROMFB	0.121525484600   3.692	  39.255	4.056143	1.062700
BBFROMFB	0.121525494600   0.544	  36.547	4.302131	1.015501
BBFROMFB	0.121525504600  -1.810	  37.759	4.177642	1.142087
BBFROMFB	0.121525514600   1.440	  38.586	4.122569	1.085240
BBFROMFB	0.121525524600  -0.817	  37.457	4.214615	1.097090
BBFROMFB	0.121525534600   0.768	  37.375	4.232082	1.045760
BBFROMFB	0.121525544600  -0.247	  37.841	4.184276	1.097393
BBFROMFB	0.121525554600  -5.970	  37.066	4.174118	1.254895
BBFROMFB	0.121525564600  -1.548	  35.252	4.391462	1.028428
BBFROMFB	0.121525574600   3.028	  37.490	4.226113	0.988559
BBFROMFB	0.121525584600   4.710	  36.000	4.347632	0.876328
BBFROMFB	0.121525594600   4.302	  37.723	4.202268	0.967627
BBFROMFB	0.121525604600  12.326	  36.163	4.232076	0.733963
BBFROMFB	0.121525614600  13.349	  36.418	4.185072	0.734771
BBFROMFB	0.121525624600  10.251	  36.088	4.280021	0.762174
BBFROMFB	0.121525634600   3.929	  39.114	4.069937	1.049221
BBFROMFB	0.121525644600   1.991	  33.626	4.531574	0.853740
BBFROMFB	0.121525654600   4.166	  35.216	4.411598	0.856052
BBFROMFB	0.121525664600   3.142	  37.281	4.244467	0.975626
BBFROMFB	0.121525674600   1.400	  36.351	4.321688	0.981800
BBFROMFB	0.121525684600   2.071	  37.280	4.244317	1.004423
BBFROMFB	0.121525694600   4.858	  39.097	4.067572	1.026748
BBFROMFB	0.121525704600   0.514	  38.270	4.148966	1.095597
BBFROMFB	0.121525714600   1.093	  35.149	4.416383	0.940743
BBFROMFB	0.121525724600   7.519	  36.589	4.277046	0.839078
BBFROMFB	0.121525734600   7.832	  35.484	4.363809	0.779780
BBFROMFB	0.121525744600   3.039	  36.256	4.331214	0.931587
BBFROMFB	0.121525754600   5.315	  38.838	4.090903	1.002238
BBFROMFB	0.121525764600   3.997	  35.918	4.356846	0.891070
BBFROMFB	0.121525774600   9.303	  36.441	4.265974	0.796698
BBFROMFB	0.121525784600   8.894	  35.944	4.313288	0.779919
BBFROMFB	0.121525794600   7.888	  37.783	4.167133	0.892368
BBFROMFB	0.121525804600   5.380	  37.470	4.219478	0.929465
BBFROMFB	0.121525814600   4.839	  35.290	4.403199	0.841637
BBFROMFB	0.121525824600   5.757	  34.247	4.476875	0.773318
BBFROMFB	0.121525834600   4.369	  37.103	4.256937	0.935858
BBFROMFB	0.121525844600   7.276	  40.474	3.889681	1.063743
BBFROMFB	0.121525854600   3.288	  39.451	4.036445	1.083542
#[time: 0.14]
#[time: 0.15]
#[time: 0.16]
#[time: 0.17]
#[time: 0.18]
NEWUNBINDING
NEARBOUN	0.155556115400 -27.541	  29.996	4.535127	0.000000
NEARBOUN	0.155556125400 -30.169	  28.704	4.008258	0.000000
NEARBOUN	0.155556135400 -28.804	  28.799	3.672529	0.000000
NEARBOUN	0.155556145400 -31.215	  26.856	3.436596	0.000000
NEARBOUN	0.155556155400 -27.965	  31.784	3.263493	0.000000
NEARBOUN	0.155556165400 -28.961	  28.147	3.024298	0.000000
NEARBOUN	0.155556175400 -26.985	  30.174	2.788271	0.000000
NEARBOUN	0.155556185400 -28.374	  23.387	3.658481	0.000000
NEARBOUN	0.155556195400 -30.528	  20.462	4.141512	0.000000
NEARBOUN	0.155556205400 -30.514	  21.539	3.181683	0.000000
NEARBOUN	0.155556215400 -27.459	  27.253	3.327666	0.000000
NEARBOUN	0.155556225400 -30.312	  24.264	3.531127	0.000000
NEARBOUN	0.155556235400 -31.587	  17.694	3.015015	0.000000
NEARBOUN	0.155556245400 -32.029	  20.427	3.292826	0.000000
NEARBOUN	0.155556255400 -31.354	  17.844	3.555510	0.000000
NEARBOUN	0.155556265400 -31.931	  13.956	3.864011	0.000000
NEARBOUN	0.155556275400 -30.057	  15.841	3.365737	0.000000
NEARBOUN	0.155556285400 -30.499	  16.181	3.485835	0.000000
NEARBOUN	0.155556295400 -30.918	  22.175	3.057090	0.000000
NEARBOUN	0.155556305400 -28.972	  26.230	2.711829	0.000000
NEARBOUN	0.155556315400 -22.148	  30.985	3.095963	0.000000
NEARBOUN	0.155556325400 -24.433	  28.984	3.119704	0.000000
NEARBOUN	0.155556335400 -23.772	  22.963	3.446572	0.000000
NEARBOUN	0.155556345400 -24.502	  23.328	3.891885	0.000000
NEARBOUN	0.155556355400 -23.896	  25.325	3.168890	0.000000
NEARBOUN	0.155556365400 -23.474	  21.379	3.275220	0.000000
NEARBOUN	0.155556375400 -26.766	  20.927	3.526100	0.000000
NEARBOUN	0.155556385400 -26.393	  19.641	3.790325	0.000000
NEARBOUN	0.155556395400 -28.425	  21.428	3.429444	0.000000
NEARBOUN	0.155556405400 -31.609	  21.355	3.144077	0.000000
NEARBOUN	0.155556415400 -29.948	  20.299	3.048392	0.000000
NEARBOUN	0.155556425400 -31.856	  20.208	3.469984	0.000000
NEARBOUN	0.155556435400 -30.009	  22.847	3.289881	0.000000
NEARBOUN	0.155556445400 -29.389	  21.740	2.983846	0.000000
NEARBOUN	0.155556455400 -27.598	  24.771	3.077418	0.000000
NEARBOUN	0.155556465400 -27.749	  25.226	3.515121	0.000000
NEARBOUN	0.155556475400 -28.092	  25.244	3.413151	0.000000
NEARBOUN	0.155556485400 -29.858	  21.763	3.751479	0.000000
NEARBOUN	0.155556495400 -29.160	  23.999	3.738316	0.000000
NEARBOUN	0.155556505400 -26.385	  26.929	3.562599	0.000000
NEARBOUN	0.155556515400 -24.262	  26.711	3.639443	0.000000
NEARBOUN	0.155556525400 -26.585	  24.749	3.670775	0.000000
NEARBOUN	0.155556535400 -25.331	  28.384	3.383455	0.000000
NEARBOUN	0.155556545400 -22.929	  34.801	4.017636	0.000000
NEARBOUN	0.155556555400 -23.197	  34.190	3.890693	0.000000
NEARBOUN	0.155556565400 -23.693	  30.418	3.724494	0.000000
NEARBOUN	0.155556575400 -24.946	  30.875	3.891247	0.000000
NEARBOUN	0.155556585400 -25.205	  29.128	3.607537	0.000000
NEARBOUN	0.155556595400 -26.260	  29.612	3.228678	0.000000
NEARBOUN	0.155556605400 -23.970	  32.617	3.174338	0.000000
NEARBOUN	0.155556615400 -24.630	  27.721	3.627319	0.000000
NEARBOUN	0.155556625400 -23.661	  25.216	3.173189	0.000000
NEARBOUN	0.155556635400 -25.219	  22.756	3.501122	0.000000
NEARBOUN	0.155556645400 -23.786	  29.171	3.650440	0.000000
NEARBOUN	0.155556655400 -24.728	  31.626	3.637881	0.000000
NEARBOUN	0.155556665400 -25.301	  27.758	3.595951	0.000000
NEARBOUN	0.155556675400 -26.643	  26.603	3.624880	0.000000
NEARBOUN	0.155556685400 -27.265	  25.702	3.452489	0.000000
NEARBOUN	0.155556695400 -24.031	  27.123	3.142598	0.000000
NEARBOUN	0.155556705400 -24.251	  25.514	2.989214	0.000000
NEARBOUN	0.155556715400 -24.544	  29.736	3.320912	0.000000
NEARBOUN	0.155556725400 -26.065	  31.532	3.039160	0.000000
NEARBOUN	0.155556735400 -21.619	  34.209	3.204956	0.000000
NEARBOUN	0.155556745400 -22.639	  34.315	4.009081	0.000000
NEARBOUN	0.155556755400 -25.370	  33.037	3.633145	0.000000
NEARBOUN	0.155556765400 -25.717	  28.642	3.329042	0.000000
NEARBOUN	0.155556775400 -24.084	  27.538	3.461152	0.000000
NEARBOUN	0.155556785400 -24.728	  27.809	3.328838	0.000000
NEARBOUN	0.155556795400 -25.769	  26.896	3.573039	0.000000
NEARBOUN	0.155556805400 -22.979	  26.703	2.888257	0.000000
NEARBOUN	0.155556815400 -23.925	  31.322	3.663167	0.000000
NEARBOUN	0.155556825400 -25.450	  31.194	3.509944	0.000000
NEARBOUN	0.155556835400 -25.461	  31.683	3.150960	0.000000
NEARBOUN	0.155556845400 -26.348	  23.771	3.348471	0.000000
NEARBOUN	0.155556855400 -23.243	  25.026	3.938030	0.000000
NEARBOUN	0.155556865400 -23.196	  25.482	3.297435	0.000000
NEARBOUN	0.155556875400 -23.021	  27.434	3.678171	0.000000
NEARBOUN	0.155556885400 -21.086	  30.380	3.533102	0.000000
NEARBOUN	0.155556895400 -19.000	  32.844	3.281176	0.000000
NEARBOUN	0.155556905400 -22.241	  29.327	3.468445	0.000000
NEARBOUN	0.155556915400 -21.219	  31.518	3.337390	0.000000
NEARBOUN	0.155556925400 -21.576	  32.944	3.635302	0.000000
NEARBOUN	0.155556935400 -21.952	  28.339	3.620041	0.000000
NEARBOUN	0.155556945400 -22.265	  25.283	3.835808	0.000000
NEARBOUN	0.155556955400 -22.283	  29.733	3.420554	0.000000
NEARBOUN	0.155556965400 -22.843	  31.173	2.728391	0.000000
NEARBOUN	0.155556975400 -23.249	  30.679	3.581392	0.000000
NEARBOUN	0.155556985400 -23.865	  31.051	3.851727	0.000000
NEARBOUN	0.155556995400 -23.866	  26.648	3.642229	0.000000
NEARBOUN	0.155557005400 -24.695	  22.330	3.579357	0.000000
NEARBOUN	0.155557015400 -23.286	  27.111	3.175768	0.000000
NEARBOUN	0.155557025400 -23.582	  26.863	2.915913	0.000000
NEARBOUN	0.155557035400 -25.607	  26.915	3.421745	0.000000
NEARBOUN	0.155557045400 -28.857	  23.728	3.305430	0.000000
NEARBOUN	0.155557055400 -28.057	  23.139	2.846038	0.000000
NEARBOUN	0.155557065400 -27.557	  23.583	3.277216	0.000000
NEARBOUN	0.155557075400 -23.900	  23.111	3.458404	0.000000
NEARBOUN	0.155557085400 -19.792	  27.852	3.059469	0.000000
NEARBOUN	0.155557095400 -18.168	  29.269	3.598751	0.000000
NEWBINDING
BBFROMNB	0.156465684600 -16.057	  28.850	3.614334	2.147475
BBFROMNB	0.156465694600 -13.008	  27.283	4.058589	1.889008
BBFROMNB	0.156465704600 -13.571	  22.862	4.290471	1.862434
BBFROMNB	0.156465714600 -12.937	  28.542	3.967835	1.913410
BBFROMNB	0.156465724600 -17.287	  26.985	3.670617	2.170013
BBFROMNB	0.156465734600 -18.340	  26.718	3.541285	2.258680
BBFROMNB	0.156465744600 -20.098	  22.983	3.689659	2.275951
BBFROMNB	0.156465754600 -18.807	  21.808	3.930525	2.155500
BBFROMNB	0.156465764600 -15.618	  27.693	3.796310	2.064753
BBFROMNB	0.156465774600 -17.263	  26.000	3.773237	2.133673
BBFROMNB	0.156465784600 -16.812	  27.403	3.686688	2.146701
BBFROMNB	0.156465794600 -15.352	  28.056	3.789591	2.057487
BBFROMNB	0.156465804600 -15.499	  30.282	3.481456	2.184293
BBFROMNB	0.156465814600 -12.501	  32.140	3.634670	2.022677
BBFROMNB	0.156465824600 -10.347	  32.615	3.796697	1.890252
BBFROMNB	0.156465834600  -4.662	  35.416	3.905476	1.679328
BBFROMNB	0.156465844600  -0.373	  35.715	4.087349	1.482809
BBFROMNB	0.156465854600   1.852	  37.266	4.022702	1.449954
BBFROMNB	0.156465864600   0.344	  36.894	4.002164	1.499740
BBFROMNB	0.156465874600   3.029	  38.895	3.886916	1.481300
BBFROMNB	0.156465884600   3.625	  40.811	3.636466	1.586739
BBFROMNB	0.156465894600   5.676	  39.334	3.921965	1.397047
BBFROMNB	0.156465904600  -1.084	  33.119	4.277051	1.427269
BBFROMNB	0.156465914600  -3.765	  33.014	4.173257	1.547243
BBFROMNB	0.156465924600  -6.065	  34.365	3.928948	1.709889
BBFROMNB	0.156465934600  -5.832	  32.612	4.102912	1.636136
BBFROMNB	0.156465944600  -7.887	  32.298	4.009974	1.733377
BBFROMNB	0.156465954600  -3.510	  35.001	4.011430	1.602917
BBFROMNB	0.156465964600  -1.475	  32.384	4.317406	1.424152
BBFROMNB	0.156465974600   5.571	  37.359	4.125145	1.303733
BBFROMNB	0.156465984600  10.007	  37.938	4.152801	1.172788
BBFROMNB	0.156465994600   7.688	  35.257	4.348240	1.141993
BBFROMNB	0.156466004600   7.934	  36.276	4.269302	1.172138
BBFROMNB	0.156466014600   8.784	  38.919	4.037663	1.261438
BBFROMNB	0.156466024600   7.511	  37.632	4.141533	1.244293
BBFROMNB	0.156466034600   2.131	  36.094	4.143697	1.388993
BBFROMNB	0.156466044600   4.005	  35.889	4.216960	1.304835
BBFROMNB	0.156466054600   4.278	  36.978	4.127343	1.337509
BBFROMNB	0.156466064600   6.765	  38.587	4.031907	1.316324
BBFROMNB	0.156466074600   5.671	  38.233	4.041961	1.340039
BBFROMNB	0.156466084600   8.622	  38.224	4.104938	1.232681
BBFROMNB	0.156466094600   7.213	  39.582	3.932803	1.352844
BBFROMNB	0.156466104600   9.505	  39.431	3.994741	1.264317
BBFROMNB	0.156466114600   5.704	  38.280	4.038051	1.341019
BBFROMNB	0.156466124600   6.179	  36.714	4.197835	1.253630
BBFROMNB	0.156466134600   8.836	  38.089	4.121502	1.218989
BBFROMNB	0.156466144600  12.998	  38.369	4.139369	1.101248
BBFROMNB	0.156466154600  11.624	  36.521	4.294908	1.058332
BBFROMNB	0.156466164600  10.412	  37.952	4.156462	1.160291
BBFROMNB	0.156466174600   6.082	  35.996	4.257585	1.228826
BBFROMNB	0.156466184600   7.393	  38.777	4.025853	1.303011
BBFROMNB	0.156466194600   7.434	  33.462	4.479331	1.089365
BBFROMNB	0.156466204600   6.210	  37.855	4.092804	1.301889
BBFROMNB	0.156466214600   3.427	  37.325	4.069523	1.386658
BBFROMNB	0.156466224600   1.638	  34.553	4.258749	1.354127
BBFROMNB	0.156466234600   0.832	  33.898	4.284621	1.367129
BBFROMNB	0.156466244600  -0.392	  34.972	4.152858	1.456098
BBFROMNB	0.156466254600  -2.714	  35.646	3.988752	1.589738
BBFROMNB	0.156466264600  -0.545	  32.828	4.318851	1.395078
BBFROMNB	0.156466274600   0.608	  37.199	3.981485	1.501724
BBFROMNB	0.156466284600  -0.692	  35.255	4.116215	1.479739
BBFROMNB	0.156466294600  -0.297	  37.633	3.894006	1.564928
BBFROMNB	0.156466304600   1.875	  38.750	3.858468	1.524308
BBFROMNB	0.156466314600  10.550	  40.171	3.925718	1.272735
BBFROMNB	0.156466324600   9.263	  38.702	4.067756	1.234276
BBFROMNB	0.156466334600   4.394	  37.670	4.064260	1.363278
BBFROMNB	0.156466344600   0.271	  36.586	4.030184	1.489459
BBFROMNB	0.156466354600  -1.220	  35.867	4.037358	1.527540
BBFROMNB	0.156466364600  -1.565	  35.267	4.078576	1.520060
BBFROMNB	0.156466374600  -0.375	  36.674	3.994313	1.522697
BBFROMNB	0.156466384600   2.284	  38.458	3.910072	1.489791
BBFROMNB	0.156466394600  -2.094	  35.129	4.067708	1.539556
BBFROMNB	0.156466404600   2.911	  38.429	3.936846	1.461102
BBFROMNB	0.156466414600   2.078	  38.382	3.910702	1.494877
BBFROMNB	0.156466424600   6.449	  37.699	4.113316	1.285899
BBFROMNB	0.156466434600   8.278	  38.858	4.034889	1.275826
BBFROMNB	0.156466444600   7.243	  37.896	4.111236	1.265878
BBFROMNB	0.156466454600   3.997	  36.448	4.167868	1.326897
BBFROMNB	0.156466464600   9.720	  38.549	4.089902	1.211473
BBFROMNB	0.156466474600   4.503	  37.530	4.080992	1.352684
BBFROMNB	0.156466484600   8.827	  40.508	3.854674	1.351159
BBFROMNB	0.156466494600   5.220	  38.893	3.959382	1.390810
BBFROMNB	0.156466504600   3.945	  38.411	3.973916	1.416965
BBFROMNB	0.156466514600   2.214	  36.269	4.130602	1.392399
BBFROMNB	0.156466524600   3.785	  37.484	4.064801	1.379230
BBFROMNB	0.156466534600   1.434	  37.919	3.937488	1.499482
BBFROMNB	0.156466544600   2.697	  39.536	3.791524	1.534813
BBFROMNB	0.156466554600   3.101	  38.302	3.957722	1.446472
BBFROMNB	0.156466564600   7.600	  38.502	4.058457	1.281888
BBFROMNB	0.156466574600   9.258	  37.390	4.192987	1.172880
BBFROMNB	0.156466584600  12.375	  37.542	4.212169	1.080153
BBFROMNB	0.156466594600  13.292	  37.643	4.208254	1.057775
BBFROMNB	0.156466604600  10.054	  39.725	3.970372	1.262617
BBFROMNB	0.156466614600   6.499	  39.203	3.958986	1.358243
BBFROMNB	0.156466624600   6.160	  37.800	4.097046	1.301207
BBFROMNB	0.156466634600   5.303	  39.271	3.918590	1.408135
BBFROMNB	0.156466644600   8.622	  39.104	4.015255	1.276628
BBFROMNB	0.156466654600   7.974	  39.188	3.993797	1.303707
BBFROMNB	0.156466664600   5.194	  38.864	3.961927	1.390284
#[time: 0.19]
#[time: 0.2]
#[time: 0.21]
#[time: 0.22]
#[time: 0.23]
NEWUNBINDING
FARBOUND	0.205255554300   1.756	  39.798	3.877844	0.000000
FARBOUND	0.205255564300  -0.020	  41.630	3.625153	0.000000
FARBOUND	0.205255574300   0.250	  42.320	3.728426	0.000000
FARBOUND	0.205255584300  -0.307	  43.076	3.566458	0.000000
FARBOUND	0.205255594300   0.626	  42.605	3.770863	0.000000
FARBOUND	0.205255604300  -2.340	  41.952	3.976204	0.000000
FARBOUND	0.205255614300   0.589	  40.206	3.872612	0.000000
FARBOUND	0.205255624300   0.637	  42.514	3.478650	0.000000
FARBOUND	0.205255634300   0.577	  42.054	3.340917	0.000000
FARBOUND	0.205255644300   2.517	  43.066	3.532799	0.000000
FARBOUND	0.205255654300   4.575	  42.125	3.642260	0.000000
FARBOUND	0.205255664300   5.177	  41.322	3.744688	0.000000
FARBOUND	0.205255674300  13.817	  38.791	3.297434	0.000000
FARBOUND	0.205255684300  11.344	  39.739	3.597577	0.000000
FARBOUND	0.205255694300   8.490	  38.564	3.773823	0.000000
FARBOUND	0.205255704300  10.675	  39.552	3.494180	0.000000
FARBOUND	0.205255714300   6.780	  41.474	3.753956	0.000000
FARBOUND	0.205255724300   4.308	  41.312	3.682506	0.000000
FARBOUND	0.205255734300   5.104	  40.234	3.818223	0.000000
FARBOUND	0.205255744300   7.410	  38.395	3.886631	0.000000
FARBOUND	0.205255754300   8.933	  38.387	3.943830	0.000000
FARBOUND	0.205255764300   5.214	  40.336	3.987165	0.000000
FARBOUND	0.205255774300   6.312	  38.015	3.916700	0.000000
FARBOUND	0.205255784300   0.334	  39.461	4.081422	0.000000
FARBOUND	0.205255794300  -0.084	  40.622	3.476826	0.000000
FARBOUND	0.205255804300  -7.148	  41.673	3.796721	0.000000
FARBOUND	0.205255814300  -4.389	  42.538	3.546833	0.000000
FARBOUND	0.205255824300  -6.909	  40.476	4.087683	0.000000
FARBOUND	0.205255834300  -3.562	  43.379	3.604394	0.000000
FARBOUND	0.205255844300  -8.311	  39.656	4.117381	0.000000
FARBOUND	0.205255854300  -3.713	  42.720	3.519858	0.000000
FARBOUND	0.205255864300  -8.970	  40.084	4.043791	0.000000
FARBOUND	0.205255874300  -3.463	  41.584	3.641608	0.000000
FARBOUND	0.205255884300   3.227	  39.835	3.756388	0.000000
FARBOUND	0.205255894300  -0.233	  38.360	4.208627	0.000000
FARBOUND	0.205255904300   1.817	  41.184	3.289059	0.000000
FARBOUND	0.205255914300   2.530	  41.135	3.549611	0.000000
FARBOUND	0.205255924300  -1.252	  40.860	3.442939	0.000000
FARBOUND	0.205255934300   0.753	  42.109	3.705190	0.000000
FARBOUND	0.205255944300   0.176	  42.783	3.279790	0.000000
FARBOUND	0.205255954300   0.641	  41.200	3.210311	0.000000
FARBOUND	0.205255964300   3.155	  39.564	3.081549	0.000000
FARBOUND	0.205255974300   0.339	  39.311	3.842005	0.000000
FARBOUND	0.205255984300   4.508	  39.297	3.616251	0.000000
FARBOUND	0.205255994300  10.537	  37.935	2.917888	0.000000
FARBOUND	0.205256004300   8.673	  37.581	3.340768	0.000000
FARBOUND	0.205256014300   5.166	  38.501	3.256226	0.000000
FARBOUND	0.205256024300   8.506	  40.264	3.562309	0.000000
FARBOUND	0.205256034300  14.652	  38.949	3.529282	0.000000
FARBOUND	0.205256044300  13.127	  39.083	3.752971	0.000000
FARBOUND	0.205256054300   9.545	  40.158	3.809725	0.000000
FARBOUND	0.205256064300  14.132	  36.854	3.430389	0.000000
FARBOUND	0.205256074300  14.137	  38.188	3.375722	0.000000
FARBOUND	0.205256084300  15.892	  37.584	3.358899	0.000000
FARBOUND	0.205256094300  18.495	  35.318	2.768207	0.000000
FARBOUND	0.205256104300  13.580	  38.492	3.172560	0.000000
FARBOUND	0.205256114300  12.411	  38.180	3.375892	0.000000
FARBOUND	0.205256124300  12.485	  39.945	3.243377	0.000000
FARBOUND	0.205256134300  13.305	  39.019	3.305083	0.000000
FARBOUND	0.205256144300   3.819	  37.612	3.639061	0.000000
FARBOUND	0.205256154300   0.975	  38.489	3.964866	0.000000
FARBOUND	0.205256164300   1.380	  38.233	3.909593	0.000000
FARBOUND	0.205256174300   4.782	  39.199	4.005623	0.000000
FARBOUND	0.205256184300   8.837	  39.571	4.100043	0.000000
FARBOUND	0.205256194300  11.065	  39.298	4.215554	0.000000
FARBOUND	0.205256204300   9.432	  38.234	3.887659	0.000000
FARBOUND	0.205256214300  12.129	  40.083	3.691251	0.000000
FARBOUND	0.205256224300  10.116	  40.306	3.607485	0.000000
FARBOUND	0.205256234300  10.501	  40.551	3.260283	0.000000
FARBOUND	0.205256244300  14.988	  37.106	3.467518	0.000000
FARBOUND	0.205256254300  19.904	  35.379	3.692927	0.000000
FARBOUND	0.205256264300  17.981	  32.233	3.741133	0.000000
FARBOUND	0.205256274300  19.828	  32.744	3.607578	0.000000
FARBOUND	0.205256284300  21.518	  33.578	3.132949	0.000000
FARBOUND	0.205256294300  25.108	  34.941	2.989105	0.000000
FARBOUND	0.205256304300  20.790	  35.129	3.251619	0.000000
FARBOUND	0.205256314300  18.489	  36.608	3.871957	0.000000
FARBOUND	0.205256324300  22.248	  36.111	3.755563	0.000000
FARBOUND	0.205256334300  20.311	  35.599	3.806651	0.000000
FARBOUND	0.205256344300  21.394	  34.189	3.675412	0.000000
FARBOUND	0.205256354300  20.185	  33.040	3.680416	0.000000
FARBOUND	0.205256364300  21.041	  32.644	3.842462	0.000000
FARBOUND	0.205256374300  21.391	  33.082	3.045816	0.000000
FARBOUND	0.205256384300  20.660	  31.596	3.208624	0.000000
FARBOUND	0.205256394300  19.438	  31.934	3.279681	0.000000
FARBOUND	0.205256404300  14.362	  35.257	3.488043	0.000000
FARBOUND	0.205256414300  12.861	  32.769	3.471355	0.000000
FARBOUND	0.205256424300  12.295	  31.401	3.629779	0.000000
FARBOUND	0.205256434300  14.136	  33.796	3.554146	0.000000
FARBOUND	0.205256444300  19.291	  33.291	3.438173	0.000000
FARBOUND	0.205256454300  21.883	  34.421	3.377290	0.000000
FARBOUND	0.205256464300  22.393	  33.530	3.589430	0.000000
FARBOUND	0.205256474300  25.111	  31.968	3.534223	0.000000
FARBOUND	0.205256484300  21.577	  34.115	3.784533	0.000000
FARBOUND	0.205256494300  19.832	  34.177	3.351850	0.000000
FARBOUND	0.205256504300  22.599	  31.707	3.796603	0.000000
FARBOUND	0.205256514300  24.308	  33.907	3.585530	0.000000
FARBOUND	0.205256524300  23.475	  35.912	3.759056	0.000000
FARBOUND	0.205256534300  21.014	  33.952	3.148237	0.000000
NEWBINDING
BBFROMFB	0.207092602000 -28.077	  19.232	4.033067	2.162597
BBFROMFB	0.207092612000 -26.908	  22.166	3.974923	2.115126
BBFROMFB	0.207092622000 -25.507	  25.340	3.887123	2.077687
BBFROMFB	0.207092632000 -22.376	  30.526	3.716724	2.024092
BBFROMFB	0.207092642000 -21.761	  28.023	4.006292	1.902754
BBFROMFB	0.207092652000 -22.068	  25.009	4.189211	1.867457
BBFROMFB	0.207092662000 -22.177	  23.997	4.240937	1.862103
BBFROMFB	0.207092672000 -23.235	  26.139	4.029250	1.950696
BBFROMFB	0.207092682000 -19.549	  26.039	4.288788	1.747828
BBFROMFB	0.207092692000 -17.553	  25.716	4.419076	1.643995
BBFROMFB	0.207092702000 -10.288	  32.963	4.273227	1.441215
BBFROMFB	0.207092712000 -12.825	  29.337	4.424444	1.471336
BBFROMFB	0.207092722000 -10.329	  31.341	4.389499	1.400379
BBFROMFB	0.207092732000  -5.572	  31.449	4.530085	1.197782
BBFROMFB	0.207092742000  -3.948	  35.219	4.293658	1.247403
BBFROMFB	0.207092752000  -3.570	  37.195	4.131888	1.310029
BBFROMFB	0.207092762000  -5.844	  37.406	4.046235	1.410070
BBFROMFB	0.207092772000 -10.750	  33.610	4.204100	1.481406
BBFROMFB	0.207092782000 -12.837	  32.653	4.188990	1.550020
BBFROMFB	0.207092792000 -13.126	  30.516	4.333204	1.509590
BBFROMFB	0.207092802000 -13.919	  30.259	4.315072	1.541457
BBFROMFB	0.207092812000 -16.159	  29.102	4.283758	1.626311
BBFROMFB	0.207092822000 -16.419	  26.044	4.458362	1.592368
BBFROMFB	0.207092832000 -14.469	  26.865	4.503336	1.508976
BBFROMFB	0.207092842000 -16.263	  28.429	4.322589	1.619083
BBFROMFB	0.207092852000 -14.836	  31.785	4.158412	1.622951
BBFROMFB	0.207092862000  -9.576	  36.444	3.999631	1.531621
BBFROMFB	0.207092872000  -9.583	  34.155	4.206236	1.446108
BBFROMFB	0.207092882000 -15.035	  30.319	4.257227	1.596526
BBFROMFB	0.207092892000 -10.584	  34.885	4.103131	1.516521
BBFROMFB	0.207092902000  -7.699	  34.405	4.252998	1.372325
BBFROMFB	0.207092912000  -6.907	  37.315	4.018773	1.450887
BBFROMFB	0.207092922000  -8.283	  35.883	4.106065	1.450297
BBFROMFB	0.207092932000  -5.880	  39.555	3.798190	1.526226
BBFROMFB	0.207092942000  -4.330	  35.957	4.222988	1.289493
BBFROMFB	0.207092952000  -5.611	  34.607	4.299958	1.292319
BBFROMFB	0.207092962000  -1.687	  38.949	4.001168	1.322403
BBFROMFB	0.207092972000   1.449	  38.426	4.109010	1.188484
BBFROMFB	0.207092982000   3.798	  36.731	4.284078	1.037492
BBFROMFB	0.207092992000   9.366	  39.099	4.062096	1.009591
BBFROMFB	0.207093002000   1.969	  36.888	4.255746	1.101525
BBFROMFB	0.207093012000  -5.386	  37.521	4.049484	1.396362
BBFROMFB	0.207093022000  -3.394	  38.108	4.047649	1.344537
BBFROMFB	0.207093032000  -3.806	  37.933	4.054401	1.352236
BBFROMFB	0.207093042000  -5.634	  37.183	4.074977	1.391444
BBFROMFB	0.207093052000  -4.409	  37.321	4.097901	1.348149
BBFROMFB	0.207093062000  -3.828	  36.735	4.167525	1.300663
BBFROMFB	0.207093072000  -4.088	  31.824	4.540330	1.146825
BBFROMFB	0.207093082000  -4.247	  36.298	4.195669	1.299404
BBFROMFB	0.207093092000  -0.359	  37.503	4.169940	1.206155
BBFROMFB	0.207093102000  -2.756	  37.210	4.149882	1.279803
BBFROMFB	0.207093112000   4.196	  40.058	3.963313	1.192746
BBFROMFB	0.207093122000   1.497	  38.470	4.105292	1.189089
BBFROMFB	0.207093132000   0.448	  37.208	4.209012	1.165578
BBFROMFB	0.207093142000   2.087	  38.637	4.095792	1.178546
BBFROMFB	0.207093152000   5.482	  37.757	4.201266	1.035426
BBFROMFB	0.207093162000  10.742	  37.684	4.186309	0.904392
BBFROMFB	0.207093172000  12.192	  39.421	3.994499	0.975346
BBFROMFB	0.207093182000   4.333	  38.237	4.152662	1.091080
BBFROMFB	0.207093192000  -1.166	  35.531	4.325337	1.154446
BBFROMFB	0.207093202000   0.831	  35.662	4.344425	1.089278
BBFROMFB	0.207093212000   1.749	  36.665	4.272502	1.099161
BBFROMFB	0.207093222000   1.515	  36.320	4.298879	1.092549
BBFROMFB	0.207093232000   3.173	  39.842	3.979920	1.209787
BBFROMFB	0.207093242000   4.604	  38.546	4.124382	1.098715
BBFROMFB	0.207093252000   1.882	  34.943	4.412528	1.026280
BBFROMFB	0.207093262000   1.803	  38.420	4.113923	1.176797
BBFROMFB	0.207093272000  -4.319	  36.394	4.185332	1.306036
BBFROMFB	0.207093282000  -8.423	  36.123	4.078556	1.465919
BBFROMFB	0.207093292000  -5.995	  38.878	3.880091	1.490517
BBFROMFB	0.207093302000  -6.715	  39.290	3.797563	1.547721
BBFROMFB	0.207093312000  -7.399	  37.003	4.032161	1.458150
BBFROMFB	0.207093322000  -9.865	  34.786	4.142045	1.480069
BBFROMFB	0.207093332000 -10.468	  35.670	4.035754	1.541026
BBFROMFB	0.207093342000 -11.175	  36.943	3.866551	1.633085
BBFROMFB	0.207093352000  -7.788	  38.139	3.894318	1.530476
BBFROMFB	0.207093362000  -8.169	  34.355	4.241278	1.390782
BBFROMFB	0.207093372000  -6.673	  36.637	4.093327	1.411427
BBFROMFB	0.207093382000  -1.736	  37.232	4.169626	1.243157
BBFROMFB	0.207093392000  -3.728	  37.822	4.067592	1.344015
BBFROMFB	0.207093402000  -7.885	  34.955	4.201580	1.398872
BBFROMFB	0.207093412000  -9.321	  32.767	4.323867	1.392747
BBFROMFB	0.207093422000  -8.227	  30.687	4.505151	1.292358
BBFROMFB	0.207093432000  -6.160	  33.618	4.360933	1.283048
BBFROMFB	0.207093442000  -7.017	  35.613	4.174491	1.385706
BBFROMFB	0.207093452000  -4.091	  36.783	4.156534	1.312828
BBFROMFB	0.207093462000   1.798	  38.434	4.112498	1.177648
BBFROMFB	0.207093472000   6.335	  38.215	4.160068	1.034818
BBFROMFB	0.207093482000   3.648	  40.562	3.899318	1.239448
BBFROMFB	0.207093492000  -1.882	  37.693	4.123799	1.268743
BBFROMFB	0.207093502000  -9.437	  34.975	4.142760	1.467514
BBFROMFB	0.207093512000  -5.815	  37.652	4.022381	1.420127
BBFROMFB	0.207093522000 -10.668	  36.000	3.994208	1.564083
BBFROMFB	0.207093532000  -9.997	  33.635	4.232186	1.448155
BBFROMFB	0.207093542000  -7.006	  36.511	4.093788	1.420319
BBFROMFB	0.207093552000  -1.423	  33.531	4.473186	1.094109
BBFROMFB	0.207093562000   3.153	  29.284	4.808313	0.791646
BBFROMFB	0.207093572000   5.103	  36.656	4.296256	0.995632
BBFROMFB	0.207093582000   4.672	  36.363	4.319166	0.995446
#[time: 0.24]
#[time: 0.25]
#[time: 0.26]
#[time: 0.27]
#[time: 0.28]
#[time: 0.29]
#[time: 0.3]
#[time: 0.31]
#[time: 0.32]
#[time: 0.33]
#[time: 0.34]
#[time: 0.35]
#[time: 0.36]
#[time: 0.37]
#[time: 0.38]
NEWUNBINDING
NEWBINDING
#[time: 0.39]
#[time: 0.4]
NEWUNBINDING
NEWBINDING
NEWUNBINDING
NEWBINDING
#[time: 0.41]
#[time: 0.42]
#[time: 0.43]
#[time: 0.44]
#[time: 0.45]
#[time: 0.46]
#[time: 0.47]
NEWUNBINDING
NEWBINDING
#[time: 0.48]
#[time: 0.49]
#[time: 0.5]
#[time: 0.51]
#[time: 0.52]
#[time: 0.53]
#[time: 0.54]
#[time: 0.55]
#[time: 0.56]
#[time: 0.57]
#[time: 0.58]
#[time: 0.59]
#[time: 0.6]
#[time: 0.61]
NEWUNBINDING
NEWBINDING
NEWUNBINDING
NEWBINDING
#[time: 0.62]
#[time: 0.63]
#[time: 0.64]
#[time: 0.65]
#[time: 0.66]
#[time: 0.67]
#[time: 0.68]
#[time: 0.69]
#[time: 0.7]
#[time: 0.71]
#[time: 0.72]
#[time: 0.73]
#[time: 0.74]
#[time: 0.75]
NEWUNBINDING
NEWBINDING
#[time: 0.76]
#[time: 0.77]
#[time: 0.78]
#[time: 0.79]
#[time: 0.8]
#[time: 0.81]
#[time: 0.82]
#[time: 0.83]
#[time: 0.84]
#[time: 0.85]
#[time: 0.86]
#[time: 0.87]
#[time: 0.88]
#[time: 0.89]
#[time: 0.9]
#[time: 0.91]
#[time: 0.92]
#[time: 0.93]
NEWUNBINDING
NEWBINDING
#[time: 0.94]
#[time: 0.95]
#[time: 0.96]
#[time: 0.97]
#[time: 0.98]
#[time: 0.99]
#[time: 1]
NEWUNBINDING
NEWBINDING
#[time: 1.01]
NEWUNBINDING
NEWBINDING
#[time: 1.02]
#[time: 1.03]
#[time: 1.04]
#[time: 1.05]
#[time: 1.06]
#[time: 1.07]
#[time: 1.08]
#[time: 1.09]
#[time: 1.1]
#[time: 1.11]
#[time: 1.12]
NEWUNBINDING
NEWBINDING
#[time: 1.13]
NEWUNBINDING
NEWBINDING
#[time: 1.14]
#[time: 1.15]
#[time: 1.16]
#[time: 1.17]
#[time: 1.18]
#[time: 1.19]
#[time: 1.2]
#[time: 1.21]
#[time: 1.22]
#[time: 1.23]
#[time: 1.24]
#[time: 1.25]
#[time: 1.26]
#[time: 1.27]
NEWUNBINDING
NEWBINDING
NEWUNBINDING
NEWBINDING
#[time: 1.28]
#[time: 1.29]
#[time: 1.3]
#[time: 1.31]
#[time: 1.32]
#[time: 1.33]
#[time: 1.34]
#[time: 1.35]
#[time: 1.36]
#[time: 1.37]
#[time: 1.38]
#[time: 1.39]
#[time: 1.4]
#[time: 1.41]
#[time: 1.42]
#[time: 1.43]
#[time: 1.44]
#[time: 1.45]
#[time: 1.46]
#[time: 1.47]
#[time: 1.48]
NEWUNBINDING
NEWBINDING
#[time: 1.49]
#[time: 1.5]
#[time: 1.51]
#[time: 1.52]
#[time: 1.53]
#[time: 1.54]
#[time: 1.55]
#[time: 1.56]
#[time: 1.57]
#[time: 1.58]
#[time: 1.59]
#[time: 1.6]
#[time: 1.61]
#[time: 1.62]
#[time: 1.63]
#[time: 1.64]
#[time: 1.65]
#[time: 1.66]
#[time: 1.67]
NEWUNBINDING
NEWBINDING
#[time: 1.68]
#[time: 1.69]
#[time: 1.7]
#[time: 1.71]
#[time: 1.72]
#[time: 1.73]
#[time: 1.74]
NEWUNBINDING
NEWBINDING
#[time: 1.75]
NEWUNBINDING
NEWBINDING
#[time: 1.76]
#[time: 1.77]
#[time: 1.78]
#[time: 1.79]
#[time: 1.8]
#[time: 1.81]
#[time: 1.82]
#[time: 1.83]
#[time: 1.84]
#[time: 1.85]
NEWUNBINDING
NEWBINDING
NEWUNBINDING
NEWBINDING
#[time: 1.86]
#[time: 1.87]
#[time: 1.88]
#[time: 1.89]
NEWUNBINDING
NEWBINDING
NEWUNBINDING
NEWBINDING
#[time: 1.9]
#[time: 1.91]
#[time: 1.92]
#[time: 1.93]
#[time: 1.94]
#[time: 1.95]
NEWUNBINDING
NEWBINDING
#[time: 1.96]
#[time: 1.97]
#[time: 1.98]
#[time: 1.99]
