# command line: ./generate_stepping_data --ct 0.36 --k_b 3000000.0 --eqb 120.0 --angle-logging-mode --k_ub 30.0 --label paper_stroke_angles_1 --runtime 2.0 --exp-unbinding-constant -0.35 --nomovie --eqmpre 197.0 --ls 20.75 --framerate 1e-10 --seed 1 --rt 8 --rm 11 --cm 1.05 --eqmpost 242.0 --rb 3.5 --eqt 0.0 --dt 1e-10 --cb 0.08 --lt 23.0 --force 0



#********paper_stroke_angles_1__k_b-3e+06,k_ub-30,c--0.35,cb-0.08,cm-1.05,ct-0.36,ls-20.75,lt-23,seed-1,dt-1e-10********
#state, time, tx displacement, ty displacement, recently bound motor angle, recently bound binding angle
#[time: 0]
#[time: 0.01]
#[time: 0.02]
#[time: 0.03]
#[time: 0.04]
#[time: 0.05]
#[time: 0.06]
#[time: 0.07]
#[time: 0.08]
#[time: 0.09]
NEWUNBINDING
NEARBOUN	0.051267474800  -7.810	  37.584	4.191481	0.000000
NEARBOUN	0.051267484800  -4.253	  40.701	3.288468	0.000000
NEARBOUN	0.051267494800 -12.442	  36.765	3.970338	0.000000
NEARBOUN	0.051267504800  -9.748	  36.759	4.194055	0.000000
NEARBOUN	0.051267514800  -8.797	  37.903	3.425143	0.000000
NEARBOUN	0.051267524800 -10.253	  33.794	3.344527	0.000000
NEARBOUN	0.051267534800 -12.192	  34.341	3.702945	0.000000
NEARBOUN	0.051267544800 -10.611	  38.222	3.224150	0.000000
NEARBOUN	0.051267554800 -10.868	  36.163	3.829860	0.000000
NEARBOUN	0.051267564800 -10.576	  37.051	3.500929	0.000000
NEARBOUN	0.051267574800 -14.844	  35.750	3.440896	0.000000
NEARBOUN	0.051267584800 -13.276	  38.248	3.687923	0.000000
NEARBOUN	0.051267594800 -18.455	  36.782	3.596725	0.000000
NEARBOUN	0.051267604800 -17.479	  36.280	3.205781	0.000000
NEARBOUN	0.051267614800 -20.615	  30.792	4.073292	0.000000
NEARBOUN	0.051267624800 -21.974	  29.719	3.282329	0.000000
NEARBOUN	0.051267634800 -19.997	  34.648	3.041251	0.000000
NEARBOUN	0.051267644800 -21.665	  28.785	3.044279	0.000000
NEARBOUN	0.051267654800 -20.442	  28.749	3.752768	0.000000
NEARBOUN	0.051267664800 -21.754	  34.158	3.498237	0.000000
NEARBOUN	0.051267674800 -20.205	  35.097	3.541223	0.000000
NEARBOUN	0.051267684800 -17.452	  37.415	3.269456	0.000000
NEARBOUN	0.051267694800 -15.875	  38.286	3.191117	0.000000
NEARBOUN	0.051267704800 -16.507	  38.430	3.620038	0.000000
NEARBOUN	0.051267714800 -16.397	  39.532	3.693008	0.000000
NEARBOUN	0.051267724800 -14.429	  40.755	3.742700	0.000000
NEARBOUN	0.051267734800 -14.828	  40.231	3.728668	0.000000
NEARBOUN	0.051267744800 -13.840	  39.323	3.740134	0.000000
NEARBOUN	0.051267754800 -14.839	  38.358	3.814990	0.000000
NEARBOUN	0.051267764800 -13.609	  37.260	3.511969	0.000000
NEARBOUN	0.051267774800 -14.535	  35.601	3.435740	0.000000
NEARBOUN	0.051267784800 -10.495	  35.594	2.882780	0.000000
NEARBOUN	0.051267794800 -10.103	  38.199	3.225573	0.000000
NEARBOUN	0.051267804800 -12.387	  34.477	3.888942	0.000000
NEARBOUN	0.051267814800  -9.335	  38.526	3.510173	0.000000
NEARBOUN	0.051267824800 -13.275	  36.935	3.403904	0.000000
NEARBOUN	0.051267834800 -14.103	  34.426	3.640243	0.000000
NEARBOUN	0.051267844800 -10.853	  38.555	3.180877	0.000000
NEARBOUN	0.051267854800  -8.615	  39.715	3.006475	0.000000
NEARBOUN	0.051267864800 -11.812	  38.587	3.487411	0.000000
NEARBOUN	0.051267874800 -13.715	  36.516	3.994717	0.000000
NEARBOUN	0.051267884800 -11.407	  36.912	3.860183	0.000000
NEARBOUN	0.051267894800 -13.890	  35.869	3.268605	0.000000
NEARBOUN	0.051267904800 -14.010	  36.615	3.199366	0.000000
NEARBOUN	0.051267914800 -13.985	  33.819	3.477582	0.000000
NEARBOUN	0.051267924800 -17.850	  34.823	3.113640	0.000000
NEARBOUN	0.051267934800 -24.331	  27.490	3.727810	0.000000
NEARBOUN	0.051267944800 -25.861	  26.024	3.307216	0.000000
NEARBOUN	0.051267954800 -26.249	  28.403	3.319240	0.000000
NEARBOUN	0.051267964800 -25.305	  29.908	3.405358	0.000000
NEARBOUN	0.051267974800 -22.013	  31.595	3.635361	0.000000
NEARBOUN	0.051267984800 -26.017	  29.870	3.614121	0.000000
NEARBOUN	0.051267994800 -29.361	  26.631	3.899935	0.000000
NEARBOUN	0.051268004800 -30.215	  28.175	4.126695	0.000000
NEARBOUN	0.051268014800 -32.084	  27.812	3.444696	0.000000
NEARBOUN	0.051268024800 -32.586	  24.564	3.155310	0.000000
NEARBOUN	0.051268034800 -30.380	  27.670	3.117550	0.000000
NEARBOUN	0.051268044800 -30.363	  27.164	3.216214	0.000000
NEARBOUN	0.051268054800 -30.995	  27.072	3.291470	0.000000
NEARBOUN	0.051268064800 -30.457	  29.497	3.540771	0.000000
NEARBOUN	0.051268074800 -28.230	  29.082	3.298326	0.000000
NEARBOUN	0.051268084800 -29.392	  30.156	3.718725	0.000000
NEARBOUN	0.051268094800 -27.745	  29.587	3.486734	0.000000
NEARBOUN	0.051268104800 -29.200	  24.992	3.316335	0.000000
NEARBOUN	0.051268114800 -33.139	  21.997	3.356080	0.000000
NEARBOUN	0.051268124800 -32.416	  25.168	3.111221	0.000000
NEARBOUN	0.051268134800 -33.575	  20.596	3.170795	0.000000
NEARBOUN	0.051268144800 -34.108	  16.779	3.374401	0.000000
NEARBOUN	0.051268154800 -33.250	  17.109	3.161049	0.000000
NEARBOUN	0.051268164800 -33.948	  17.789	3.897713	0.000000
NEARBOUN	0.051268174800 -31.747	  19.253	3.714647	0.000000
NEARBOUN	0.051268184800 -30.696	  21.779	2.936187	0.000000
NEARBOUN	0.051268194800 -31.233	  18.700	3.381006	0.000000
NEARBOUN	0.051268204800 -30.541	  14.307	3.528287	0.000000
NEARBOUN	0.051268214800 -29.782	  13.156	3.244692	0.000000
NEARBOUN	0.051268224800 -25.511	  16.833	3.235138	0.000000
NEARBOUN	0.051268234800 -25.187	  17.263	3.542789	0.000000
NEARBOUN	0.051268244800 -26.926	  19.873	3.148428	0.000000
NEARBOUN	0.051268254800 -25.401	  25.140	3.587685	0.000000
NEARBOUN	0.051268264800 -28.670	  17.845	3.872688	0.000000
NEARBOUN	0.051268274800 -32.156	  18.771	3.711167	0.000000
NEARBOUN	0.051268284800 -32.986	  14.965	4.097420	0.000000
NEARBOUN	0.051268294800 -32.751	  14.486	3.705110	0.000000
NEARBOUN	0.051268304800 -31.877	  11.738	3.980635	0.000000
NEARBOUN	0.051268314800 -32.653	  16.790	3.426834	0.000000
NEARBOUN	0.051268324800 -34.876	  17.226	3.132591	0.000000
NEARBOUN	0.051268334800 -34.278	  21.910	3.081225	0.000000
NEARBOUN	0.051268344800 -31.524	  20.149	3.346990	0.000000
NEARBOUN	0.051268354800 -33.906	  17.460	3.131880	0.000000
NEARBOUN	0.051268364800 -34.912	  15.415	3.383130	0.000000
NEARBOUN	0.051268374800 -34.420	  19.812	3.324276	0.000000
NEARBOUN	0.051268384800 -34.989	  17.573	3.191753	0.000000
NEARBOUN	0.051268394800 -35.518	  18.299	3.646273	0.000000
NEARBOUN	0.051268404800 -33.324	  20.507	3.580691	0.000000
NEARBOUN	0.051268414800 -33.221	  21.982	3.358687	0.000000
NEARBOUN	0.051268424800 -33.839	  18.569	3.224529	0.000000
NEARBOUN	0.051268434800 -33.658	  18.100	3.205141	0.000000
NEARBOUN	0.051268444800 -33.387	  14.641	3.634412	0.000000
NEARBOUN	0.051268454800 -32.647	  18.540	3.772054	0.000000
NEWBINDING
BBFROMNB	0.054572694700 -19.147	  24.595	3.805855	2.154973
BBFROMNB	0.054572704700 -19.705	  22.859	3.878965	2.158642
BBFROMNB	0.054572714700 -20.812	  22.061	3.813926	2.224062
BBFROMNB	0.054572724700 -16.904	  23.655	4.082835	1.993244
BBFROMNB	0.054572734700 -14.984	  20.500	4.384640	1.869477
BBFROMNB	0.054572744700 -18.234	  17.542	4.286433	2.039121
BBFROMNB	0.054572754700 -16.880	  18.547	4.342619	1.966590
BBFROMNB	0.054572764700 -16.141	  25.982	3.990486	1.984303
BBFROMNB	0.054572774700 -14.941	  22.715	4.279405	1.876243
BBFROMNB	0.054572784700 -15.969	  25.250	4.055552	1.961013
BBFROMNB	0.054572794700 -12.444	  27.291	4.172742	1.797815
BBFROMNB	0.054572804700 -12.105	  33.268	3.648443	1.971455
BBFROMNB	0.054572814700  -7.917	  34.546	3.859136	1.760387
BBFROMNB	0.054572824700  -8.088	  35.440	3.738797	1.815984
BBFROMNB	0.054572834700 -11.170	  31.987	3.884817	1.847978
BBFROMNB	0.054572844700 -11.342	  31.688	3.900695	1.847468
BBFROMNB	0.054572854700 -13.098	  30.620	3.860272	1.918634
BBFROMNB	0.054572864700 -12.914	  30.957	3.842957	1.919008
BBFROMNB	0.054572874700 -13.156	  25.528	4.238415	1.809301
BBFROMNB	0.054572884700 -10.814	  27.880	4.234446	1.722624
BBFROMNB	0.054572894700  -6.700	  30.994	4.240136	1.581372
BBFROMNB	0.054572904700  -6.005	  31.939	4.203285	1.571860
BBFROMNB	0.054572914700  -3.560	  33.985	4.151518	1.516924
BBFROMNB	0.054572924700   0.930	  35.967	4.151410	1.388769
BBFROMNB	0.054572934700   2.024	  37.596	4.032657	1.411802
BBFROMNB	0.054572944700  -0.631	  33.501	4.302831	1.371019
BBFROMNB	0.054572954700  -1.397	  35.440	4.114875	1.469458
BBFROMNB	0.054572964700  -4.349	  32.027	4.271897	1.495928
BBFROMNB	0.054572974700  -3.962	  35.111	4.032799	1.576011
BBFROMNB	0.054572984700  -1.432	  35.313	4.124866	1.466265
BBFROMNB	0.054572994700   1.973	  35.441	4.228703	1.326153
BBFROMNB	0.054573004700   2.515	  37.407	4.066917	1.383118
BBFROMNB	0.054573014700   2.323	  36.642	4.133699	1.358181
BBFROMNB	0.054573024700   5.965	  37.118	4.179938	1.238303
BBFROMNB	0.054573034700   5.794	  36.247	4.252700	1.208906
BBFROMNB	0.054573044700   6.818	  37.527	4.158736	1.225524
BBFROMNB	0.054573054700   5.569	  39.347	3.946610	1.360192
BBFROMNB	0.054573064700   3.063	  36.889	4.132117	1.338771
BBFROMNB	0.054573074700  -0.546	  34.655	4.213959	1.404205
BBFROMNB	0.054573084700  -0.702	  34.327	4.235378	1.400015
BBFROMNB	0.054573094700  -0.442	  33.437	4.314025	1.360984
BBFROMNB	0.054573104700   0.073	  34.638	4.236445	1.377097
BBFROMNB	0.054573114700   1.198	  36.230	4.136500	1.387823
BBFROMNB	0.054573124700   1.615	  37.352	4.043619	1.417755
BBFROMNB	0.054573134700  -5.413	  33.599	4.097633	1.592556
BBFROMNB	0.054573144700  -3.506	  34.567	4.103788	1.534227
BBFROMNB	0.054573154700  -3.676	  35.463	4.012975	1.576099
BBFROMNB	0.054573164700  -3.435	  36.907	3.872917	1.629242
BBFROMNB	0.054573174700  -4.341	  32.342	4.248658	1.503974
BBFROMNB	0.054573184700  -2.865	  34.541	4.134070	1.503530
BBFROMNB	0.054573194700  -0.471	  37.645	3.933975	1.522667
BBFROMNB	0.054573204700  -4.769	  33.938	4.099963	1.572588
BBFROMNB	0.054573214700  -6.756	  32.651	4.108552	1.629018
BBFROMNB	0.054573224700  -4.173	  33.930	4.128743	1.543834
BBFROMNB	0.054573234700  -4.551	  36.149	3.896093	1.649749
BBFROMNB	0.054573244700  -5.403	  34.948	3.973775	1.641263
BBFROMNB	0.054573254700  -4.815	  34.443	4.052689	1.592524
BBFROMNB	0.054573264700  -4.998	  35.897	3.898067	1.661315
BBFROMNB	0.054573274700  -2.729	  37.616	3.826890	1.630738
BBFROMNB	0.054573284700   3.740	  39.314	3.898988	1.429584
BBFROMNB	0.054573294700   0.182	  36.824	4.045405	1.455588
BBFROMNB	0.054573304700  -3.502	  32.467	4.274417	1.468758
BBFROMNB	0.054573314700  -1.654	  36.406	4.013103	1.519764
BBFROMNB	0.054573324700  -0.921	  34.947	4.176110	1.430530
BBFROMNB	0.054573334700  -1.912	  36.214	4.020909	1.523536
BBFROMNB	0.054573344700  -0.371	  36.735	4.033132	1.476005
BBFROMNB	0.054573354700   0.901	  38.079	3.941620	1.482968
BBFROMNB	0.054573364700   1.061	  36.286	4.126902	1.395794
BBFROMNB	0.054573374700  -3.288	  34.351	4.132268	1.516536
BBFROMNB	0.054573384700  -5.081	  35.788	3.905072	1.660670
BBFROMNB	0.054573394700  -7.186	  32.082	4.132140	1.633799
BBFROMNB	0.054573404700  -1.351	  37.421	3.919612	1.552543
BBFROMNB	0.054573414700  -3.159	  34.803	4.098344	1.526410
BBFROMNB	0.054573424700  -1.731	  36.626	3.987527	1.532933
BBFROMNB	0.054573434700  -2.630	  37.286	3.872090	1.607913
BBFROMNB	0.054573444700  -5.352	  32.837	4.164063	1.565773
BBFROMNB	0.054573454700  -3.277	  37.278	3.837690	1.640559
BBFROMNB	0.054573464700  -7.428	  30.831	4.215540	1.613040
BBFROMNB	0.054573474700  -4.371	  28.626	4.499696	1.423578
BBFROMNB	0.054573484700  -2.799	  28.426	4.571094	1.348114
BBFROMNB	0.054573494700  -0.342	  30.305	4.535701	1.275753
BBFROMNB	0.054573504700  -0.384	  29.398	4.591828	1.258230
BBFROMNB	0.054573514700   3.108	  33.575	4.405023	1.218165
BBFROMNB	0.054573524700   3.362	  34.709	4.324851	1.244971
BBFROMNB	0.054573534700   2.672	  37.407	4.071647	1.376754
BBFROMNB	0.054573544700   2.423	  35.452	4.240482	1.308355
BBFROMNB	0.054573554700   0.534	  36.107	4.125615	1.410907
BBFROMNB	0.054573564700   0.944	  35.244	4.214330	1.361423
BBFROMNB	0.054573574700   0.718	  36.509	4.094812	1.419272
BBFROMNB	0.054573584700   5.133	  38.000	4.078847	1.308171
BBFROMNB	0.054573594700   4.431	  32.396	4.518759	1.130289
BBFROMNB	0.054573604700   8.803	  35.766	4.339422	1.084156
BBFROMNB	0.054573614700   3.182	  32.426	4.489143	1.181107
BBFROMNB	0.054573624700   4.656	  36.867	4.174473	1.276236
BBFROMNB	0.054573634700   5.571	  34.877	4.359626	1.166085
BBFROMNB	0.054573644700   8.049	  35.561	4.346180	1.102040
BBFROMNB	0.054573654700   7.061	  37.262	4.187137	1.205420
BBFROMNB	0.054573664700   2.159	  32.127	4.484736	1.214553
BBFROMNB	0.054573674700   0.698	  32.120	4.445110	1.275414
#[time: 0.1]
#[time: 0.11]
NEWUNBINDING
FARBOUND	0.099939077500 -14.323	  36.693	4.214168	0.000000
FARBOUND	0.099939087500 -15.384	  36.177	3.772768	0.000000
FARBOUND	0.099939097500 -19.966	  35.734	3.784614	0.000000
FARBOUND	0.099939107500 -17.236	  38.772	2.936487	0.000000
FARBOUND	0.099939117500 -23.155	  30.560	3.457454	0.000000
FARBOUND	0.099939127500 -19.860	  35.691	3.494202	0.000000
FARBOUND	0.099939137500 -20.295	  31.054	3.742701	0.000000
FARBOUND	0.099939147500 -23.657	  28.934	3.332168	0.000000
FARBOUND	0.099939157500 -24.050	  31.759	3.108163	0.000000
FARBOUND	0.099939167500 -25.626	  29.400	3.508473	0.000000
FARBOUND	0.099939177500 -21.133	  34.235	3.086804	0.000000
FARBOUND	0.099939187500 -25.088	  30.702	3.042258	0.000000
FARBOUND	0.099939197500 -25.723	  32.842	2.948642	0.000000
FARBOUND	0.099939207500 -29.525	  28.376	3.385312	0.000000
FARBOUND	0.099939217500 -33.455	  19.631	3.379161	0.000000
FARBOUND	0.099939227500 -35.135	  17.383	3.449710	0.000000
FARBOUND	0.099939237500 -34.764	  17.393	3.284881	0.000000
FARBOUND	0.099939247500 -36.826	  15.687	2.979680	0.000000
FARBOUND	0.099939257500 -34.992	  18.444	3.292290	0.000000
FARBOUND	0.099939267500 -33.799	  21.009	2.866666	0.000000
FARBOUND	0.099939277500 -34.947	  19.010	3.375369	0.000000
FARBOUND	0.099939287500 -31.247	  18.814	3.738821	0.000000
FARBOUND	0.099939297500 -34.750	  19.423	3.405495	0.000000
FARBOUND	0.099939307500 -35.529	  17.417	3.590725	0.000000
FARBOUND	0.099939317500 -32.594	  20.274	2.979598	0.000000
FARBOUND	0.099939327500 -34.222	  19.438	3.421583	0.000000
FARBOUND	0.099939337500 -33.562	  18.228	3.467532	0.000000
FARBOUND	0.099939347500 -34.220	  19.320	3.506778	0.000000
FARBOUND	0.099939357500 -37.071	  16.585	3.297580	0.000000
FARBOUND	0.099939367500 -36.695	  15.780	3.598707	0.000000
FARBOUND	0.099939377500 -33.720	  20.230	3.387956	0.000000
FARBOUND	0.099939387500 -32.164	  17.795	3.666903	0.000000
FARBOUND	0.099939397500 -32.729	  21.102	3.789159	0.000000
FARBOUND	0.099939407500 -32.076	  15.554	3.222707	0.000000
FARBOUND	0.099939417500 -33.500	  13.705	3.697745	0.000000
FARBOUND	0.099939427500 -34.757	  14.255	3.016337	0.000000
FARBOUND	0.099939437500 -34.104	  16.871	3.192384	0.000000
FARBOUND	0.099939447500 -33.743	  15.859	3.171322	0.000000
FARBOUND	0.099939457500 -34.028	  17.527	3.005587	0.000000
FARBOUND	0.099939467500 -34.590	  14.914	3.212873	0.000000
FARBOUND	0.099939477500 -35.413	  12.672	3.124711	0.000000
FARBOUND	0.099939487500 -32.113	   9.431	3.053008	0.000000
FARBOUND	0.099939497500 -31.136	  11.868	3.263779	0.000000
FARBOUND	0.099939507500 -30.292	  12.242	3.462235	0.000000
FARBOUND	0.099939517500 -28.282	  15.214	3.553474	0.000000
FARBOUND	0.099939527500 -28.885	  16.949	3.307957	0.000000
FARBOUND	0.099939537500 -26.369	  16.492	3.231723	0.000000
FARBOUND	0.099939547500 -28.617	  15.769	3.067835	0.000000
FARBOUND	0.099939557500 -31.223	  14.742	3.514656	0.000000
FARBOUND	0.099939567500 -32.178	  12.568	3.572676	0.000000
FARBOUND	0.099939577500 -31.961	  12.322	3.598894	0.000000
FARBOUND	0.099939587500 -33.167	  18.185	3.470616	0.000000
FARBOUND	0.099939597500 -33.547	  16.834	3.136185	0.000000
FARBOUND	0.099939607500 -32.590	  16.425	3.660983	0.000000
FARBOUND	0.099939617500 -29.140	  11.741	3.300277	0.000000
FARBOUND	0.099939627500 -30.463	  14.377	3.161495	0.000000
FARBOUND	0.099939637500 -32.133	  18.184	3.215936	0.000000
FARBOUND	0.099939647500 -31.432	  17.910	3.245631	0.000000
FARBOUND	0.099939657500 -34.021	  25.794	3.358542	0.000000
FARBOUND	0.099939667500 -33.360	  25.989	3.721568	0.000000
FARBOUND	0.099939677500 -30.994	  25.940	3.570935	0.000000
FARBOUND	0.099939687500 -27.846	  22.002	3.231096	0.000000
FARBOUND	0.099939697500 -27.461	  23.661	3.807194	0.000000
FARBOUND	0.099939707500 -28.002	  21.517	3.628649	0.000000
FARBOUND	0.099939717500 -30.697	  18.513	3.331591	0.000000
FARBOUND	0.099939727500 -31.298	  17.824	3.402666	0.000000
FARBOUND	0.099939737500 -30.930	  16.688	3.516482	0.000000
FARBOUND	0.099939747500 -30.066	  14.540	3.187567	0.000000
FARBOUND	0.099939757500 -30.152	  19.579	2.786600	0.000000
FARBOUND	0.099939767500 -32.457	  18.536	2.825947	0.000000
FARBOUND	0.099939777500 -35.760	  16.427	3.508642	0.000000
FARBOUND	0.099939787500 -38.757	  14.340	3.270921	0.000000
FARBOUND	0.099939797500 -37.992	  12.127	3.221997	0.000000
FARBOUND	0.099939807500 -34.144	  16.651	3.061915	0.000000
FARBOUND	0.099939817500 -31.270	  18.686	3.354740	0.000000
FARBOUND	0.099939827500 -30.171	  23.032	3.886944	0.000000
FARBOUND	0.099939837500 -29.817	  27.566	3.671122	0.000000
FARBOUND	0.099939847500 -29.661	  29.256	3.802115	0.000000
FARBOUND	0.099939857500 -27.359	  32.579	3.272752	0.000000
FARBOUND	0.099939867500 -28.110	  33.158	3.249793	0.000000
FARBOUND	0.099939877500 -26.280	  27.177	3.744706	0.000000
FARBOUND	0.099939887500 -22.859	  29.630	3.437957	0.000000
FARBOUND	0.099939897500 -20.987	  29.608	3.414508	0.000000
FARBOUND	0.099939907500 -20.942	  32.609	3.142260	0.000000
FARBOUND	0.099939917500 -23.520	  30.352	3.310784	0.000000
FARBOUND	0.099939927500 -21.444	  32.172	3.437746	0.000000
FARBOUND	0.099939937500 -17.721	  33.018	3.844540	0.000000
FARBOUND	0.099939947500 -15.899	  35.423	3.817400	0.000000
FARBOUND	0.099939957500 -13.499	  37.521	4.147405	0.000000
FARBOUND	0.099939967500 -17.236	  36.735	4.041239	0.000000
FARBOUND	0.099939977500 -13.815	  35.209	3.301261	0.000000
FARBOUND	0.099939987500 -10.100	  35.437	3.075975	0.000000
FARBOUND	0.099939997500 -10.246	  35.430	3.744270	0.000000
FARBOUND	0.099940007500 -12.819	  29.467	3.055953	0.000000
FARBOUND	0.099940017500 -12.204	  29.883	3.215063	0.000000
FARBOUND	0.099940027500 -13.165	  35.601	3.389955	0.000000
FARBOUND	0.099940037500 -13.928	  35.179	3.668269	0.000000
FARBOUND	0.099940047500 -14.910	  34.180	3.758002	0.000000
FARBOUND	0.099940057500 -15.022	  36.799	3.859249	0.000000
NEWBINDING
BBFROMFB	0.100130075600 -26.215	  10.974	4.058312	2.374468
BBFROMFB	0.100130085600 -26.850	   9.895	4.023942	2.423418
BBFROMFB	0.100130095600 -26.192	  15.237	3.903361	2.355636
BBFROMFB	0.100130105600 -24.896	  17.706	3.925240	2.275389
BBFROMFB	0.100130115600 -23.937	  21.398	3.805654	2.248181
BBFROMFB	0.100130125600 -24.513	  17.878	3.956752	2.250648
BBFROMFB	0.100130135600 -22.952	  20.561	3.966488	2.168152
BBFROMFB	0.100130145600 -22.139	  22.282	3.939844	2.135284
BBFROMFB	0.100130155600 -19.947	  25.153	3.949054	2.040704
BBFROMFB	0.100130165600 -21.113	  28.073	3.511513	2.235764
BBFROMFB	0.100130175600 -19.262	  29.376	3.619418	2.127234
BBFROMFB	0.100130185600 -19.535	  27.727	3.773310	2.079213
BBFROMFB	0.100130195600 -18.158	  30.540	3.612320	2.093261
BBFROMFB	0.100130205600 -16.076	  26.640	4.150340	1.840083
BBFROMFB	0.100130215600 -15.289	  28.109	4.102941	1.824043
BBFROMFB	0.100130225600 -17.460	  21.894	4.329617	1.864948
BBFROMFB	0.100130235600 -20.236	  26.818	3.783310	2.101510
BBFROMFB	0.100130245600 -18.286	  21.973	4.270234	1.908599
BBFROMFB	0.100130255600 -16.301	  27.681	4.062386	1.871846
BBFROMFB	0.100130265600 -15.999	  29.756	3.919171	1.906317
BBFROMFB	0.100130275600 -10.604	  31.517	4.135219	1.656994
BBFROMFB	0.100130285600  -7.947	  32.085	4.225303	1.542117
BBFROMFB	0.100130295600 -10.516	  30.198	4.238511	1.620139
BBFROMFB	0.100130305600 -12.990	  32.649	3.882194	1.823430
BBFROMFB	0.100130315600 -12.500	  31.740	4.002337	1.763554
BBFROMFB	0.100130325600 -12.468	  33.961	3.779760	1.848628
BBFROMFB	0.100130335600 -13.126	  32.320	3.904719	1.819032
BBFROMFB	0.100130345600 -11.351	  32.590	4.001046	1.728298
BBFROMFB	0.100130355600  -5.214	  37.056	3.901695	1.593172
BBFROMFB	0.100130365600  -4.557	  34.670	4.162026	1.464729
BBFROMFB	0.100130375600  -5.546	  31.591	4.361820	1.418713
BBFROMFB	0.100130385600  -8.022	  34.316	4.035579	1.615626
BBFROMFB	0.100130395600  -6.983	  34.234	4.094701	1.561989
BBFROMFB	0.100130405600  -7.287	  36.892	3.803197	1.692624
BBFROMFB	0.100130415600 -10.040	  34.659	3.882620	1.735659
BBFROMFB	0.100130425600 -13.459	  31.968	3.913988	1.825921
BBFROMFB	0.100130435600 -15.862	  28.463	4.036159	1.863891
BBFROMFB	0.100130445600 -12.466	  31.224	4.048515	1.746236
BBFROMFB	0.100130455600  -8.778	  32.041	4.189266	1.580731
BBFROMFB	0.100130465600 -11.210	  28.588	4.312142	1.622042
BBFROMFB	0.100130475600 -13.565	  27.031	4.282685	1.714261
BBFROMFB	0.100130485600 -10.744	  31.168	4.154691	1.654832
BBFROMFB	0.100130495600 -12.429	  28.391	4.259759	1.679164
BBFROMFB	0.100130505600 -12.357	  25.116	4.459524	1.631012
BBFROMFB	0.100130515600 -12.449	  28.914	4.223385	1.690086
BBFROMFB	0.100130525600 -10.199	  32.832	4.049006	1.675307
BBFROMFB	0.100130535600  -9.818	  32.318	4.113690	1.639963
BBFROMFB	0.100130545600 -12.417	  31.364	4.039940	1.747647
BBFROMFB	0.100130555600 -10.564	  34.156	3.900752	1.743530
BBFROMFB	0.100130565600  -8.919	  31.598	4.216224	1.575806
BBFROMFB	0.100130575600  -8.689	  34.603	3.971781	1.660456
BBFROMFB	0.100130585600 -10.731	  31.957	4.092696	1.675841
BBFROMFB	0.100130595600  -8.663	  30.465	4.310071	1.536433
BBFROMFB	0.100130605600  -4.349	  33.069	4.298239	1.405007
BBFROMFB	0.100130615600  -2.550	  33.817	4.302396	1.349603
BBFROMFB	0.100130625600  -0.875	  37.205	4.063339	1.404683
BBFROMFB	0.100130635600  -0.576	  39.627	3.798678	1.519740
BBFROMFB	0.100130645600  -1.443	  36.146	4.144233	1.384302
BBFROMFB	0.100130655600  -0.122	  37.841	4.023612	1.402664
BBFROMFB	0.100130665600  -1.169	  36.213	4.146895	1.375573
BBFROMFB	0.100130675600  -6.770	  33.973	4.127358	1.542927
BBFROMFB	0.100130685600  -9.085	  34.668	3.942179	1.683843
BBFROMFB	0.100130695600 -12.148	  35.861	3.528243	1.949720
BBFROMFB	0.100130705600 -13.313	  32.708	3.850987	1.845399
BBFROMFB	0.100130715600 -11.244	  29.688	4.236216	1.645150
BBFROMFB	0.100130725600 -13.707	  28.321	4.190039	1.743465
BBFROMFB	0.100130735600 -15.565	  31.489	3.786710	1.940415
BBFROMFB	0.100130745600 -13.882	  32.731	3.801287	1.882299
BBFROMFB	0.100130755600 -10.659	  35.419	3.747817	1.809960
BBFROMFB	0.100130765600  -8.776	  37.078	3.668667	1.793103
BBFROMFB	0.100130775600  -7.648	  36.457	3.833628	1.689129
BBFROMFB	0.100130785600  -4.283	  33.940	4.232804	1.428435
BBFROMFB	0.100130795600  -4.879	  34.982	4.121997	1.490255
BBFROMFB	0.100130805600  -1.762	  35.736	4.170286	1.381900
BBFROMFB	0.100130815600  -1.432	  38.368	3.921060	1.484225
BBFROMFB	0.100130825600  -3.376	  38.149	3.864030	1.561177
BBFROMFB	0.100130835600  -3.408	  39.149	3.729393	1.624411
BBFROMFB	0.100130845600  -8.853	  34.929	3.929366	1.682418
BBFROMFB	0.100130855600  -9.276	  32.415	4.134479	1.615723
BBFROMFB	0.100130865600 -12.169	  31.325	4.058879	1.733132
BBFROMFB	0.100130875600 -14.266	  33.081	3.724454	1.925028
BBFROMFB	0.100130885600 -12.678	  31.959	3.970773	1.780558
BBFROMFB	0.100130895600 -14.151	  27.635	4.209145	1.754156
BBFROMFB	0.100130905600  -9.832	  32.851	4.068217	1.656997
BBFROMFB	0.100130915600 -11.190	  27.954	4.353611	1.610259
BBFROMFB	0.100130925600 -10.590	  30.511	4.212158	1.630955
BBFROMFB	0.100130935600 -11.648	  28.705	4.281510	1.645813
BBFROMFB	0.100130945600 -12.058	  31.376	4.061552	1.728673
BBFROMFB	0.100130955600  -7.899	  34.804	3.996026	1.627898
BBFROMFB	0.100130965600 -11.519	  31.235	4.105477	1.696364
BBFROMFB	0.100130975600 -11.154	  26.850	4.422284	1.592247
BBFROMFB	0.100130985600  -9.683	  30.911	4.229505	1.595767
BBFROMFB	0.100130995600 -15.062	  29.263	4.031987	1.837482
BBFROMFB	0.100131005600 -15.562	  31.304	3.806956	1.932559
BBFROMFB	0.100131015600 -14.932	  34.543	3.366509	2.105058
BBFROMFB	0.100131025600 -13.679	  33.159	3.769853	1.888767
BBFROMFB	0.100131035600 -12.992	  34.439	3.669299	1.910584
BBFROMFB	0.100131045600 -12.090	  33.910	3.816499	1.822436
BBFROMFB	0.100131055600 -12.135	  31.653	4.033519	1.740940
#[time: 0.12]
#[time: 0.13]
#[time: 0.14]
#[time: 0.15]
NEWUNBINDING
NEARBOUN	0.131977547800  -1.296	  40.126	3.831167	0.000000
NEARBOUN	0.131977557800   0.876	  40.620	3.516431	0.000000
NEARBOUN	0.131977567800   6.854	  42.419	3.511459	0.000000
NEARBOUN	0.131977577800  11.415	  40.994	3.215585	0.000000
NEARBOUN	0.131977587800  11.492	  39.801	3.220575	0.000000
NEARBOUN	0.131977597800  12.402	  39.135	3.649126	0.000000
NEARBOUN	0.131977607800  14.810	  37.401	3.667964	0.000000
NEARBOUN	0.131977617800   8.831	  39.999	3.586717	0.000000
NEARBOUN	0.131977627800  12.645	  36.826	3.375549	0.000000
NEARBOUN	0.131977637800  14.084	  37.772	3.593837	0.000000
NEARBOUN	0.131977647800  14.664	  34.959	3.755443	0.000000
NEARBOUN	0.131977657800  10.908	  36.736	3.842756	0.000000
NEARBOUN	0.131977667800   9.852	  35.470	3.176245	0.000000
NEARBOUN	0.131977677800   5.045	  36.832	3.647612	0.000000
NEARBOUN	0.131977687800   7.873	  38.538	3.502772	0.000000
NEARBOUN	0.131977697800   8.304	  42.075	3.573396	0.000000
NEARBOUN	0.131977707800   5.303	  42.018	3.540913	0.000000
NEARBOUN	0.131977717800   0.693	  41.426	3.026689	0.000000
NEARBOUN	0.131977727800   1.137	  40.983	3.486098	0.000000
NEARBOUN	0.131977737800   5.176	  40.170	3.503032	0.000000
NEARBOUN	0.131977747800   5.956	  39.339	3.603074	0.000000
NEARBOUN	0.131977757800   3.693	  41.294	3.575324	0.000000
NEARBOUN	0.131977767800   1.778	  39.115	3.783855	0.000000
NEARBOUN	0.131977777800   2.867	  37.764	4.032554	0.000000
NEARBOUN	0.131977787800   1.389	  39.071	3.193764	0.000000
NEARBOUN	0.131977797800  -1.021	  39.219	3.542549	0.000000
NEARBOUN	0.131977807800  -1.130	  39.843	3.625485	0.000000
NEARBOUN	0.131977817800  -2.448	  38.782	3.548900	0.000000
NEARBOUN	0.131977827800  -3.397	  35.259	2.908769	0.000000
NEARBOUN	0.131977837800   0.479	  34.277	3.567127	0.000000
NEARBOUN	0.131977847800   2.414	  33.257	3.382736	0.000000
NEARBOUN	0.131977857800  -0.498	  36.425	3.413932	0.000000
NEARBOUN	0.131977867800  -3.202	  35.691	3.262085	0.000000
NEARBOUN	0.131977877800  -3.550	  30.775	4.002672	0.000000
NEARBOUN	0.131977887800   2.451	  35.518	3.537223	0.000000
NEARBOUN	0.131977897800  -0.525	  33.825	3.801159	0.000000
NEARBOUN	0.131977907800   0.864	  36.295	3.684813	0.000000
NEARBOUN	0.131977917800  -0.138	  38.209	3.512249	0.000000
NEARBOUN	0.131977927800  -1.527	  38.367	3.546472	0.000000
NEARBOUN	0.131977937800   1.313	  37.697	3.678749	0.000000
NEARBOUN	0.131977947800  -1.352	  37.664	3.576277	0.000000
NEARBOUN	0.131977957800  -4.239	  39.381	3.736704	0.000000
NEARBOUN	0.131977967800  -0.951	  36.136	3.567854	0.000000
NEARBOUN	0.131977977800   1.977	  37.916	3.651372	0.000000
NEARBOUN	0.131977987800   2.968	  33.866	3.403053	0.000000
NEARBOUN	0.131977997800   4.608	  31.999	3.866292	0.000000
NEARBOUN	0.131978007800   1.402	  34.774	3.964160	0.000000
NEARBOUN	0.131978017800   0.450	  36.049	3.626709	0.000000
NEARBOUN	0.131978027800   0.897	  37.275	3.056876	0.000000
NEARBOUN	0.131978037800  -4.397	  37.417	3.628735	0.000000
NEARBOUN	0.131978047800  -3.003	  33.055	3.558708	0.000000
NEARBOUN	0.131978057800  -2.144	  37.069	3.560673	0.000000
NEARBOUN	0.131978067800   1.143	  37.518	3.535733	0.000000
NEARBOUN	0.131978077800   0.074	  36.823	3.485243	0.000000
NEARBOUN	0.131978087800  -0.973	  37.531	3.722438	0.000000
NEARBOUN	0.131978097800   1.055	  39.273	3.699746	0.000000
NEARBOUN	0.131978107800   5.638	  39.983	3.456597	0.000000
NEARBOUN	0.131978117800   3.589	  38.979	3.933333	0.000000
NEARBOUN	0.131978127800   4.518	  38.845	3.712842	0.000000
NEARBOUN	0.131978137800   6.978	  40.050	3.838036	0.000000
NEARBOUN	0.131978147800   5.524	  38.800	3.671079	0.000000
NEARBOUN	0.131978157800   1.117	  37.931	3.868181	0.000000
NEARBOUN	0.131978167800   0.649	  40.713	3.899602	0.000000
NEARBOUN	0.131978177800   8.615	  38.037	3.646461	0.000000
NEARBOUN	0.131978187800   7.466	  39.335	3.242238	0.000000
NEARBOUN	0.131978197800   6.344	  38.431	3.209908	0.000000
NEARBOUN	0.131978207800   5.818	  40.913	3.100271	0.000000
NEARBOUN	0.131978217800   5.267	  42.008	3.624011	0.000000
NEARBOUN	0.131978227800   3.008	  39.285	4.107153	0.000000
NEARBOUN	0.131978237800   6.115	  39.729	3.842788	0.000000
NEARBOUN	0.131978247800   9.906	  40.170	3.798611	0.000000
NEARBOUN	0.131978257800  10.619	  39.558	4.232189	0.000000
NEARBOUN	0.131978267800   8.158	  37.985	4.114622	0.000000
NEARBOUN	0.131978277800   5.495	  39.243	3.795379	0.000000
NEARBOUN	0.131978287800   7.700	  36.692	3.940281	0.000000
NEARBOUN	0.131978297800   5.734	  35.566	4.319129	0.000000
NEARBOUN	0.131978307800   7.142	  36.117	3.955624	0.000000
NEARBOUN	0.131978317800   7.677	  36.002	3.761648	0.000000
NEARBOUN	0.131978327800   5.821	  35.438	3.764064	0.000000
NEARBOUN	0.131978337800   1.137	  35.967	3.549216	0.000000
NEARBOUN	0.131978347800   3.738	  36.934	3.542569	0.000000
NEARBOUN	0.131978357800   6.422	  38.390	3.125868	0.000000
NEARBOUN	0.131978367800   6.197	  39.598	3.068277	0.000000
NEARBOUN	0.131978377800   8.182	  41.222	3.642527	0.000000
NEARBOUN	0.131978387800  13.825	  39.813	3.285600	0.000000
NEARBOUN	0.131978397800  15.623	  38.489	3.663468	0.000000
NEARBOUN	0.131978407800  14.672	  39.010	3.765505	0.000000
NEARBOUN	0.131978417800  13.619	  39.842	3.490629	0.000000
NEARBOUN	0.131978427800   5.411	  39.647	3.895369	0.000000
NEARBOUN	0.131978437800   7.083	  40.354	3.481203	0.000000
NEARBOUN	0.131978447800  10.175	  40.621	3.063642	0.000000
NEARBOUN	0.131978457800   9.518	  40.839	3.247513	0.000000
NEARBOUN	0.131978467800   5.943	  40.854	3.975416	0.000000
NEARBOUN	0.131978477800   9.531	  41.408	3.595824	0.000000
NEARBOUN	0.131978487800   6.751	  38.529	3.562455	0.000000
NEARBOUN	0.131978497800  13.897	  35.518	2.998094	0.000000
NEARBOUN	0.131978507800  15.688	  33.932	3.647998	0.000000
NEARBOUN	0.131978517800  15.738	  36.810	3.446244	0.000000
NEARBOUN	0.131978527800  18.321	  34.968	3.463040	0.000000
NEWBINDING
BBFROMNB	0.132427217000   5.179	  36.553	4.258730	0.805067
BBFROMNB	0.132427227000   2.671	  37.727	4.186218	0.914417
BBFROMNB	0.132427237000  -1.069	  38.136	4.167356	1.023288
BBFROMNB	0.132427247000  -5.220	  38.302	4.132574	1.149883
BBFROMNB	0.132427257000 -11.239	  36.291	4.213617	1.271953
BBFROMNB	0.132427267000  -9.285	  35.790	4.296775	1.179622
BBFROMNB	0.132427277000 -10.880	  34.463	4.370285	1.191737
BBFROMNB	0.132427287000 -13.040	  35.325	4.249183	1.306442
BBFROMNB	0.132427297000 -14.673	  33.006	4.382597	1.298907
BBFROMNB	0.132427307000  -7.790	  38.206	4.107944	1.229301
BBFROMNB	0.132427317000 -15.591	  31.709	4.446726	1.302773
BBFROMNB	0.132427327000 -12.290	  31.849	4.527025	1.168123
BBFROMNB	0.132427337000 -12.508	  35.257	4.269067	1.282751
BBFROMNB	0.132427347000  -8.916	  33.610	4.470838	1.089151
BBFROMNB	0.132427357000  -4.098	  38.620	4.111231	1.131597
BBFROMNB	0.132427367000  -8.663	  38.610	4.051853	1.279324
BBFROMNB	0.132427377000 -12.030	  34.284	4.357921	1.230551
BBFROMNB	0.132427387000 -14.049	  33.797	4.341910	1.296562
BBFROMNB	0.132427397000 -14.765	  33.839	4.317470	1.327685
BBFROMNB	0.132427407000 -14.465	  35.744	4.171094	1.380234
BBFROMNB	0.132427417000 -13.955	  37.271	4.045859	1.421383
BBFROMNB	0.132427427000 -16.396	  32.240	4.383582	1.351318
BBFROMNB	0.132427437000 -13.603	  32.372	4.458080	1.236393
BBFROMNB	0.132427447000 -11.021	  35.170	4.311843	1.221666
BBFROMNB	0.132427457000 -11.039	  37.119	4.144509	1.298129
BBFROMNB	0.132427467000 -14.514	  33.978	4.314365	1.321552
BBFROMNB	0.132427477000 -13.755	  32.706	4.430359	1.252035
BBFROMNB	0.132427487000 -16.237	  29.065	4.598205	1.271776
BBFROMNB	0.132427497000 -17.645	  29.244	4.540441	1.338180
BBFROMNB	0.132427507000 -16.866	  29.557	4.547369	1.309498
BBFROMNB	0.132427517000 -17.792	  27.951	4.613565	1.321710
BBFROMNB	0.132427527000 -21.002	  29.144	4.416260	1.490216
BBFROMNB	0.132427537000 -16.535	  37.898	3.874683	1.567086
BBFROMNB	0.132427547000 -15.869	  37.757	3.921386	1.528364
BBFROMNB	0.132427557000 -18.729	  33.776	4.178726	1.499607
BBFROMNB	0.132427567000 -18.997	  33.777	4.167165	1.512024
BBFROMNB	0.132427577000 -18.963	  32.273	4.286296	1.466456
BBFROMNB	0.132427587000 -13.949	  34.143	4.318248	1.303346
BBFROMNB	0.132427597000 -11.195	  37.408	4.113634	1.316571
BBFROMNB	0.132427607000  -4.720	  38.004	4.165295	1.120190
BBFROMNB	0.132427617000   0.370	  40.311	3.936991	1.110471
BBFROMNB	0.132427627000  -2.901	  37.644	4.209377	1.049401
BBFROMNB	0.132427637000   2.872	  38.009	4.158096	0.924960
BBFROMNB	0.132427647000   4.018	  38.915	4.055457	0.953154
BBFROMNB	0.132427657000   0.944	  39.193	4.057365	1.030750
BBFROMNB	0.132427667000  -4.823	  34.686	4.440804	0.983789
BBFROMNB	0.132427677000  -6.288	  34.878	4.412527	1.039893
BBFROMNB	0.132427687000  -4.456	  38.228	4.146422	1.122887
BBFROMNB	0.132427697000  -2.991	  37.618	4.211416	1.050742
BBFROMNB	0.132427707000  -1.807	  36.183	4.337026	0.952495
BBFROMNB	0.132427717000  -5.687	  34.572	4.441900	1.008203
BBFROMNB	0.132427727000 -14.731	  24.939	4.877416	1.136738
BBFROMNB	0.132427737000 -17.778	  26.051	4.721681	1.293284
BBFROMNB	0.132427747000 -15.427	  32.547	4.392962	1.317869
BBFROMNB	0.132427757000 -11.075	  32.443	4.513209	1.136002
BBFROMNB	0.132427767000 -13.100	  31.274	4.545991	1.186322
BBFROMNB	0.132427777000  -6.557	  35.903	4.328730	1.088338
BBFROMNB	0.132427787000  -6.556	  37.165	4.222125	1.140574
BBFROMNB	0.132427797000  -5.908	  36.524	4.284796	1.092027
BBFROMNB	0.132427807000  -6.705	  36.602	4.268914	1.121660
BBFROMNB	0.132427817000  -6.011	  34.711	4.428170	1.024290
BBFROMNB	0.132427827000  -8.270	  37.759	4.142484	1.225147
BBFROMNB	0.132427837000  -6.286	  37.650	4.181889	1.153261
BBFROMNB	0.132427847000  -5.329	  37.955	4.164284	1.136754
BBFROMNB	0.132427857000  -6.597	  34.966	4.402311	1.053693
BBFROMNB	0.132427867000  -6.115	  37.902	4.160676	1.159272
BBFROMNB	0.132427877000 -12.083	  33.611	4.407250	1.211121
BBFROMNB	0.132427887000 -16.592	  32.023	4.392412	1.354157
BBFROMNB	0.132427897000 -10.882	  29.690	4.697663	1.054761
BBFROMNB	0.132427907000 -13.086	  27.336	4.788993	1.099148
BBFROMNB	0.132427917000  -7.238	  34.867	4.401914	1.072230
BBFROMNB	0.132427927000 -10.234	  33.562	4.450728	1.137354
BBFROMNB	0.132427937000 -10.940	  36.493	4.203076	1.268513
BBFROMNB	0.132427947000 -10.385	  38.999	3.971640	1.362357
BBFROMNB	0.132427957000  -7.044	  41.042	3.794763	1.366210
BBFROMNB	0.132427967000  -9.523	  38.427	4.052735	1.301210
BBFROMNB	0.132427977000  -7.128	  40.333	3.887083	1.321799
BBFROMNB	0.132427987000  -9.460	  41.280	3.696491	1.474203
BBFROMNB	0.132427997000 -14.791	  34.454	4.268475	1.348471
BBFROMNB	0.132428007000 -13.874	  32.517	4.440575	1.251637
BBFROMNB	0.132428017000 -11.483	  36.761	4.166157	1.300195
BBFROMNB	0.132428027000 -10.738	  36.178	4.234892	1.248438
BBFROMNB	0.132428037000  -6.013	  38.444	4.110114	1.181860
BBFROMNB	0.132428047000  -6.363	  36.740	4.261395	1.116005
BBFROMNB	0.132428057000  -8.964	  34.176	4.428439	1.109833
BBFROMNB	0.132428067000  -1.039	  39.563	4.024910	1.098617
BBFROMNB	0.132428077000  -6.724	  35.060	4.393560	1.061545
BBFROMNB	0.132428087000 -11.156	  34.623	4.351982	1.207765
BBFROMNB	0.132428097000  -3.740	  39.685	4.003559	1.177949
BBFROMNB	0.132428107000  -8.799	  32.614	4.543380	1.052978
BBFROMNB	0.132428117000  -5.709	  38.038	4.152560	1.152643
BBFROMNB	0.132428127000  -4.106	  39.323	4.039786	1.168545
BBFROMNB	0.132428137000  -0.706	  40.081	3.967196	1.121036
BBFROMNB	0.132428147000  -0.190	  36.784	4.286064	0.935685
BBFROMNB	0.132428157000   1.595	  36.411	4.309220	0.874097
BBFROMNB	0.132428167000   0.259	  36.520	4.306894	0.912026
BBFROMNB	0.132428177000  -1.384	  34.504	4.467957	0.870319
BBFROMNB	0.132428187000  -0.663	  34.937	4.434972	0.867508
BBFROMNB	0.132428197000   6.384	  38.004	4.106517	0.862273
#[time: 0.16]
#[time: 0.17]
#[time: 0.18]
NEWUNBINDING
FARBOUND	0.161507951300 -22.264	  30.819	3.752283	0.000000
FARBOUND	0.161507961300 -22.517	  24.203	3.570679	0.000000
FARBOUND	0.161507971300 -22.759	  26.713	3.393254	0.000000
FARBOUND	0.161507981300 -23.489	  22.798	3.517368	0.000000
FARBOUND	0.161507991300 -22.948	  26.458	3.461075	0.000000
FARBOUND	0.161508001300 -22.985	  21.194	3.505331	0.000000
FARBOUND	0.161508011300 -25.379	  22.667	3.258580	0.000000
FARBOUND	0.161508021300 -25.661	  19.969	3.482400	0.000000
FARBOUND	0.161508031300 -26.134	  16.445	3.410462	0.000000
FARBOUND	0.161508041300 -29.504	  15.820	3.695469	0.000000
FARBOUND	0.161508051300 -30.653	  16.567	3.483507	0.000000
FARBOUND	0.161508061300 -30.670	  14.596	3.443429	0.000000
FARBOUND	0.161508071300 -32.878	  16.910	3.108294	0.000000
FARBOUND	0.161508081300 -32.886	  21.434	3.414627	0.000000
FARBOUND	0.161508091300 -32.865	  10.556	3.841141	0.000000
FARBOUND	0.161508101300 -32.560	   9.521	3.437184	0.000000
FARBOUND	0.161508111300 -34.781	   7.010	3.716294	0.000000
FARBOUND	0.161508121300 -39.399	   6.330	3.333126	0.000000
FARBOUND	0.161508131300 -37.306	   4.292	2.856910	0.000000
FARBOUND	0.161508141300 -40.087	   5.810	3.406192	0.000000
FARBOUND	0.161508151300 -37.216	   9.792	3.515143	0.000000
FARBOUND	0.161508161300 -35.911	   8.777	3.531928	0.000000
FARBOUND	0.161508171300 -33.105	   4.142	3.704431	0.000000
FARBOUND	0.161508181300 -31.463	   3.704	3.834577	0.000000
FARBOUND	0.161508191300 -32.323	   1.451	3.504062	0.000000
FARBOUND	0.161508201300 -29.508	   3.088	3.839484	0.000000
FARBOUND	0.161508211300 -32.465	   2.898	3.463594	0.000000
FARBOUND	0.161508221300 -32.342	   1.026	3.132704	0.000000
FARBOUND	0.161508231300 -35.130	   1.348	3.072492	0.000000
FARBOUND	0.161508241300 -35.872	   2.167	2.931916	0.000000
FARBOUND	0.161508251300 -37.206	   1.412	3.224463	0.000000
FARBOUND	0.161508261300 -37.683	   4.813	3.015306	0.000000
FARBOUND	0.161508271300 -35.143	   5.485	3.395627	0.000000
FARBOUND	0.161508281300 -34.308	   2.670	3.511013	0.000000
FARBOUND	0.161508291300 -35.513	   5.568	3.275434	0.000000
FARBOUND	0.161508301300 -36.119	   7.281	3.371592	0.000000
FARBOUND	0.161508311300 -38.229	   4.714	3.370086	0.000000
FARBOUND	0.161508321300 -36.472	   8.140	3.389164	0.000000
FARBOUND	0.161508331300 -36.271	   8.874	3.542589	0.000000
FARBOUND	0.161508341300 -37.853	  11.812	3.322283	0.000000
FARBOUND	0.161508351300 -37.436	   8.918	3.238382	0.000000
FARBOUND	0.161508361300 -37.285	   0.606	3.295745	0.000000
FARBOUND	0.161508371300 -38.463	   0.497	3.040398	0.000000
FARBOUND	0.161508381300 -37.110	   0.719	3.220564	0.000000
FARBOUND	0.161508391300 -37.659	   0.798	3.250909	0.000000
FARBOUND	0.161508401300 -39.327	   2.547	2.943291	0.000000
FARBOUND	0.161508411300 -35.544	   3.201	3.208700	0.000000
FARBOUND	0.161508421300 -35.292	   2.226	3.170466	0.000000
FARBOUND	0.161508431300 -38.019	   3.959	3.190719	0.000000
FARBOUND	0.161508441300 -36.011	   5.588	3.139584	0.000000
FARBOUND	0.161508451300 -36.029	   4.671	3.535480	0.000000
FARBOUND	0.161508461300 -33.876	   3.972	3.639646	0.000000
FARBOUND	0.161508471300 -37.546	   1.217	3.108170	0.000000
FARBOUND	0.161508481300 -38.152	   2.523	3.383363	0.000000
FARBOUND	0.161508491300 -35.566	   0.068	3.838399	0.000000
FARBOUND	0.161508501300 -37.601	   2.038	3.496380	0.000000
FARBOUND	0.161508511300 -39.811	   6.158	3.331148	0.000000
FARBOUND	0.161508521300 -35.949	   1.881	3.001931	0.000000
FARBOUND	0.161508531300 -35.157	   4.406	3.361821	0.000000
FARBOUND	0.161508541300 -36.890	   8.214	3.295335	0.000000
FARBOUND	0.161508551300 -37.337	   4.116	3.664061	0.000000
FARBOUND	0.161508561300 -36.186	   9.673	3.056271	0.000000
FARBOUND	0.161508571300 -36.575	   2.647	3.512223	0.000000
FARBOUND	0.161508581300 -36.809	   8.411	3.462024	0.000000
FARBOUND	0.161508591300 -30.054	   1.210	3.948449	0.000000
FARBOUND	0.161508601300 -29.837	   4.619	3.871092	0.000000
FARBOUND	0.161508611300 -30.993	   2.804	3.311471	0.000000
FARBOUND	0.161508621300 -34.064	   5.159	3.180911	0.000000
FARBOUND	0.161508631300 -31.460	   6.479	3.250130	0.000000
FARBOUND	0.161508641300 -34.861	  14.477	3.550300	0.000000
FARBOUND	0.161508651300 -36.741	  12.774	3.666899	0.000000
FARBOUND	0.161508661300 -36.806	  14.851	3.285844	0.000000
FARBOUND	0.161508671300 -35.642	  11.242	3.522946	0.000000
FARBOUND	0.161508681300 -37.013	  13.697	3.139746	0.000000
FARBOUND	0.161508691300 -37.179	  10.077	3.212986	0.000000
FARBOUND	0.161508701300 -37.376	  11.244	3.354718	0.000000
FARBOUND	0.161508711300 -35.542	  13.472	3.211174	0.000000
FARBOUND	0.161508721300 -36.715	   7.638	3.225467	0.000000
FARBOUND	0.161508731300 -36.946	   4.694	3.234054	0.000000
FARBOUND	0.161508741300 -36.988	   9.029	3.262598	0.000000
FARBOUND	0.161508751300 -33.837	   1.014	3.523808	0.000000
FARBOUND	0.161508761300 -35.546	   3.036	3.615010	0.000000
FARBOUND	0.161508771300 -35.650	   7.656	3.280014	0.000000
FARBOUND	0.161508781300 -36.512	   9.346	3.623171	0.000000
FARBOUND	0.161508791300 -34.823	   6.065	3.481675	0.000000
FARBOUND	0.161508801300 -36.594	   9.302	3.090124	0.000000
FARBOUND	0.161508811300 -38.232	   1.968	3.691214	0.000000
FARBOUND	0.161508821300 -39.009	   6.881	3.605191	0.000000
FARBOUND	0.161508831300 -39.680	  11.289	2.935658	0.000000
FARBOUND	0.161508841300 -39.960	  11.570	3.358960	0.000000
FARBOUND	0.161508851300 -37.017	   6.821	3.737213	0.000000
FARBOUND	0.161508861300 -38.859	   9.069	3.817757	0.000000
FARBOUND	0.161508871300 -38.172	   5.860	4.165166	0.000000
FARBOUND	0.161508881300 -40.103	   2.764	3.272144	0.000000
FARBOUND	0.161508891300 -39.312	   7.559	3.501676	0.000000
FARBOUND	0.161508901300 -38.267	   5.916	3.684675	0.000000
FARBOUND	0.161508911300 -39.868	   3.472	3.327244	0.000000
FARBOUND	0.161508921300 -39.891	   4.566	3.775587	0.000000
FARBOUND	0.161508931300 -39.757	   2.120	3.408556	0.000000
NEWBINDING
BBFROMFB	0.161583829400  -0.345	  34.044	3.949570	1.707052
BBFROMFB	0.161583839400  -1.148	  33.728	3.929603	1.738621
BBFROMFB	0.161583849400   0.655	  35.483	3.861507	1.714323
BBFROMFB	0.161583859400   1.864	  36.750	3.789239	1.712013
BBFROMFB	0.161583869400   2.613	  35.969	3.925236	1.632576
BBFROMFB	0.161583879400   2.798	  36.166	3.914201	1.632156
BBFROMFB	0.161583889400   3.439	  38.281	3.683196	1.718064
BBFROMFB	0.161583899400   5.507	  37.152	3.943088	1.545752
BBFROMFB	0.161583909400   8.814	  39.854	3.756197	1.546305
BBFROMFB	0.161583919400   9.571	  38.737	3.928361	1.445463
BBFROMFB	0.161583929400  13.394	  37.680	4.136621	1.247205
BBFROMFB	0.161583939400  13.098	  36.292	4.254809	1.199339
BBFROMFB	0.161583949400   8.500	  37.876	3.986067	1.446710
BBFROMFB	0.161583959400   4.243	  34.242	4.164391	1.488117
BBFROMFB	0.161583969400   5.524	  31.959	4.387659	1.364441
BBFROMFB	0.161583979400   8.333	  34.753	4.266879	1.327912
BBFROMFB	0.161583989400  12.324	  32.770	4.510475	1.106187
BBFROMFB	0.161583999400  12.938	  32.280	4.555485	1.067738
BBFROMFB	0.161584009400  14.091	  35.749	4.316994	1.142572
BBFROMFB	0.161584019400  12.545	  35.233	4.331230	1.179525
BBFROMFB	0.161584029400   9.381	  33.930	4.360388	1.258192
BBFROMFB	0.161584039400   9.275	  35.637	4.221010	1.320797
BBFROMFB	0.161584049400  13.299	  33.331	4.488087	1.086604
BBFROMFB	0.161584059400  12.369	  33.136	4.485460	1.115743
BBFROMFB	0.161584069400  11.630	  32.467	4.518076	1.124211
BBFROMFB	0.161584079400  13.063	  34.299	4.413013	1.127461
BBFROMFB	0.161584089400   6.839	  36.347	4.078887	1.450116
BBFROMFB	0.161584099400   6.386	  38.874	3.776876	1.598195
BBFROMFB	0.161584109400   4.926	  36.371	3.998404	1.537443
BBFROMFB	0.161584119400   3.948	  35.686	4.021418	1.554828
BBFROMFB	0.161584129400   2.347	  38.218	3.607127	1.782099
BBFROMFB	0.161584139400   2.218	  38.167	3.605026	1.786447
BBFROMFB	0.161584149400   6.112	  38.209	3.849469	1.571779
BBFROMFB	0.161584159400   5.055	  36.250	4.016236	1.526235
BBFROMFB	0.161584169400   5.338	  35.335	4.114115	1.477040
BBFROMFB	0.161584179400   5.127	  36.023	4.041567	1.513437
BBFROMFB	0.161584189400   2.910	  36.243	3.911882	1.630059
BBFROMFB	0.161584199400   3.172	  32.364	4.269054	1.480552
BBFROMFB	0.161584209400   4.825	  32.188	4.346443	1.401272
BBFROMFB	0.161584219400   6.254	  31.774	4.425027	1.327874
BBFROMFB	0.161584229400   5.674	  33.782	4.257088	1.409447
BBFROMFB	0.161584239400   5.136	  30.166	4.495466	1.339395
BBFROMFB	0.161584249400   0.457	  28.763	4.399212	1.527219
BBFROMFB	0.161584259400  -0.199	  32.056	4.133908	1.633344
BBFROMFB	0.161584269400  -1.287	  30.091	4.224676	1.638073
BBFROMFB	0.161584279400  -0.618	  34.315	3.904681	1.732964
BBFROMFB	0.161584289400  -1.241	  34.177	3.877031	1.762310
BBFROMFB	0.161584299400  -1.924	  31.928	4.045865	1.718538
BBFROMFB	0.161584309400  -1.410	  31.690	4.096274	1.684565
BBFROMFB	0.161584319400  -5.018	  30.512	3.957833	1.848501
BBFROMFB	0.161584329400  -7.577	  22.825	4.298288	1.857502
BBFROMFB	0.161584339400  -8.299	  30.512	3.645209	2.072651
BBFROMFB	0.161584349400  -7.274	  28.061	3.987106	1.915928
BBFROMFB	0.161584359400  -8.586	  28.520	3.832941	2.012105
BBFROMFB	0.161584369400  -9.723	  27.277	3.833815	2.052571
BBFROMFB	0.161584379400  -7.594	  29.361	3.847941	1.972655
BBFROMFB	0.161584389400  -9.378	  26.001	3.969446	1.998853
BBFROMFB	0.161584399400  -9.021	  30.483	3.546891	2.137088
BBFROMFB	0.161584409400  -5.587	  34.074	3.434363	2.081327
BBFROMFB	0.161584419400 -11.670	  24.839	3.839118	2.125612
BBFROMFB	0.161584429400 -10.327	  27.529	3.744580	2.104802
BBFROMFB	0.161584439400 -10.683	  25.904	3.854776	2.082078
BBFROMFB	0.161584449400  -7.203	  26.698	4.092513	1.883511
BBFROMFB	0.161584459400  -6.937	  29.271	3.914206	1.927525
BBFROMFB	0.161584469400  -3.225	  33.957	3.745944	1.874297
BBFROMFB	0.161584479400  -3.353	  34.679	3.633738	1.926039
BBFROMFB	0.161584489400  -4.537	  32.983	3.745280	1.913753
BBFROMFB	0.161584499400  -2.923	  33.042	3.874303	1.813456
BBFROMFB	0.161584509400   0.885	  35.891	3.829554	1.721429
BBFROMFB	0.161584519400   1.166	  35.923	3.844227	1.707340
BBFROMFB	0.161584529400   2.384	  36.485	3.854519	1.669251
BBFROMFB	0.161584539400   3.372	  36.209	3.940141	1.605228
BBFROMFB	0.161584549400   8.705	  39.958	3.735893	1.558798
BBFROMFB	0.161584559400   7.918	  38.470	3.897973	1.502394
BBFROMFB	0.161584569400   2.604	  34.386	4.078787	1.569762
BBFROMFB	0.161584579400   6.414	  36.438	4.054055	1.472569
BBFROMFB	0.161584589400  10.056	  36.861	4.134694	1.337598
BBFROMFB	0.161584599400  12.273	  34.908	4.351549	1.178068
BBFROMFB	0.161584609400   9.480	  36.811	4.122922	1.358529
BBFROMFB	0.161584619400  11.637	  38.757	3.988451	1.363787
BBFROMFB	0.161584629400  13.947	  35.675	4.320692	1.144852
BBFROMFB	0.161584639400  15.881	  36.604	4.271202	1.115166
BBFROMFB	0.161584649400  13.695	  37.127	4.193049	1.212230
BBFROMFB	0.161584659400   9.900	  38.588	3.956101	1.423953
BBFROMFB	0.161584669400   5.354	  36.315	4.022803	1.515183
BBFROMFB	0.161584679400   8.416	  38.601	3.902165	1.487529
BBFROMFB	0.161584689400   6.165	  38.163	3.857707	1.566633
BBFROMFB	0.161584699400   3.682	  36.876	3.883233	1.621354
BBFROMFB	0.161584709400  -0.564	  34.910	3.843779	1.756363
BBFROMFB	0.161584719400   3.977	  37.277	3.852412	1.626991
BBFROMFB	0.161584729400   5.729	  34.925	4.165186	1.444833
BBFROMFB	0.161584739400   6.746	  37.597	3.948702	1.510088
BBFROMFB	0.161584749400   4.797	  37.981	3.810327	1.624128
BBFROMFB	0.161584759400   3.642	  38.587	3.648737	1.728874
BBFROMFB	0.161584769400   3.485	  37.952	3.735088	1.692965
BBFROMFB	0.161584779400   7.508	  39.127	3.797874	1.559599
BBFROMFB	0.161584789400   9.966	  40.904	3.641678	1.573491
BBFROMFB	0.161584799400   8.369	  36.367	4.129727	1.385886
BBFROMFB	0.161584809400   8.590	  35.392	4.221929	1.339667
#[time: 0.19]
NEWUNBINDING
NEARBOUN	0.181130249200 -15.925	  33.845	4.606142	0.000000
NEARBOUN	0.181130259200 -10.371	  38.521	4.173872	0.000000
NEARBOUN	0.181130269200  -5.642	  39.017	3.951624	0.000000
NEARBOUN	0.181130279200  -6.158	  39.020	3.700849	0.000000
NEARBOUN	0.181130289200  -4.567	  36.346	3.973132	0.000000
NEARBOUN	0.181130299200  -5.204	  40.264	3.930099	0.000000
NEARBOUN	0.181130309200  -5.229	  37.335	3.894060	0.000000
NEARBOUN	0.181130319200  -3.561	  38.269	3.708482	0.000000
NEARBOUN	0.181130329200  -0.866	  36.907	3.765588	0.000000
NEARBOUN	0.181130339200  -0.394	  39.463	3.578791	0.000000
NEARBOUN	0.181130349200  -0.745	  38.064	3.794134	0.000000
NEARBOUN	0.181130359200  -2.611	  35.290	3.730888	0.000000
NEARBOUN	0.181130369200  -3.499	  34.828	4.019506	0.000000
NEARBOUN	0.181130379200   0.375	  38.118	3.569065	0.000000
NEARBOUN	0.181130389200   5.341	  38.189	3.018046	0.000000
NEARBOUN	0.181130399200  -0.507	  39.144	3.458968	0.000000
NEARBOUN	0.181130409200  -1.414	  37.864	3.587112	0.000000
NEARBOUN	0.181130419200  -3.665	  39.334	3.551686	0.000000
NEARBOUN	0.181130429200  -4.704	  41.448	3.070559	0.000000
NEARBOUN	0.181130439200  -6.819	  42.282	3.239404	0.000000
NEARBOUN	0.181130449200  -8.429	  41.749	3.293636	0.000000
NEARBOUN	0.181130459200  -8.280	  42.299	3.202955	0.000000
NEARBOUN	0.181130469200  -9.782	  39.368	3.640135	0.000000
NEARBOUN	0.181130479200 -10.911	  40.528	3.975466	0.000000
NEARBOUN	0.181130489200 -11.405	  40.830	3.926999	0.000000
NEARBOUN	0.181130499200 -11.780	  36.573	4.291415	0.000000
NEARBOUN	0.181130509200  -8.610	  38.065	4.094177	0.000000
NEARBOUN	0.181130519200  -4.210	  37.935	3.708169	0.000000
NEARBOUN	0.181130529200  -4.981	  39.693	3.751656	0.000000
NEARBOUN	0.181130539200  -7.896	  38.489	3.637646	0.000000
NEARBOUN	0.181130549200  -2.071	  36.987	3.124947	0.000000
NEARBOUN	0.181130559200  -0.007	  39.220	3.166381	0.000000
NEARBOUN	0.181130569200   1.699	  36.924	3.402511	0.000000
NEARBOUN	0.181130579200   3.675	  41.425	3.285872	0.000000
NEARBOUN	0.181130589200  -0.731	  40.641	3.350695	0.000000
NEARBOUN	0.181130599200   3.898	  39.987	3.396449	0.000000
NEARBOUN	0.181130609200   1.640	  40.788	3.601365	0.000000
NEARBOUN	0.181130619200   4.591	  40.016	3.546444	0.000000
NEARBOUN	0.181130629200   5.650	  40.540	3.699515	0.000000
NEARBOUN	0.181130639200   4.910	  38.474	3.171919	0.000000
NEARBOUN	0.181130649200   3.070	  36.346	3.294048	0.000000
NEARBOUN	0.181130659200   3.953	  35.798	3.540394	0.000000
NEARBOUN	0.181130669200   3.721	  34.930	3.900771	0.000000
NEARBOUN	0.181130679200   0.095	  35.374	4.089726	0.000000
NEARBOUN	0.181130689200  -0.374	  37.109	3.931302	0.000000
NEARBOUN	0.181130699200   0.410	  40.803	3.487027	0.000000
NEARBOUN	0.181130709200  -0.742	  37.817	3.863829	0.000000
NEARBOUN	0.181130719200   1.785	  39.832	4.058610	0.000000
NEARBOUN	0.181130729200   6.163	  38.898	3.938575	0.000000
NEARBOUN	0.181130739200   7.698	  37.862	3.456639	0.000000
NEARBOUN	0.181130749200  10.230	  40.210	3.835139	0.000000
NEARBOUN	0.181130759200   9.769	  41.317	3.300204	0.000000
NEARBOUN	0.181130769200  12.785	  40.077	3.328725	0.000000
NEARBOUN	0.181130779200  12.539	  37.947	3.461887	0.000000
NEARBOUN	0.181130789200   7.900	  39.612	3.983795	0.000000
NEARBOUN	0.181130799200   3.763	  39.654	3.684113	0.000000
NEARBOUN	0.181130809200   5.629	  41.544	4.032637	0.000000
NEARBOUN	0.181130819200  10.185	  41.335	3.578038	0.000000
NEARBOUN	0.181130829200   4.992	  40.864	3.248852	0.000000
NEARBOUN	0.181130839200   3.919	  39.010	3.748524	0.000000
NEARBOUN	0.181130849200   4.947	  38.504	3.476782	0.000000
NEARBOUN	0.181130859200   5.446	  36.984	2.938455	0.000000
NEARBOUN	0.181130869200  -1.028	  40.597	2.836415	0.000000
NEARBOUN	0.181130879200  -6.434	  39.539	3.329181	0.000000
NEARBOUN	0.181130889200  -7.909	  40.354	3.655423	0.000000
NEARBOUN	0.181130899200  -9.541	  40.051	3.738874	0.000000
NEARBOUN	0.181130909200  -7.371	  39.734	3.586394	0.000000
NEARBOUN	0.181130919200  -6.972	  39.391	4.017855	0.000000
NEARBOUN	0.181130929200  -2.440	  39.274	3.540301	0.000000
NEARBOUN	0.181130939200  -6.763	  36.177	3.832753	0.000000
NEARBOUN	0.181130949200  -6.263	  36.328	3.575005	0.000000
NEARBOUN	0.181130959200  -4.712	  37.015	3.381168	0.000000
NEARBOUN	0.181130969200  -2.844	  39.460	3.548869	0.000000
NEARBOUN	0.181130979200  -8.059	  37.489	3.621875	0.000000
NEARBOUN	0.181130989200 -10.664	  38.173	3.412988	0.000000
NEARBOUN	0.181130999200 -12.259	  38.388	4.092130	0.000000
NEARBOUN	0.181131009200 -10.696	  36.679	3.538274	0.000000
NEARBOUN	0.181131019200  -9.901	  34.799	3.336357	0.000000
NEARBOUN	0.181131029200 -12.137	  34.977	3.552517	0.000000
NEARBOUN	0.181131039200 -13.219	  37.106	3.788926	0.000000
NEARBOUN	0.181131049200 -14.870	  37.657	3.733962	0.000000
NEARBOUN	0.181131059200 -13.812	  35.579	3.708665	0.000000
NEARBOUN	0.181131069200 -13.126	  37.424	3.791362	0.000000
NEARBOUN	0.181131079200 -14.036	  38.783	3.671525	0.000000
NEARBOUN	0.181131089200 -11.380	  40.462	3.622913	0.000000
NEARBOUN	0.181131099200 -10.514	  41.311	3.136860	0.000000
NEARBOUN	0.181131109200  -9.626	  41.271	3.849239	0.000000
NEARBOUN	0.181131119200  -9.136	  40.392	3.441058	0.000000
NEARBOUN	0.181131129200  -9.879	  40.838	3.532396	0.000000
NEARBOUN	0.181131139200 -10.312	  37.221	4.131083	0.000000
NEARBOUN	0.181131149200 -14.068	  35.686	4.290615	0.000000
NEARBOUN	0.181131159200 -10.915	  37.023	3.944010	0.000000
NEARBOUN	0.181131169200  -9.957	  37.705	3.935283	0.000000
NEARBOUN	0.181131179200 -10.579	  35.743	4.291709	0.000000
NEARBOUN	0.181131189200  -9.509	  37.050	3.933299	0.000000
NEARBOUN	0.181131199200  -7.677	  37.134	4.038345	0.000000
NEARBOUN	0.181131209200  -7.131	  37.829	4.084920	0.000000
NEARBOUN	0.181131219200  -8.145	  41.480	3.993337	0.000000
NEARBOUN	0.181131229200  -5.798	  42.498	3.293848	0.000000
NEWBINDING
BBFROMNB	0.185846489900 -21.554	  23.103	3.776458	2.217989
BBFROMNB	0.185846499900 -19.098	  26.253	3.790837	2.114176
BBFROMNB	0.185846509900 -17.561	  25.434	4.003195	1.993147
BBFROMNB	0.185846519900 -15.968	  27.966	3.945932	1.949839
BBFROMNB	0.185846529900 -16.831	  30.814	3.538912	2.131063
BBFROMNB	0.185846539900 -17.671	  26.704	3.897456	2.026953
BBFROMNB	0.185846549900 -19.105	  25.767	3.832770	2.101263
BBFROMNB	0.185846559900 -14.349	  30.345	3.874324	1.918309
BBFROMNB	0.185846569900 -14.947	  28.297	4.001949	1.896302
BBFROMNB	0.185846579900 -16.964	  29.552	3.695216	2.071777
BBFROMNB	0.185846589900 -14.498	  25.134	4.246747	1.816906
BBFROMNB	0.185846599900 -12.453	  29.021	4.122725	1.772857
BBFROMNB	0.185846609900 -13.476	  28.813	4.069917	1.824142
BBFROMNB	0.185846619900  -9.937	  30.913	4.133245	1.685630
BBFROMNB	0.185846629900  -7.433	  33.649	4.045498	1.639713
BBFROMNB	0.185846639900  -4.258	  33.918	4.174672	1.495847
BBFROMNB	0.185846649900  -7.383	  28.597	4.421335	1.512016
BBFROMNB	0.185846659900  -7.039	  31.205	4.261434	1.549631
BBFROMNB	0.185846669900 -10.231	  28.123	4.312924	1.641562
BBFROMNB	0.185846679900 -11.486	  28.636	4.209182	1.714149
BBFROMNB	0.185846689900  -5.808	  33.442	4.145275	1.553190
BBFROMNB	0.185846699900  -1.886	  39.022	3.746849	1.616669
BBFROMNB	0.185846709900  -3.370	  39.617	3.544323	1.750893
BBFROMNB	0.185846719900  -2.405	  38.141	3.837320	1.588264
BBFROMNB	0.185846729900  -3.503	  35.954	4.024993	1.535228
BBFROMNB	0.185846739900  -5.536	  31.061	4.338042	1.475693
BBFROMNB	0.185846749900  -6.720	  29.114	4.417763	1.490080
BBFROMNB	0.185846759900  -7.123	  32.133	4.187700	1.577712
BBFROMNB	0.185846769900  -7.580	  32.199	4.159833	1.601801
BBFROMNB	0.185846779900  -4.561	  31.802	4.325215	1.449098
BBFROMNB	0.185846789900  -7.095	  30.723	4.293400	1.540858
BBFROMNB	0.185846799900 -12.254	  32.048	3.880519	1.848911
BBFROMNB	0.185846809900 -12.105	  30.358	4.042602	1.786494
BBFROMNB	0.185846819900  -8.245	  34.901	3.873461	1.732078
BBFROMNB	0.185846829900  -7.430	  34.959	3.919260	1.689877
BBFROMNB	0.185846839900  -5.976	  36.310	3.859138	1.674435
BBFROMNB	0.185846849900  -7.865	  32.507	4.120297	1.624808
BBFROMNB	0.185846859900  -5.918	  33.082	4.169694	1.547288
BBFROMNB	0.185846869900 -10.765	  28.719	4.244759	1.678972
BBFROMNB	0.185846879900 -10.184	  29.750	4.205688	1.670585
BBFROMNB	0.185846889900 -12.935	  29.191	4.078351	1.802905
BBFROMNB	0.185846899900 -10.484	  27.615	4.331540	1.645875
BBFROMNB	0.185846909900  -6.720	  31.891	4.225523	1.551814
BBFROMNB	0.185846919900  -9.960	  33.554	3.898823	1.771923
BBFROMNB	0.185846929900 -10.334	  34.598	3.751964	1.842875
BBFROMNB	0.185846939900 -10.814	  30.712	4.096995	1.726156
BBFROMNB	0.185846949900 -13.028	  30.931	3.927017	1.856411
BBFROMNB	0.185846959900 -12.847	  28.791	4.113937	1.789120
BBFROMNB	0.185846969900  -8.802	  33.616	3.968914	1.710038
BBFROMNB	0.185846979900  -9.390	  32.875	4.001554	1.715240
BBFROMNB	0.185846989900  -9.264	  34.661	3.828944	1.779781
BBFROMNB	0.185846999900 -11.981	  31.065	3.991793	1.799783
BBFROMNB	0.185847009900 -11.724	  28.001	4.237928	1.714668
BBFROMNB	0.185847019900 -12.935	  30.457	3.976189	1.836182
BBFROMNB	0.185847029900 -12.187	  34.134	3.635990	1.946437
BBFROMNB	0.185847039900 -11.493	  32.415	3.902455	1.816984
BBFROMNB	0.185847049900  -9.629	  32.905	3.983816	1.729180
BBFROMNB	0.185847059900 -11.205	  34.396	3.699752	1.890291
BBFROMNB	0.185847069900 -15.206	  26.159	4.135513	1.869071
BBFROMNB	0.185847079900 -13.203	  33.338	3.639211	1.975137
BBFROMNB	0.185847089900 -12.547	  32.246	3.836462	1.874849
BBFROMNB	0.185847099900 -13.728	  31.103	3.853711	1.905608
BBFROMNB	0.185847109900 -13.438	  32.615	3.711981	1.951800
BBFROMNB	0.185847119900 -11.033	  31.727	3.998646	1.767149
BBFROMNB	0.185847129900 -12.665	  28.804	4.124905	1.779537
BBFROMNB	0.185847139900  -7.745	  33.792	4.015130	1.660711
BBFROMNB	0.185847149900  -4.546	  36.171	3.953431	1.594533
BBFROMNB	0.185847159900  -2.593	  38.907	3.723391	1.645786
BBFROMNB	0.185847169900  -8.146	  34.057	3.966593	1.691566
BBFROMNB	0.185847179900  -7.448	  31.679	4.206764	1.581207
BBFROMNB	0.185847189900  -6.095	  35.342	3.957103	1.636295
BBFROMNB	0.185847199900  -4.824	  35.924	3.964981	1.597334
BBFROMNB	0.185847209900  -3.682	  34.644	4.137372	1.493835
BBFROMNB	0.185847219900  -3.712	  34.146	4.178366	1.478349
BBFROMNB	0.185847229900  -5.861	  31.341	4.304499	1.497412
BBFROMNB	0.185847239900  -6.395	  31.736	4.252146	1.532308
BBFROMNB	0.185847249900  -6.947	  33.711	4.065865	1.617467
BBFROMNB	0.185847259900  -3.774	  37.512	3.843109	1.621831
BBFROMNB	0.185847269900  -1.196	  37.907	3.920921	1.518466
BBFROMNB	0.185847279900  -0.546	  38.332	3.899165	1.511347
BBFROMNB	0.185847289900   0.156	  35.726	4.183185	1.365776
BBFROMNB	0.185847299900  -2.839	  32.169	4.363489	1.381510
BBFROMNB	0.185847309900  -3.975	  30.621	4.429537	1.394554
BBFROMNB	0.185847319900  -2.138	  33.962	4.253105	1.402537
BBFROMNB	0.185847329900  -2.694	  39.249	3.663605	1.676544
BBFROMNB	0.185847339900  -0.093	  38.747	3.868377	1.513833
BBFROMNB	0.185847349900  -2.250	  39.162	3.705262	1.645532
BBFROMNB	0.185847359900  -3.566	  39.031	3.639863	1.710079
BBFROMNB	0.185847369900  -2.700	  39.765	3.569708	1.721709
BBFROMNB	0.185847379900  -4.276	  34.649	4.111515	1.521392
BBFROMNB	0.185847389900   0.441	  38.160	3.956857	1.459033
BBFROMNB	0.185847399900  -1.406	  34.574	4.229170	1.390861
BBFROMNB	0.185847409900  -2.346	  36.169	4.053621	1.490940
BBFROMNB	0.185847419900  -2.527	  33.945	4.240407	1.419032
BBFROMNB	0.185847429900  -2.051	  33.062	4.325388	1.371656
BBFROMNB	0.185847439900  -7.268	  32.625	4.141481	1.598780
BBFROMNB	0.185847449900  -3.732	  36.476	3.961808	1.568527
BBFROMNB	0.185847459900  -2.847	  38.891	3.710366	1.658428
BBFROMNB	0.185847469900  -6.562	  37.588	3.644808	1.785927
#[time: 0.2]
#[time: 0.21]
#[time: 0.22]
#[time: 0.23]
#[time: 0.24]
#[time: 0.25]
#[time: 0.26]
#[time: 0.27]
#[time: 0.28]
#[time: 0.29]
#[time: 0.3]
NEWUNBINDING
NEWBINDING
#[time: 0.31]
#[time: 0.32]
#[time: 0.33]
#[time: 0.34]
#[time: 0.35]
#[time: 0.36]
#[time: 0.37]
#[time: 0.38]
#[time: 0.39]
#[time: 0.4]
NEWUNBINDING
NEWBINDING
#[time: 0.41]
#[time: 0.42]
#[time: 0.43]
#[time: 0.44]
NEWUNBINDING
NEWBINDING
#[time: 0.45]
#[time: 0.46]
#[time: 0.47]
#[time: 0.48]
#[time: 0.49]
#[time: 0.5]
#[time: 0.51]
#[time: 0.52]
#[time: 0.53]
#[time: 0.54]
#[time: 0.55]
#[time: 0.56]
#[time: 0.57]
#[time: 0.58]
NEWUNBINDING
NEWBINDING
#[time: 0.59]
NEWUNBINDING
NEWBINDING
#[time: 0.6]
#[time: 0.61]
#[time: 0.62]
#[time: 0.63]
NEWUNBINDING
NEWBINDING
#[time: 0.64]
#[time: 0.65]
#[time: 0.66]
#[time: 0.67]
#[time: 0.68]
#[time: 0.69]
#[time: 0.7]
#[time: 0.71]
#[time: 0.72]
#[time: 0.73]
NEWUNBINDING
NEWBINDING
#[time: 0.74]
#[time: 0.75]
#[time: 0.76]
#[time: 0.77]
#[time: 0.78]
#[time: 0.79]
NEWUNBINDING
NEWBINDING
#[time: 0.8]
#[time: 0.81]
#[time: 0.82]
#[time: 0.83]
#[time: 0.84]
#[time: 0.85]
#[time: 0.86]
#[time: 0.87]
#[time: 0.88]
#[time: 0.89]
#[time: 0.9]
NEWUNBINDING
NEWBINDING
#[time: 0.91]
#[time: 0.92]
NEWUNBINDING
NEWBINDING
#[time: 0.93]
#[time: 0.94]
#[time: 0.95]
#[time: 0.96]
#[time: 0.97]
#[time: 0.98]
#[time: 0.99]
#[time: 1]
#[time: 1.01]
#[time: 1.02]
#[time: 1.03]
#[time: 1.04]
#[time: 1.05]
#[time: 1.06]
#[time: 1.07]
#[time: 1.08]
#[time: 1.09]
#[time: 1.1]
#[time: 1.11]
#[time: 1.12]
#[time: 1.13]
#[time: 1.14]
#[time: 1.15]
#[time: 1.16]
#[time: 1.17]
#[time: 1.18]
#[time: 1.19]
#[time: 1.2]
#[time: 1.21]
#[time: 1.22]
#[time: 1.23]
#[time: 1.24]
#[time: 1.25]
#[time: 1.26]
#[time: 1.27]
#[time: 1.28]
#[time: 1.29]
#[time: 1.3]
#[time: 1.31]
NEWUNBINDING
NEWBINDING
#[time: 1.32]
#[time: 1.33]
#[time: 1.34]
#[time: 1.35]
#[time: 1.36]
#[time: 1.37]
#[time: 1.38]
#[time: 1.39]
#[time: 1.4]
#[time: 1.41]
#[time: 1.42]
#[time: 1.43]
#[time: 1.44]
#[time: 1.45]
#[time: 1.46]
#[time: 1.47]
#[time: 1.48]
#[time: 1.49]
#[time: 1.5]
#[time: 1.51]
#[time: 1.52]
#[time: 1.53]
NEWUNBINDING
NEWBINDING
#[time: 1.54]
#[time: 1.55]
#[time: 1.56]
#[time: 1.57]
#[time: 1.58]
#[time: 1.59]
#[time: 1.6]
NEWUNBINDING
NEWBINDING
#[time: 1.61]
#[time: 1.62]
#[time: 1.63]
#[time: 1.64]
#[time: 1.65]
#[time: 1.66]
#[time: 1.67]
#[time: 1.68]
#[time: 1.69]
NEWUNBINDING
NEWBINDING
#[time: 1.7]
#[time: 1.71]
#[time: 1.72]
#[time: 1.73]
#[time: 1.74]
#[time: 1.75]
#[time: 1.76]
#[time: 1.77]
#[time: 1.78]
#[time: 1.79]
#[time: 1.8]
#[time: 1.81]
#[time: 1.82]
#[time: 1.83]
#[time: 1.84]
#[time: 1.85]
NEWUNBINDING
NEWBINDING
#[time: 1.86]
NEWUNBINDING
NEWBINDING
#[time: 1.87]
#[time: 1.88]
#[time: 1.89]
#[time: 1.9]
#[time: 1.91]
#[time: 1.92]
#[time: 1.93]
#[time: 1.94]
#[time: 1.95]
#[time: 1.96]
#[time: 1.97]
#[time: 1.98]
#[time: 1.99]
