# command line: ./generate_stepping_data --k_b 1e+25 --k_ub 1000000000.0 --cb 0.1 --cm 0.5 --ct 0.2 --ls 10.49 --lt 23.8 --eqb 120 --eqmpre 200 --eqmpost 224 --eqt 0 --dt 1e-10 --label papertrajecto --seed 1 --runtime 0.0001 --framerate 1e-08



#********papertrajecto__k_b-1e+25,k_ub-1e+09,cb-0.1,cm-0.5,ct-0.2,ls-10.49,lt-23.8,seed-1,dt-1e-10********
#time_unbind, time_bind, nbx_bind, fbx_bind, nmx_unbind, fmx_unbind, nmx_bind, fmx_bind
#[time: 0]
     6.98e-07     3.773e-06                  0   19.1110934001163  -6.73983811990158  -6.94321421382905   10.3096859769678     10.03238028137
   3.7741e-06    4.4692e-06   39.9330270129557   19.1110934001163   10.0652861228775   10.1503954247595    29.454305192577   29.4649837531518
   4.4714e-06    7.0019e-06   39.9330270129557     59.49633709075    31.292313688787   29.1220937462962   50.3900110676307   50.0876859804208
   7.0026e-06    7.0037e-06   39.9330270129557   54.0042055889955   50.3265492897965   50.3437599373004   50.3384185953468   48.8046387398439
   7.0065e-06    7.3729e-06   74.3672579746438   54.0042055889955   46.8592396792357   46.0181658480119   64.1200833590049   64.0825824183806
   7.3743e-06   1.41723e-05   72.8185207993673   54.0042055889955   64.7648734260185   64.0489472022558   64.0004456280643    64.463528396956
  1.41723e-05   1.62775e-05   74.1674025047677   54.0042055889955   64.0004456280643    64.463528396956    64.239001768216   64.3578777852464
  1.62779e-05   1.68175e-05   74.3322287684235   54.0042055889955   64.2513172647089   64.2497084182991   64.3715943244964   64.4860095782834
  1.68203e-05   1.68215e-05    72.513753159215   54.0042055889955   65.2254505107047   63.8523043525738   67.7586081096393   64.3836887133481
  1.68217e-05   1.74962e-05   73.6386205581972   54.0042055889955   67.8431958106731   64.3530621794814   64.0578485147827   64.3462057449126
  1.74962e-05   1.81544e-05   73.6386205581972   94.5941254095435   64.0578485147827   64.3462057449126     84.11670256774   84.1073224202501
  1.81544e-05   1.82045e-05   73.6386205581972    93.513073410462     84.11670256774   84.1073224202501   84.1272776538794   83.8742748072241
  1.82048e-05   1.91393e-05   73.6386205581972   94.4183015573337   84.1217471205503   83.8400534673742   84.1284999940826   84.0861652965094
  1.91393e-05   2.05927e-05     114.1144930037   94.4183015573337   84.1284999940826   84.0861652965094   104.112961224698   103.990878096449
  2.05928e-05   2.29194e-05     114.1144930037   134.599621774315   104.112961224698   103.990878096449   124.559980147966   124.519447619917
