# command line: ./generate_stepping_data --cm 1.05 --eqt 0.0 --eqb 120.0 --eqmpre 197.0 --force 0 --exp-unbinding-constant -0.35 --rt 8 --ct 0.36 --runtime 2.0 --k_b 3000000.0 --seed 5 --ls 20.75 --label paper_stroke_angles_5 --cb 0.08 --framerate 1e-10 --eqmpost 242.0 --lt 23.0 --angle-logging-mode --nomovie --rm 11 --rb 3.5 --dt 1e-10 --k_ub 30.0



#********paper_stroke_angles_5__k_b-3e+06,k_ub-30,c--0.35,cb-0.08,cm-1.05,ct-0.36,ls-20.75,lt-23,seed-5,dt-1e-10********
#state, time, tx displacement, ty displacement, recently bound motor angle, recently bound binding angle
#[time: 0]
#[time: 0.01]
#[time: 0.02]
#[time: 0.03]
#[time: 0.04]
#[time: 0.05]
#[time: 0.06]
#[time: 0.07]
#[time: 0.08]
#[time: 0.09]
NEWUNBINDING
NEARBOUN	0.084240809400 -18.384	  34.715	3.919626	0.000000
NEARBOUN	0.084240819400 -17.672	  32.342	4.025555	0.000000
NEARBOUN	0.084240829400 -12.630	  37.275	3.107752	0.000000
NEARBOUN	0.084240839400  -9.238	  35.800	3.097959	0.000000
NEARBOUN	0.084240849400  -9.934	  35.377	2.857345	0.000000
NEARBOUN	0.084240859400  -8.711	  37.138	3.229341	0.000000
NEARBOUN	0.084240869400 -11.517	  33.600	3.105494	0.000000
NEARBOUN	0.084240879400 -10.164	  35.918	3.139690	0.000000
NEARBOUN	0.084240889400  -5.723	  38.917	3.327663	0.000000
NEARBOUN	0.084240899400  -6.254	  36.087	3.467399	0.000000
NEARBOUN	0.084240909400  -5.460	  34.743	3.636880	0.000000
NEARBOUN	0.084240919400  -3.748	  37.936	3.428897	0.000000
NEARBOUN	0.084240929400  -2.017	  40.782	3.402323	0.000000
NEARBOUN	0.084240939400  -0.175	  40.873	3.117262	0.000000
NEARBOUN	0.084240949400  -6.913	  37.285	3.441078	0.000000
NEARBOUN	0.084240959400  -8.105	  33.599	3.528504	0.000000
NEARBOUN	0.084240969400  -6.625	  36.036	3.479009	0.000000
NEARBOUN	0.084240979400  -6.333	  38.848	3.411292	0.000000
NEARBOUN	0.084240989400  -5.989	  35.378	3.461423	0.000000
NEARBOUN	0.084240999400  -3.605	  36.328	3.222927	0.000000
NEARBOUN	0.084241009400  -0.934	  37.691	3.066568	0.000000
NEARBOUN	0.084241019400  -4.316	  40.087	3.531287	0.000000
NEARBOUN	0.084241029400  -2.212	  39.032	3.662650	0.000000
NEARBOUN	0.084241039400  -3.444	  36.870	3.606713	0.000000
NEARBOUN	0.084241049400  -2.021	  37.394	3.001902	0.000000
NEARBOUN	0.084241059400  -5.821	  37.324	3.735496	0.000000
NEARBOUN	0.084241069400  -8.521	  36.492	3.866327	0.000000
NEARBOUN	0.084241079400  -3.103	  39.964	3.565205	0.000000
NEARBOUN	0.084241089400   0.470	  39.405	2.718357	0.000000
NEARBOUN	0.084241099400  -0.151	  41.254	2.896557	0.000000
NEARBOUN	0.084241109400  -2.232	  41.682	3.725905	0.000000
NEARBOUN	0.084241119400   3.672	  41.591	3.782601	0.000000
NEARBOUN	0.084241129400  -4.506	  38.385	3.362109	0.000000
NEARBOUN	0.084241139400  -6.471	  38.332	3.107138	0.000000
NEARBOUN	0.084241149400  -5.920	  38.628	3.155023	0.000000
NEARBOUN	0.084241159400  -7.947	  34.783	3.625991	0.000000
NEARBOUN	0.084241169400  -6.516	  39.220	3.929862	0.000000
NEARBOUN	0.084241179400  -8.263	  37.043	3.496249	0.000000
NEARBOUN	0.084241189400 -10.639	  30.658	3.816176	0.000000
NEARBOUN	0.084241199400  -7.247	  34.163	3.580956	0.000000
NEARBOUN	0.084241209400 -10.410	  32.944	3.594054	0.000000
NEARBOUN	0.084241219400  -8.124	  34.584	3.320235	0.000000
NEARBOUN	0.084241229400  -8.721	  31.393	3.179997	0.000000
NEARBOUN	0.084241239400  -6.331	  32.760	3.369307	0.000000
NEARBOUN	0.084241249400  -9.623	  29.647	3.623606	0.000000
NEARBOUN	0.084241259400 -12.182	  30.284	3.462250	0.000000
NEARBOUN	0.084241269400 -16.869	  23.673	3.473775	0.000000
NEARBOUN	0.084241279400 -17.510	  25.532	3.520257	0.000000
NEARBOUN	0.084241289400 -20.507	  19.109	3.658996	0.000000
NEARBOUN	0.084241299400 -17.742	  27.542	2.747603	0.000000
NEARBOUN	0.084241309400 -15.584	  26.328	3.457803	0.000000
NEARBOUN	0.084241319400 -17.706	  29.391	3.546747	0.000000
NEARBOUN	0.084241329400 -18.073	  30.835	3.167503	0.000000
NEARBOUN	0.084241339400 -16.561	  32.818	3.576383	0.000000
NEARBOUN	0.084241349400 -12.237	  37.303	3.644813	0.000000
NEARBOUN	0.084241359400 -10.217	  38.171	3.595781	0.000000
NEARBOUN	0.084241369400  -8.613	  37.967	3.571711	0.000000
NEARBOUN	0.084241379400  -8.248	  41.027	3.863101	0.000000
NEARBOUN	0.084241389400  -6.719	  39.525	3.544198	0.000000
NEARBOUN	0.084241399400  -6.768	  36.278	3.600782	0.000000
NEARBOUN	0.084241409400  -7.630	  35.071	3.230010	0.000000
NEARBOUN	0.084241419400 -13.418	  30.674	3.270592	0.000000
NEARBOUN	0.084241429400 -18.170	  27.403	3.294898	0.000000
NEARBOUN	0.084241439400 -14.653	  32.205	3.402806	0.000000
NEARBOUN	0.084241449400 -11.981	  34.673	3.030793	0.000000
NEARBOUN	0.084241459400 -16.954	  29.390	3.385805	0.000000
NEARBOUN	0.084241469400 -17.522	  29.588	3.193725	0.000000
NEARBOUN	0.084241479400 -19.516	  28.054	3.603342	0.000000
NEARBOUN	0.084241489400 -17.865	  28.390	3.183535	0.000000
NEARBOUN	0.084241499400 -15.798	  28.278	3.394884	0.000000
NEARBOUN	0.084241509400 -17.282	  32.011	3.244648	0.000000
NEARBOUN	0.084241519400 -18.998	  25.475	3.310358	0.000000
NEARBOUN	0.084241529400 -20.949	  26.606	3.687067	0.000000
NEARBOUN	0.084241539400 -19.758	  30.968	3.433436	0.000000
NEARBOUN	0.084241549400 -19.587	  29.908	3.203213	0.000000
NEARBOUN	0.084241559400 -20.717	  24.940	3.581532	0.000000
NEARBOUN	0.084241569400 -17.834	  29.987	3.200557	0.000000
NEARBOUN	0.084241579400 -18.453	  22.412	3.330523	0.000000
NEARBOUN	0.084241589400 -21.993	  26.108	3.065581	0.000000
NEARBOUN	0.084241599400 -26.630	  27.738	2.866203	0.000000
NEARBOUN	0.084241609400 -26.114	  23.076	3.014846	0.000000
NEARBOUN	0.084241619400 -24.878	  28.123	3.392764	0.000000
NEARBOUN	0.084241629400 -29.273	  20.907	3.550044	0.000000
NEARBOUN	0.084241639400 -32.009	  22.956	3.353353	0.000000
NEARBOUN	0.084241649400 -32.090	  21.804	3.973190	0.000000
NEARBOUN	0.084241659400 -31.233	  21.436	3.699367	0.000000
NEARBOUN	0.084241669400 -31.350	  23.976	3.187968	0.000000
NEARBOUN	0.084241679400 -32.598	  22.559	3.254414	0.000000
NEARBOUN	0.084241689400 -32.532	  16.605	3.560794	0.000000
NEARBOUN	0.084241699400 -35.368	  19.875	3.429367	0.000000
NEARBOUN	0.084241709400 -35.115	  10.746	3.842082	0.000000
NEARBOUN	0.084241719400 -32.412	  16.982	3.658687	0.000000
NEARBOUN	0.084241729400 -30.603	  19.207	3.643343	0.000000
NEARBOUN	0.084241739400 -29.567	  20.954	3.158455	0.000000
NEARBOUN	0.084241749400 -28.456	  19.616	3.275924	0.000000
NEARBOUN	0.084241759400 -27.158	  21.766	3.397047	0.000000
NEARBOUN	0.084241769400 -29.262	  23.615	3.470991	0.000000
NEARBOUN	0.084241779400 -29.285	  26.028	3.540771	0.000000
NEARBOUN	0.084241789400 -29.921	  22.899	3.421276	0.000000
NEWBINDING
BBFROMNB	0.086038186400  -8.658	  37.221	3.685068	1.773125
BBFROMNB	0.086038196400  -6.426	  36.461	3.922977	1.607415
BBFROMNB	0.086038206400  -3.713	  38.119	3.868078	1.559078
BBFROMNB	0.086038216400  -3.407	  38.254	3.866004	1.552000
BBFROMNB	0.086038226400  -4.121	  34.697	4.189629	1.430937
BBFROMNB	0.086038236400  -5.236	  37.706	3.842207	1.610960
BBFROMNB	0.086038246400  -4.717	  37.921	3.842921	1.596910
BBFROMNB	0.086038256400  -1.866	  36.910	4.070634	1.418775
BBFROMNB	0.086038266400  -0.262	  39.186	3.880564	1.464048
BBFROMNB	0.086038276400  -4.010	  36.669	4.013676	1.502090
BBFROMNB	0.086038286400  -8.105	  36.322	3.842883	1.688122
BBFROMNB	0.086038296400  -6.828	  35.401	4.011177	1.581329
BBFROMNB	0.086038306400  -8.374	  33.805	4.081293	1.597886
BBFROMNB	0.086038316400  -6.948	  28.416	4.528743	1.400807
BBFROMNB	0.086038326400  -8.146	  32.225	4.221410	1.538883
BBFROMNB	0.086038336400  -6.930	  32.596	4.246605	1.492268
BBFROMNB	0.086038346400  -4.753	  25.016	4.798276	1.251841
BBFROMNB	0.086038356400  -4.937	  29.668	4.524331	1.332934
BBFROMNB	0.086038366400  -7.371	  29.466	4.446788	1.439309
BBFROMNB	0.086038376400  -3.636	  37.037	3.991654	1.501602
BBFROMNB	0.086038386400   0.070	  39.770	3.818259	1.485352
BBFROMNB	0.086038396400  -5.753	  33.749	4.204592	1.472657
BBFROMNB	0.086038406400  -2.769	  35.167	4.197518	1.388964
BBFROMNB	0.086038416400  -3.463	  32.601	4.375040	1.338217
BBFROMNB	0.086038426400  -6.111	  33.639	4.198906	1.485461
BBFROMNB	0.086038436400  -7.652	  31.588	4.290788	1.499090
BBFROMNB	0.086038446400 -10.115	  29.022	4.355340	1.559876
BBFROMNB	0.086038456400  -7.067	  34.014	4.126129	1.541935
BBFROMNB	0.086038466400  -6.896	  33.627	4.166263	1.521374
BBFROMNB	0.086038476400  -8.008	  34.942	3.995391	1.621331
BBFROMNB	0.086038486400  -6.506	  38.177	3.701856	1.708381
BBFROMNB	0.086038496400  -5.735	  35.351	4.067005	1.527319
BBFROMNB	0.086038506400  -7.078	  34.362	4.095275	1.554414
BBFROMNB	0.086038516400  -8.118	  33.084	4.154791	1.562330
BBFROMNB	0.086038526400  -6.587	  35.887	3.974991	1.589668
BBFROMNB	0.086038536400  -6.290	  36.831	3.889124	1.618409
BBFROMNB	0.086038546400  -2.634	  38.535	3.866436	1.531669
BBFROMNB	0.086038556400   1.454	  39.347	3.916366	1.403292
BBFROMNB	0.086038566400  -2.595	  38.223	3.905218	1.512809
BBFROMNB	0.086038576400  -3.060	  37.263	3.991508	1.486155
BBFROMNB	0.086038586400  -3.170	  39.483	3.711792	1.617871
BBFROMNB	0.086038596400  -5.853	  38.608	3.680808	1.701133
BBFROMNB	0.086038606400  -7.191	  38.292	3.632033	1.758722
BBFROMNB	0.086038616400 -10.401	  35.782	3.748778	1.792539
BBFROMNB	0.086038626400 -14.357	  29.981	4.048221	1.796770
BBFROMNB	0.086038636400 -14.632	  32.749	3.762969	1.909932
BBFROMNB	0.086038646400 -16.129	  30.264	3.891022	1.908860
BBFROMNB	0.086038656400 -13.274	  33.365	3.810741	1.849644
BBFROMNB	0.086038666400 -10.823	  33.776	3.945010	1.723353
BBFROMNB	0.086038676400 -11.045	  31.317	4.145664	1.656423
BBFROMNB	0.086038686400 -12.622	  32.654	3.933766	1.781861
BBFROMNB	0.086038696400 -12.140	  32.872	3.946001	1.762497
BBFROMNB	0.086038706400 -13.461	  29.737	4.125097	1.742232
BBFROMNB	0.086038716400 -15.127	  27.599	4.172139	1.786678
BBFROMNB	0.086038726400 -12.453	  28.846	4.247221	1.671387
BBFROMNB	0.086038736400 -10.089	  34.422	3.926701	1.709138
BBFROMNB	0.086038746400  -8.226	  31.282	4.287800	1.518343
BBFROMNB	0.086038756400  -6.914	  32.149	4.280969	1.479360
BBFROMNB	0.086038766400  -5.691	  34.199	4.170110	1.484345
BBFROMNB	0.086038776400  -8.037	  34.489	4.036881	1.605461
BBFROMNB	0.086038786400  -3.920	  34.978	4.173250	1.431881
BBFROMNB	0.086038796400  -2.474	  36.424	4.095805	1.424292
BBFROMNB	0.086038806400  -3.258	  33.904	4.283918	1.367652
BBFROMNB	0.086038816400  -1.413	  36.625	4.112495	1.387905
BBFROMNB	0.086038826400   0.479	  34.464	4.346597	1.232388
BBFROMNB	0.086038836400  -1.084	  36.984	4.089110	1.389383
BBFROMNB	0.086038846400  -2.205	  33.945	4.314095	1.324432
BBFROMNB	0.086038856400  -4.090	  34.213	4.230605	1.413462
BBFROMNB	0.086038866400   0.225	  40.403	3.734638	1.521917
BBFROMNB	0.086038876400  -2.094	  37.383	4.015677	1.449481
BBFROMNB	0.086038886400   1.929	  37.982	4.075703	1.315198
BBFROMNB	0.086038896400   1.945	  34.179	4.400613	1.166064
BBFROMNB	0.086038906400   4.715	  37.514	4.174824	1.194037
BBFROMNB	0.086038916400  -2.920	  34.538	4.244634	1.373729
BBFROMNB	0.086038926400  -1.365	  35.910	4.178437	1.357619
BBFROMNB	0.086038936400  -1.998	  38.708	3.872344	1.512463
BBFROMNB	0.086038946400  -7.411	  34.535	4.064020	1.576484
BBFROMNB	0.086038956400  -9.910	  34.761	3.902974	1.713577
BBFROMNB	0.086038966400 -13.397	  30.755	4.049616	1.764681
BBFROMNB	0.086038976400 -13.499	  30.086	4.096208	1.752654
BBFROMNB	0.086038986400 -16.062	  30.276	3.895495	1.905071
BBFROMNB	0.086038996400 -18.944	  24.256	4.120467	1.945854
BBFROMNB	0.086039006400 -20.147	  27.434	3.772755	2.089012
BBFROMNB	0.086039016400 -18.466	  27.069	3.965520	1.966151
BBFROMNB	0.086039026400 -16.672	  25.828	4.185632	1.841188
BBFROMNB	0.086039036400 -17.463	  17.245	4.549541	1.851087
BBFROMNB	0.086039046400 -19.723	  16.864	4.418975	1.964363
BBFROMNB	0.086039056400 -20.588	  22.429	4.099847	2.020094
BBFROMNB	0.086039066400 -18.521	  25.311	4.085970	1.936366
BBFROMNB	0.086039076400 -17.406	  24.176	4.234987	1.860553
BBFROMNB	0.086039086400 -19.506	  24.023	4.091349	1.975105
BBFROMNB	0.086039096400 -18.451	  24.924	4.116122	1.926720
BBFROMNB	0.086039106400 -19.593	  25.060	4.016895	1.995476
BBFROMNB	0.086039116400 -17.353	  26.309	4.106944	1.886048
BBFROMNB	0.086039126400 -18.678	  22.858	4.220517	1.916972
BBFROMNB	0.086039136400 -16.816	  20.738	4.446451	1.811274
BBFROMNB	0.086039146400 -14.604	  21.040	4.560150	1.702609
BBFROMNB	0.086039156400 -16.190	  25.611	4.230792	1.812520
BBFROMNB	0.086039166400 -13.583	  27.324	4.283167	1.702038
#[time: 0.1]
NEWUNBINDING
FARBOUND	0.097787621700  -5.610	  41.222	3.783314	0.000000
FARBOUND	0.097787631700  -6.010	  40.936	4.111721	0.000000
FARBOUND	0.097787641700  -3.355	  42.614	3.955335	0.000000
FARBOUND	0.097787651700  -0.129	  43.027	3.526943	0.000000
FARBOUND	0.097787661700   3.897	  42.300	3.586989	0.000000
FARBOUND	0.097787671700   9.371	  41.302	3.669063	0.000000
FARBOUND	0.097787681700  10.895	  41.206	3.686427	0.000000
FARBOUND	0.097787691700  12.882	  40.857	3.297740	0.000000
FARBOUND	0.097787701700  10.721	  40.252	3.642641	0.000000
FARBOUND	0.097787711700   4.305	  40.051	3.953402	0.000000
FARBOUND	0.097787721700   0.438	  41.955	3.835212	0.000000
FARBOUND	0.097787731700   6.129	  42.239	3.612452	0.000000
FARBOUND	0.097787741700   6.966	  43.018	3.220505	0.000000
FARBOUND	0.097787751700   2.228	  41.424	3.561803	0.000000
FARBOUND	0.097787761700   0.691	  39.197	4.008687	0.000000
FARBOUND	0.097787771700   5.102	  37.846	3.433399	0.000000
FARBOUND	0.097787781700   7.683	  35.119	3.075605	0.000000
FARBOUND	0.097787791700   6.215	  35.248	3.339402	0.000000
FARBOUND	0.097787801700   4.201	  38.094	3.527525	0.000000
FARBOUND	0.097787811700  13.352	  39.585	3.229563	0.000000
FARBOUND	0.097787821700  12.233	  40.024	3.373414	0.000000
FARBOUND	0.097787831700  14.025	  39.144	3.249447	0.000000
FARBOUND	0.097787841700  11.534	  39.828	3.260571	0.000000
FARBOUND	0.097787851700  12.586	  38.740	3.725505	0.000000
FARBOUND	0.097787861700   9.432	  38.315	4.345475	0.000000
FARBOUND	0.097787871700  10.383	  41.078	3.279524	0.000000
FARBOUND	0.097787881700  10.171	  42.143	3.656215	0.000000
FARBOUND	0.097787891700   7.539	  41.132	3.846778	0.000000
FARBOUND	0.097787901700   6.868	  39.995	3.216931	0.000000
FARBOUND	0.097787911700   7.560	  37.429	3.698973	0.000000
FARBOUND	0.097787921700   1.546	  41.240	3.723218	0.000000
FARBOUND	0.097787931700   5.356	  41.932	3.624045	0.000000
FARBOUND	0.097787941700   2.970	  41.298	3.426753	0.000000
FARBOUND	0.097787951700  -0.432	  40.402	4.012172	0.000000
FARBOUND	0.097787961700   1.715	  37.855	3.732959	0.000000
FARBOUND	0.097787971700   3.357	  36.828	3.383542	0.000000
FARBOUND	0.097787981700   3.618	  33.453	3.623233	0.000000
FARBOUND	0.097787991700   7.169	  34.407	3.589323	0.000000
FARBOUND	0.097788001700   3.976	  36.437	4.201986	0.000000
FARBOUND	0.097788011700   4.501	  39.548	3.258205	0.000000
FARBOUND	0.097788021700   3.613	  39.285	3.494088	0.000000
FARBOUND	0.097788031700   3.788	  40.518	3.401957	0.000000
FARBOUND	0.097788041700   4.321	  40.016	3.519307	0.000000
FARBOUND	0.097788051700   7.636	  38.143	3.589074	0.000000
FARBOUND	0.097788061700   5.501	  35.037	3.804819	0.000000
FARBOUND	0.097788071700   2.774	  36.364	3.924664	0.000000
FARBOUND	0.097788081700   4.867	  38.248	3.534500	0.000000
FARBOUND	0.097788091700   0.638	  40.098	3.867272	0.000000
FARBOUND	0.097788101700  -0.537	  39.066	3.457011	0.000000
FARBOUND	0.097788111700  -1.616	  40.702	3.764618	0.000000
FARBOUND	0.097788121700  -0.557	  41.829	3.059974	0.000000
FARBOUND	0.097788131700  -3.976	  41.468	3.743133	0.000000
FARBOUND	0.097788141700  -1.653	  42.045	4.046173	0.000000
FARBOUND	0.097788151700  -4.968	  40.447	3.376815	0.000000
FARBOUND	0.097788161700  -2.582	  40.434	3.484069	0.000000
FARBOUND	0.097788171700  -4.237	  39.266	3.991673	0.000000
FARBOUND	0.097788181700  -7.658	  39.149	3.966293	0.000000
FARBOUND	0.097788191700  -8.063	  39.100	3.761132	0.000000
FARBOUND	0.097788201700  -4.947	  38.403	3.547967	0.000000
FARBOUND	0.097788211700  -5.012	  40.135	3.341086	0.000000
FARBOUND	0.097788221700  -1.091	  39.862	3.428967	0.000000
FARBOUND	0.097788231700   4.200	  42.281	3.496659	0.000000
FARBOUND	0.097788241700   4.599	  40.616	3.461993	0.000000
FARBOUND	0.097788251700   6.894	  38.571	3.365638	0.000000
FARBOUND	0.097788261700  10.443	  38.301	3.576690	0.000000
FARBOUND	0.097788271700   8.824	  33.692	3.210462	0.000000
FARBOUND	0.097788281700   8.150	  33.786	3.643289	0.000000
FARBOUND	0.097788291700  12.064	  30.919	3.307492	0.000000
FARBOUND	0.097788301700   4.750	  32.221	4.184605	0.000000
FARBOUND	0.097788311700   9.113	  34.920	3.915534	0.000000
FARBOUND	0.097788321700   6.602	  33.771	4.094276	0.000000
FARBOUND	0.097788331700  18.481	  32.553	3.586850	0.000000
FARBOUND	0.097788341700  22.740	  31.641	3.335658	0.000000
FARBOUND	0.097788351700  21.466	  33.871	3.849502	0.000000
FARBOUND	0.097788361700  21.238	  36.330	3.749382	0.000000
FARBOUND	0.097788371700  21.142	  36.592	4.009906	0.000000
FARBOUND	0.097788381700  22.254	  36.286	3.615426	0.000000
FARBOUND	0.097788391700  18.350	  37.132	3.872429	0.000000
FARBOUND	0.097788401700  18.690	  36.623	4.013666	0.000000
FARBOUND	0.097788411700  20.214	  34.880	3.396537	0.000000
FARBOUND	0.097788421700  22.600	  33.670	2.853366	0.000000
FARBOUND	0.097788431700  19.885	  36.238	3.204814	0.000000
FARBOUND	0.097788441700  20.484	  36.496	3.261682	0.000000
FARBOUND	0.097788451700  17.404	  37.062	3.443878	0.000000
FARBOUND	0.097788461700  15.619	  38.116	3.642932	0.000000
FARBOUND	0.097788471700  17.742	  38.512	3.389014	0.000000
FARBOUND	0.097788481700  17.625	  38.143	3.474371	0.000000
FARBOUND	0.097788491700  18.945	  37.443	3.095361	0.000000
FARBOUND	0.097788501700  21.296	  35.871	2.999084	0.000000
FARBOUND	0.097788511700  19.828	  35.734	3.773186	0.000000
FARBOUND	0.097788521700  20.218	  34.945	3.837087	0.000000
FARBOUND	0.097788531700  21.380	  37.487	3.547671	0.000000
FARBOUND	0.097788541700  20.103	  36.069	3.627031	0.000000
FARBOUND	0.097788551700  19.304	  34.243	3.950382	0.000000
FARBOUND	0.097788561700  23.826	  33.047	3.699209	0.000000
FARBOUND	0.097788571700  24.096	  32.202	3.711178	0.000000
FARBOUND	0.097788581700  24.779	  34.267	3.887838	0.000000
FARBOUND	0.097788591700  22.098	  34.466	4.178196	0.000000
FARBOUND	0.097788601700  25.584	  30.628	3.641566	0.000000
NEWBINDING
BBFROMFB	0.101858761700  -5.346	  36.904	3.826871	1.671196
BBFROMFB	0.101858771700  -3.328	  38.102	3.793291	1.632455
BBFROMFB	0.101858781700  -1.653	  37.577	3.938317	1.522646
BBFROMFB	0.101858791700   0.512	  37.251	4.053952	1.412891
BBFROMFB	0.101858801700  -1.325	  34.759	4.216827	1.393477
BBFROMFB	0.101858811700   0.545	  36.233	4.150632	1.369035
BBFROMFB	0.101858821700   0.849	  37.660	4.023964	1.417465
BBFROMFB	0.101858831700  -1.668	  34.927	4.190826	1.414069
BBFROMFB	0.101858841700  -3.070	  35.694	4.068791	1.504571
BBFROMFB	0.101858851700  -2.433	  33.817	4.254183	1.410708
BBFROMFB	0.101858861700  -4.844	  36.143	3.941328	1.607828
BBFROMFB	0.101858871700  -5.244	  34.729	4.059968	1.569928
BBFROMFB	0.101858881700  -5.187	  32.549	4.244209	1.497463
BBFROMFB	0.101858891700   1.017	  35.473	4.230473	1.321037
BBFROMFB	0.101858901700   2.648	  36.518	4.184029	1.296326
BBFROMFB	0.101858911700   4.368	  35.784	4.285146	1.202686
BBFROMFB	0.101858921700   0.774	  36.866	4.099547	1.385387
BBFROMFB	0.101858931700   0.386	  37.365	4.038307	1.423330
BBFROMFB	0.101858941700  -0.313	  35.061	4.225065	1.361054
BBFROMFB	0.101858951700   3.347	  36.805	4.175465	1.281168
BBFROMFB	0.101858961700   9.648	  36.926	4.262361	1.068735
BBFROMFB	0.101858971700   9.679	  39.535	4.012996	1.195013
BBFROMFB	0.101858981700   4.562	  38.313	4.059937	1.303016
BBFROMFB	0.101858991700   3.973	  38.339	4.043552	1.326184
BBFROMFB	0.101859001700   5.807	  37.347	4.176978	1.214145
BBFROMFB	0.101859011700   4.733	  34.442	4.398096	1.140808
BBFROMFB	0.101859021700   9.002	  33.952	4.491418	0.972014
BBFROMFB	0.101859031700  15.698	  37.248	4.239071	0.918361
BBFROMFB	0.101859041700  12.499	  35.759	4.371209	0.933745
BBFROMFB	0.101859051700  11.451	  37.578	4.215523	1.044462
BBFROMFB	0.101859061700  18.277	  37.670	4.176545	0.884911
BBFROMFB	0.101859071700  16.591	  37.141	4.241782	0.892839
BBFROMFB	0.101859081700  10.623	  31.430	4.676817	0.829125
BBFROMFB	0.101859091700   6.921	  29.814	4.747693	0.915711
BBFROMFB	0.101859101700  11.602	  35.258	4.408578	0.939227
BBFROMFB	0.101859111700  12.830	  35.453	4.395573	0.911400
BBFROMFB	0.101859121700  12.993	  33.338	4.552615	0.821764
BBFROMFB	0.101859131700  14.653	  34.669	4.452665	0.828151
BBFROMFB	0.101859141700  12.964	  34.778	4.447466	0.879638
BBFROMFB	0.101859151700  12.485	  32.750	4.593433	0.815031
BBFROMFB	0.101859161700  14.101	  33.658	4.528559	0.801953
BBFROMFB	0.101859171700  12.975	  36.578	4.304752	0.956149
BBFROMFB	0.101859181700  12.586	  33.367	4.550389	0.835172
BBFROMFB	0.101859191700   9.893	  35.069	4.414761	0.984639
BBFROMFB	0.101859201700   5.628	  34.650	4.397724	1.115086
BBFROMFB	0.101859211700   2.273	  35.443	4.266406	1.269919
BBFROMFB	0.101859221700   0.417	  39.053	3.851460	1.508538
BBFROMFB	0.101859231700   1.422	  37.816	4.026455	1.401147
BBFROMFB	0.101859241700  -0.921	  34.987	4.211445	1.384143
BBFROMFB	0.101859251700  -3.116	  36.715	3.965852	1.549857
BBFROMFB	0.101859261700  -0.815	  36.451	4.085430	1.434966
BBFROMFB	0.101859271700  -2.618	  36.798	3.979586	1.530328
BBFROMFB	0.101859281700  -3.204	  33.510	4.249770	1.435354
BBFROMFB	0.101859291700  -3.404	  36.284	3.996939	1.544315
BBFROMFB	0.101859301700  -3.700	  32.649	4.296846	1.432506
BBFROMFB	0.101859311700  -3.204	  31.386	4.405769	1.377689
BBFROMFB	0.101859321700   0.286	  34.833	4.262042	1.328334
BBFROMFB	0.101859331700   0.250	  36.631	4.104896	1.397261
BBFROMFB	0.101859341700   4.760	  37.427	4.149789	1.255092
BBFROMFB	0.101859351700   4.003	  36.179	4.244651	1.231419
BBFROMFB	0.101859361700   8.608	  38.126	4.144539	1.155860
BBFROMFB	0.101859371700  10.455	  37.371	4.229133	1.063987
BBFROMFB	0.101859381700  11.652	  35.918	4.356719	0.965039
BBFROMFB	0.101859391700   9.141	  36.270	4.313327	1.056857
BBFROMFB	0.101859401700  13.606	  36.910	4.276328	0.954306
BBFROMFB	0.101859411700  13.440	  34.427	4.473487	0.851727
BBFROMFB	0.101859421700  11.665	  35.000	4.428669	0.926865
BBFROMFB	0.101859431700  15.039	  38.118	4.163995	0.977359
BBFROMFB	0.101859441700   8.328	  39.154	4.038975	1.216159
BBFROMFB	0.101859451700   2.907	  38.653	3.982600	1.382770
BBFROMFB	0.101859461700   2.648	  38.789	3.960108	1.400077
BBFROMFB	0.101859471700   4.392	  38.042	4.083179	1.296400
BBFROMFB	0.101859481700   0.802	  31.684	4.508589	1.212992
BBFROMFB	0.101859491700   0.189	  31.865	4.479866	1.243321
BBFROMFB	0.101859501700  -6.912	  31.085	4.276159	1.540518
BBFROMFB	0.101859511700 -10.219	  34.600	3.761677	1.835371
BBFROMFB	0.101859521700  -4.726	  38.708	3.606823	1.755471
BBFROMFB	0.101859531700  -8.337	  32.007	4.135974	1.633727
BBFROMFB	0.101859541700  -5.267	  36.234	3.908796	1.633436
BBFROMFB	0.101859551700  -7.973	  32.132	4.145181	1.619126
BBFROMFB	0.101859561700  -4.112	  38.066	3.751589	1.672103
BBFROMFB	0.101859571700  -5.088	  35.450	3.999328	1.590250
BBFROMFB	0.101859581700  -4.470	  35.464	4.028083	1.560905
BBFROMFB	0.101859591700  -3.420	  39.116	3.636042	1.708067
BBFROMFB	0.101859601700  -2.246	  38.423	3.809794	1.596630
BBFROMFB	0.101859611700  -4.427	  36.669	3.906214	1.611509
BBFROMFB	0.101859621700  -5.809	  35.093	3.997411	1.611494
BBFROMFB	0.101859631700  -7.436	  34.818	3.933617	1.684080
BBFROMFB	0.101859641700  -6.085	  36.783	3.795339	1.705139
BBFROMFB	0.101859651700  -5.636	  34.119	4.095882	1.567042
BBFROMFB	0.101859661700  -3.795	  33.745	4.207971	1.469107
BBFROMFB	0.101859671700  -1.611	  35.600	4.134618	1.435930
BBFROMFB	0.101859681700  -1.456	  31.354	4.466295	1.300415
BBFROMFB	0.101859691700  -2.701	  31.558	4.411478	1.359699
BBFROMFB	0.101859701700  -6.459	  30.203	4.357802	1.499284
BBFROMFB	0.101859711700  -6.053	  35.113	3.982540	1.624538
BBFROMFB	0.101859721700  -1.727	  36.313	4.064539	1.469068
BBFROMFB	0.101859731700  -3.882	  34.703	4.123979	1.504902
BBFROMFB	0.101859741700  -9.422	  32.938	3.994019	1.718951
#[time: 0.11]
#[time: 0.12]
#[time: 0.13]
NEWUNBINDING
NEARBOUN	0.107257733600 -23.216	  32.950	4.319642	0.000000
NEARBOUN	0.107257743600 -22.975	  33.878	3.715728	0.000000
NEARBOUN	0.107257753600 -24.802	  34.433	3.557614	0.000000
NEARBOUN	0.107257763600 -26.781	  31.786	3.137291	0.000000
NEARBOUN	0.107257773600 -25.789	  30.019	3.770147	0.000000
NEARBOUN	0.107257783600 -24.413	  29.507	3.263623	0.000000
NEARBOUN	0.107257793600 -25.102	  23.398	3.547360	0.000000
NEARBOUN	0.107257803600 -26.207	  23.898	3.203451	0.000000
NEARBOUN	0.107257813600 -26.133	  20.066	3.426651	0.000000
NEARBOUN	0.107257823600 -28.198	  21.143	3.579634	0.000000
NEARBOUN	0.107257833600 -29.325	  20.274	3.533686	0.000000
NEARBOUN	0.107257843600 -29.187	  18.221	3.517341	0.000000
NEARBOUN	0.107257853600 -31.374	  12.592	3.405300	0.000000
NEARBOUN	0.107257863600 -32.210	  13.589	3.259304	0.000000
NEARBOUN	0.107257873600 -34.410	  16.150	3.429012	0.000000
NEARBOUN	0.107257883600 -33.208	  17.912	3.669151	0.000000
NEARBOUN	0.107257893600 -29.649	  22.415	3.541828	0.000000
NEARBOUN	0.107257903600 -30.975	  24.141	3.106725	0.000000
NEARBOUN	0.107257913600 -28.731	  24.402	2.774832	0.000000
NEARBOUN	0.107257923600 -28.641	  25.060	2.785031	0.000000
NEARBOUN	0.107257933600 -28.345	  27.332	2.636458	0.000000
NEARBOUN	0.107257943600 -33.551	  17.555	3.275403	0.000000
NEARBOUN	0.107257953600 -33.691	  14.261	3.824088	0.000000
NEARBOUN	0.107257963600 -30.720	  17.079	3.819954	0.000000
NEARBOUN	0.107257973600 -30.978	  18.860	3.848511	0.000000
NEARBOUN	0.107257983600 -32.914	  22.277	3.715925	0.000000
NEARBOUN	0.107257993600 -36.836	  13.968	3.279337	0.000000
NEARBOUN	0.107258003600 -35.791	  10.747	3.412689	0.000000
NEARBOUN	0.107258013600 -35.611	   9.942	3.678772	0.000000
NEARBOUN	0.107258023600 -36.379	  11.412	3.485430	0.000000
NEARBOUN	0.107258033600 -34.713	   8.977	3.219568	0.000000
NEARBOUN	0.107258043600 -32.884	  11.213	3.720889	0.000000
NEARBOUN	0.107258053600 -35.990	  13.916	4.161904	0.000000
NEARBOUN	0.107258063600 -38.012	  15.707	3.613621	0.000000
NEARBOUN	0.107258073600 -36.293	  13.078	3.771628	0.000000
NEARBOUN	0.107258083600 -34.386	  15.453	3.540129	0.000000
NEARBOUN	0.107258093600 -33.058	  20.581	3.315459	0.000000
NEARBOUN	0.107258103600 -28.369	  25.349	3.287296	0.000000
NEARBOUN	0.107258113600 -29.382	  25.982	3.620855	0.000000
NEARBOUN	0.107258123600 -27.045	  24.785	3.268957	0.000000
NEARBOUN	0.107258133600 -26.203	  24.265	3.643903	0.000000
NEARBOUN	0.107258143600 -29.719	  21.715	3.917338	0.000000
NEARBOUN	0.107258153600 -30.925	  19.859	3.664170	0.000000
NEARBOUN	0.107258163600 -29.734	  18.337	3.470685	0.000000
NEARBOUN	0.107258173600 -30.402	  22.955	3.414184	0.000000
NEARBOUN	0.107258183600 -30.685	  24.118	3.590268	0.000000
NEARBOUN	0.107258193600 -30.578	  23.059	3.131412	0.000000
NEARBOUN	0.107258203600 -30.277	  19.590	3.206582	0.000000
NEARBOUN	0.107258213600 -28.095	  15.014	3.060644	0.000000
NEARBOUN	0.107258223600 -30.676	  12.422	3.470011	0.000000
NEARBOUN	0.107258233600 -31.644	  14.102	3.258255	0.000000
NEARBOUN	0.107258243600 -33.755	   8.818	3.888789	0.000000
NEARBOUN	0.107258253600 -34.519	   8.480	3.758633	0.000000
NEARBOUN	0.107258263600 -36.648	  10.176	3.365896	0.000000
NEARBOUN	0.107258273600 -35.043	  11.285	3.476456	0.000000
NEARBOUN	0.107258283600 -35.090	  17.118	3.390931	0.000000
NEARBOUN	0.107258293600 -36.301	  18.473	2.928246	0.000000
NEARBOUN	0.107258303600 -34.488	  11.773	3.576101	0.000000
NEARBOUN	0.107258313600 -35.664	  16.322	3.617084	0.000000
NEARBOUN	0.107258323600 -33.209	  15.132	3.398069	0.000000
NEARBOUN	0.107258333600 -35.238	  13.879	3.149934	0.000000
NEARBOUN	0.107258343600 -34.868	  19.274	3.226168	0.000000
NEARBOUN	0.107258353600 -33.241	  18.706	3.611834	0.000000
NEARBOUN	0.107258363600 -35.719	  20.367	3.443781	0.000000
NEARBOUN	0.107258373600 -33.119	  21.383	3.140970	0.000000
NEARBOUN	0.107258383600 -33.635	  22.191	2.873272	0.000000
NEARBOUN	0.107258393600 -36.051	  14.538	2.764808	0.000000
NEARBOUN	0.107258403600 -38.518	  13.790	3.359449	0.000000
NEARBOUN	0.107258413600 -38.930	  16.216	3.377520	0.000000
NEARBOUN	0.107258423600 -37.183	  13.620	3.107442	0.000000
NEARBOUN	0.107258433600 -36.903	  12.289	3.375410	0.000000
NEARBOUN	0.107258443600 -36.253	  13.609	3.408711	0.000000
NEARBOUN	0.107258453600 -35.089	  15.367	3.358355	0.000000
NEARBOUN	0.107258463600 -32.622	   9.720	3.424561	0.000000
NEARBOUN	0.107258473600 -31.731	  15.028	3.231540	0.000000
NEARBOUN	0.107258483600 -28.186	  11.600	3.103533	0.000000
NEARBOUN	0.107258493600 -27.622	  11.974	3.032815	0.000000
NEARBOUN	0.107258503600 -29.196	  13.144	3.359957	0.000000
NEARBOUN	0.107258513600 -27.458	   9.978	3.496534	0.000000
NEARBOUN	0.107258523600 -27.714	  17.716	3.373848	0.000000
NEARBOUN	0.107258533600 -23.634	  14.276	3.534771	0.000000
NEARBOUN	0.107258543600 -25.340	  17.587	3.279150	0.000000
NEARBOUN	0.107258553600 -24.369	  19.687	3.415578	0.000000
NEARBOUN	0.107258563600 -25.575	  21.034	3.358095	0.000000
NEARBOUN	0.107258573600 -28.538	  20.299	3.243475	0.000000
NEARBOUN	0.107258583600 -30.935	  22.792	3.116565	0.000000
NEARBOUN	0.107258593600 -32.069	  13.162	3.477696	0.000000
NEARBOUN	0.107258603600 -29.876	  14.791	3.536879	0.000000
NEARBOUN	0.107258613600 -31.275	  12.032	3.583270	0.000000
NEARBOUN	0.107258623600 -30.107	  12.049	3.384779	0.000000
NEARBOUN	0.107258633600 -30.734	  12.932	3.523915	0.000000
NEARBOUN	0.107258643600 -32.024	   7.928	3.449047	0.000000
NEARBOUN	0.107258653600 -32.306	   4.899	3.718876	0.000000
NEARBOUN	0.107258663600 -29.370	   2.141	3.221542	0.000000
NEARBOUN	0.107258673600 -27.575	   0.468	3.275885	0.000000
NEARBOUN	0.107258683600 -30.678	   8.085	3.049959	0.000000
NEARBOUN	0.107258693600 -25.257	   5.764	3.347846	0.000000
NEARBOUN	0.107258703600 -26.922	   1.949	3.825707	0.000000
NEARBOUN	0.107258713600 -28.368	   2.515	3.256902	0.000000
NEWBINDING
BBFROMNB	0.107503000700 -33.322	  24.037	3.899973	2.109248
BBFROMNB	0.107503010700 -27.849	  25.186	4.256099	1.807332
BBFROMNB	0.107503020700 -27.385	  28.741	4.049811	1.842905
BBFROMNB	0.107503030700 -20.365	  35.924	3.851302	1.701173
BBFROMNB	0.107503040700 -17.426	  37.279	3.865163	1.614887
BBFROMNB	0.107503050700 -19.147	  31.568	4.299249	1.490988
BBFROMNB	0.107503060700 -19.251	  32.585	4.218632	1.522825
BBFROMNB	0.107503070700 -23.700	  28.091	4.318914	1.637325
BBFROMNB	0.107503080700 -24.754	  24.745	4.459200	1.646781
BBFROMNB	0.107503090700 -24.621	  23.115	4.549624	1.629022
BBFROMNB	0.107503100700 -27.845	  21.405	4.453680	1.781133
BBFROMNB	0.107503110700 -28.753	  22.638	4.338179	1.832067
BBFROMNB	0.107503120700 -29.178	  21.517	4.366522	1.848657
BBFROMNB	0.107503130700 -31.226	  22.460	4.177460	1.962528
BBFROMNB	0.107503140700 -30.478	  27.516	3.898537	1.999419
BBFROMNB	0.107503150700 -26.227	  27.324	4.225158	1.752623
BBFROMNB	0.107503160700 -24.397	  31.952	3.990749	1.764349
BBFROMNB	0.107503170700 -25.009	  30.599	4.065223	1.757934
BBFROMNB	0.107503180700 -22.319	  32.930	4.033713	1.684493
BBFROMNB	0.107503190700 -21.792	  26.906	4.484104	1.527256
BBFROMNB	0.107503200700 -20.613	  30.184	4.331909	1.527718
BBFROMNB	0.107503210700 -20.542	  31.453	4.245221	1.553777
BBFROMNB	0.107503220700 -19.842	  30.714	4.329727	1.503084
BBFROMNB	0.107503230700 -19.087	  28.343	4.514341	1.421780
BBFROMNB	0.107503240700 -18.893	  35.177	4.012641	1.592253
BBFROMNB	0.107503250700 -21.118	  33.323	4.066756	1.635795
BBFROMNB	0.107503260700 -22.447	  29.479	4.292140	1.601296
BBFROMNB	0.107503270700 -21.356	  28.665	4.397709	1.533518
BBFROMNB	0.107503280700 -21.900	  30.638	4.238676	1.599681
BBFROMNB	0.107503290700 -19.081	  30.305	4.389790	1.458770
BBFROMNB	0.107503300700 -21.613	  28.030	4.425397	1.535137
BBFROMNB	0.107503310700 -21.247	  29.034	4.379165	1.534961
BBFROMNB	0.107503320700 -21.147	  28.281	4.431122	1.517087
BBFROMNB	0.107503330700 -23.635	  28.357	4.305241	1.638636
BBFROMNB	0.107503340700 -25.903	  27.342	4.243527	1.736115
BBFROMNB	0.107503350700 -25.018	  27.793	4.265969	1.698307
BBFROMNB	0.107503360700 -24.923	  21.025	4.631571	1.637637
BBFROMNB	0.107503370700 -24.905	  26.587	4.347030	1.674529
BBFROMNB	0.107503380700 -25.112	  27.711	4.265927	1.701695
BBFROMNB	0.107503390700 -24.307	  22.095	4.614282	1.609724
BBFROMNB	0.107503400700 -24.233	  26.772	4.372070	1.643707
BBFROMNB	0.107503410700 -24.462	  27.601	4.309181	1.667160
BBFROMNB	0.107503420700 -23.563	  28.476	4.301331	1.637184
BBFROMNB	0.107503430700 -21.131	  30.210	4.306267	1.552888
BBFROMNB	0.107503440700 -16.611	  33.094	4.286987	1.417040
BBFROMNB	0.107503450700 -12.575	  34.503	4.307783	1.289419
BBFROMNB	0.107503460700 -13.406	  36.695	4.095112	1.404726
BBFROMNB	0.107503470700 -15.833	  35.262	4.139055	1.453279
BBFROMNB	0.107503480700 -20.133	  32.194	4.208625	1.553636
BBFROMNB	0.107503490700 -19.490	  33.807	4.107959	1.571545
BBFROMNB	0.107503500700 -20.905	  33.330	4.077545	1.625333
BBFROMNB	0.107503510700 -17.334	  35.113	4.091282	1.515667
BBFROMNB	0.107503520700 -19.973	  32.174	4.217573	1.545496
BBFROMNB	0.107503530700 -17.791	  31.611	4.351162	1.430057
BBFROMNB	0.107503540700 -16.026	  33.619	4.267768	1.406941
BBFROMNB	0.107503550700 -17.698	  33.490	4.213810	1.477614
BBFROMNB	0.107503560700 -17.486	  33.646	4.209963	1.472781
BBFROMNB	0.107503570700 -15.675	  33.643	4.278370	1.392330
BBFROMNB	0.107503580700 -14.453	  34.603	4.243449	1.370581
BBFROMNB	0.107503590700 -14.401	  31.311	4.487361	1.273730
BBFROMNB	0.107503600700 -17.742	  32.785	4.266964	1.458902
BBFROMNB	0.107503610700 -21.287	  28.438	4.415065	1.526342
BBFROMNB	0.107503620700 -24.284	  29.232	4.210969	1.687846
BBFROMNB	0.107503630700 -25.809	  25.581	4.355575	1.707378
BBFROMNB	0.107503640700 -30.147	  22.651	4.244916	1.905248
BBFROMNB	0.107503650700 -30.039	  23.469	4.207754	1.906135
BBFROMNB	0.107503660700 -28.703	  22.818	4.332131	1.830585
BBFROMNB	0.107503670700 -27.825	  22.759	4.389443	1.785483
BBFROMNB	0.107503680700 -24.614	  24.554	4.476683	1.638274
BBFROMNB	0.107503690700 -23.765	  29.489	4.222101	1.666831
BBFROMNB	0.107503700700 -20.150	  32.287	4.200551	1.557065
BBFROMNB	0.107503710700 -18.313	  31.301	4.352534	1.446181
BBFROMNB	0.107503720700 -17.485	  33.733	4.202911	1.475500
BBFROMNB	0.107503730700 -15.229	  34.483	4.227059	1.399762
BBFROMNB	0.107503740700 -15.028	  38.296	3.862617	1.552581
BBFROMNB	0.107503750700 -15.955	  33.019	4.316212	1.386072
BBFROMNB	0.107503760700 -14.296	  38.949	3.814032	1.556113
BBFROMNB	0.107503770700 -17.705	  34.898	4.094473	1.524943
BBFROMNB	0.107503780700 -15.843	  36.442	4.029008	1.500235
BBFROMNB	0.107503790700 -17.726	  33.659	4.199025	1.484132
BBFROMNB	0.107503800700 -19.791	  30.438	4.350978	1.494549
BBFROMNB	0.107503810700 -18.289	  32.209	4.288141	1.468009
BBFROMNB	0.107503820700 -17.637	  32.622	4.283450	1.449604
BBFROMNB	0.107503830700 -16.389	  32.103	4.368019	1.380013
BBFROMNB	0.107503840700 -16.923	  35.960	4.029973	1.529644
BBFROMNB	0.107503850700 -14.095	  38.324	3.899934	1.511110
BBFROMNB	0.107503860700 -17.827	  35.316	4.050688	1.546359
BBFROMNB	0.107503870700 -13.276	  35.719	4.187277	1.360837
BBFROMNB	0.107503880700 -15.600	  37.512	3.927766	1.538170
BBFROMNB	0.107503890700 -15.354	  38.068	3.875003	1.555466
BBFROMNB	0.107503900700 -20.478	  35.061	3.938360	1.667841
BBFROMNB	0.107503910700 -22.439	  32.327	4.078864	1.671561
BBFROMNB	0.107503920700 -22.053	  26.239	4.510104	1.531384
BBFROMNB	0.107503930700 -19.844	  29.573	4.406257	1.479138
BBFROMNB	0.107503940700 -20.702	  33.909	4.036921	1.634888
BBFROMNB	0.107503950700 -17.022	  33.660	4.227238	1.452314
BBFROMNB	0.107503960700 -14.956	  33.412	4.320424	1.354354
BBFROMNB	0.107503970700 -14.617	  33.057	4.357800	1.329496
BBFROMNB	0.107503980700 -11.025	  36.549	4.177942	1.302692
#[time: 0.14]
#[time: 0.15]
#[time: 0.16]
#[time: 0.17]
#[time: 0.18]
#[time: 0.19]
#[time: 0.2]
NEWUNBINDING
FARBOUND	0.193862774900  -6.184	  38.791	4.110293	0.000000
FARBOUND	0.193862784900  -5.629	  41.001	3.999839	0.000000
FARBOUND	0.193862794900   0.563	  43.137	3.521513	0.000000
FARBOUND	0.193862804900   1.049	  43.044	3.773091	0.000000
FARBOUND	0.193862814900   4.291	  42.767	3.715097	0.000000
FARBOUND	0.193862824900  -2.290	  41.791	3.786439	0.000000
FARBOUND	0.193862834900  -4.014	  43.124	3.754594	0.000000
FARBOUND	0.193862844900  -4.589	  43.073	3.626990	0.000000
FARBOUND	0.193862854900  -8.722	  41.552	4.118074	0.000000
FARBOUND	0.193862864900 -12.797	  39.390	3.977082	0.000000
FARBOUND	0.193862874900 -16.223	  39.139	3.627519	0.000000
FARBOUND	0.193862884900 -16.128	  38.834	3.572861	0.000000
FARBOUND	0.193862894900 -17.338	  37.943	2.896009	0.000000
FARBOUND	0.193862904900 -20.886	  34.794	3.461586	0.000000
FARBOUND	0.193862914900 -18.138	  33.963	3.307716	0.000000
FARBOUND	0.193862924900 -19.877	  34.335	3.428278	0.000000
FARBOUND	0.193862934900 -17.638	  33.044	3.113280	0.000000
FARBOUND	0.193862944900 -20.228	  27.447	3.165530	0.000000
FARBOUND	0.193862954900 -20.862	  29.271	3.545544	0.000000
FARBOUND	0.193862964900 -21.677	  28.845	3.318886	0.000000
FARBOUND	0.193862974900 -23.132	  30.353	3.078598	0.000000
FARBOUND	0.193862984900 -24.249	  27.801	2.931091	0.000000
FARBOUND	0.193862994900 -25.600	  28.777	2.942170	0.000000
FARBOUND	0.193863004900 -24.807	  30.072	2.811319	0.000000
FARBOUND	0.193863014900 -25.305	  26.274	3.236621	0.000000
FARBOUND	0.193863024900 -26.302	  23.321	3.217119	0.000000
FARBOUND	0.193863034900 -26.144	  27.870	3.289648	0.000000
FARBOUND	0.193863044900 -26.121	  18.512	4.007508	0.000000
FARBOUND	0.193863054900 -26.079	  23.346	3.194787	0.000000
FARBOUND	0.193863064900 -27.936	  23.987	3.261896	0.000000
FARBOUND	0.193863074900 -29.149	  22.084	3.769998	0.000000
FARBOUND	0.193863084900 -31.064	  16.093	3.218991	0.000000
FARBOUND	0.193863094900 -30.665	  16.311	3.383658	0.000000
FARBOUND	0.193863104900 -30.092	  11.732	3.482698	0.000000
FARBOUND	0.193863114900 -27.769	  12.232	3.093723	0.000000
FARBOUND	0.193863124900 -25.679	  16.968	3.336709	0.000000
FARBOUND	0.193863134900 -28.328	  13.100	3.849838	0.000000
FARBOUND	0.193863144900 -30.328	  15.715	3.409988	0.000000
FARBOUND	0.193863154900 -32.051	  13.872	3.486029	0.000000
FARBOUND	0.193863164900 -32.739	  13.215	3.486470	0.000000
FARBOUND	0.193863174900 -33.472	  13.543	4.055789	0.000000
FARBOUND	0.193863184900 -35.682	  12.385	3.803940	0.000000
FARBOUND	0.193863194900 -37.780	  11.099	3.825866	0.000000
FARBOUND	0.193863204900 -36.252	  10.760	2.926676	0.000000
FARBOUND	0.193863214900 -36.645	  11.656	2.869053	0.000000
FARBOUND	0.193863224900 -36.506	   8.033	3.263867	0.000000
FARBOUND	0.193863234900 -37.602	  12.623	3.599467	0.000000
FARBOUND	0.193863244900 -40.337	   9.035	3.540670	0.000000
FARBOUND	0.193863254900 -38.415	  12.066	3.383507	0.000000
FARBOUND	0.193863264900 -39.405	  11.796	3.538755	0.000000
FARBOUND	0.193863274900 -38.995	  14.856	3.732455	0.000000
FARBOUND	0.193863284900 -38.134	  18.162	3.164355	0.000000
FARBOUND	0.193863294900 -36.601	  10.535	3.011907	0.000000
FARBOUND	0.193863304900 -37.691	  10.961	3.138393	0.000000
FARBOUND	0.193863314900 -38.635	   7.141	3.495708	0.000000
FARBOUND	0.193863324900 -36.023	   7.360	3.272221	0.000000
FARBOUND	0.193863334900 -32.589	   5.935	3.393935	0.000000
FARBOUND	0.193863344900 -35.059	  13.839	3.993951	0.000000
FARBOUND	0.193863354900 -32.349	  13.804	3.351710	0.000000
FARBOUND	0.193863364900 -29.539	   6.115	3.436041	0.000000
FARBOUND	0.193863374900 -31.694	   4.587	3.530946	0.000000
FARBOUND	0.193863384900 -34.352	  11.456	3.572888	0.000000
FARBOUND	0.193863394900 -37.384	  12.299	3.262962	0.000000
FARBOUND	0.193863404900 -35.530	  15.150	3.636435	0.000000
FARBOUND	0.193863414900 -34.714	  10.127	3.491610	0.000000
FARBOUND	0.193863424900 -36.905	  12.149	3.332967	0.000000
FARBOUND	0.193863434900 -34.860	  11.603	3.298551	0.000000
FARBOUND	0.193863444900 -35.077	  16.259	3.514027	0.000000
FARBOUND	0.193863454900 -33.340	  21.423	3.100919	0.000000
FARBOUND	0.193863464900 -32.673	  25.289	3.144830	0.000000
FARBOUND	0.193863474900 -33.200	  23.101	3.433276	0.000000
FARBOUND	0.193863484900 -33.164	  25.337	3.080608	0.000000
FARBOUND	0.193863494900 -32.567	  23.329	3.316507	0.000000
FARBOUND	0.193863504900 -32.232	  23.694	3.381533	0.000000
FARBOUND	0.193863514900 -28.972	  24.289	3.219833	0.000000
FARBOUND	0.193863524900 -27.831	  25.915	3.641362	0.000000
FARBOUND	0.193863534900 -28.604	  24.111	3.199032	0.000000
FARBOUND	0.193863544900 -29.566	  21.416	3.838637	0.000000
FARBOUND	0.193863554900 -27.958	  18.018	3.785709	0.000000
FARBOUND	0.193863564900 -30.576	  20.471	3.860670	0.000000
FARBOUND	0.193863574900 -31.902	  19.427	3.996392	0.000000
FARBOUND	0.193863584900 -30.942	  25.052	3.477400	0.000000
FARBOUND	0.193863594900 -32.007	  20.853	3.533428	0.000000
FARBOUND	0.193863604900 -35.009	  14.737	3.479911	0.000000
FARBOUND	0.193863614900 -34.148	  11.921	3.446836	0.000000
FARBOUND	0.193863624900 -31.254	   8.184	3.670575	0.000000
FARBOUND	0.193863634900 -31.428	   7.903	3.744372	0.000000
FARBOUND	0.193863644900 -34.999	  13.559	3.923334	0.000000
FARBOUND	0.193863654900 -31.782	  15.495	3.602677	0.000000
FARBOUND	0.193863664900 -32.674	  14.477	3.477098	0.000000
FARBOUND	0.193863674900 -34.364	  15.206	3.326859	0.000000
FARBOUND	0.193863684900 -33.333	  14.144	3.052355	0.000000
FARBOUND	0.193863694900 -33.588	  10.620	3.429841	0.000000
FARBOUND	0.193863704900 -29.995	   4.534	3.960958	0.000000
FARBOUND	0.193863714900 -33.041	  11.584	3.571854	0.000000
FARBOUND	0.193863724900 -34.769	  14.791	3.770636	0.000000
FARBOUND	0.193863734900 -32.312	  15.154	3.431377	0.000000
FARBOUND	0.193863744900 -30.282	  14.555	3.272195	0.000000
FARBOUND	0.193863754900 -32.223	  22.654	3.185785	0.000000
NEWBINDING
BBFROMFB	0.196559665000 -27.730	   5.807	4.200718	2.427606
BBFROMFB	0.196559675000 -27.522	   7.751	4.187552	2.383102
BBFROMFB	0.196559685000 -28.055	  12.092	4.026958	2.363783
BBFROMFB	0.196559695000 -28.147	  10.323	4.070469	2.384425
BBFROMFB	0.196559705000 -27.925	  13.855	3.977257	2.347194
BBFROMFB	0.196559715000 -24.029	  21.357	3.995422	2.125419
BBFROMFB	0.196559725000 -20.287	  24.307	4.130946	1.936306
BBFROMFB	0.196559735000 -19.615	  29.632	3.770728	2.017738
BBFROMFB	0.196559745000 -20.590	  29.685	3.652082	2.095901
BBFROMFB	0.196559755000 -24.878	  23.752	3.731697	2.227610
BBFROMFB	0.196559765000 -26.387	  16.530	4.021206	2.246948
BBFROMFB	0.196559775000 -26.526	  20.276	3.797608	2.284587
BBFROMFB	0.196559785000 -25.019	  23.893	3.700093	2.243444
BBFROMFB	0.196559795000 -23.291	  23.298	3.941930	2.103323
BBFROMFB	0.196559805000 -20.869	  27.047	3.889042	2.021652
BBFROMFB	0.196559815000 -23.666	  26.137	3.658277	2.203628
BBFROMFB	0.196559825000 -21.483	  22.195	4.162338	1.982265
BBFROMFB	0.196559835000 -19.728	  26.981	3.993895	1.948287
BBFROMFB	0.196559845000 -18.626	  29.927	3.837530	1.960246
BBFROMFB	0.196559855000 -17.856	  30.417	3.858983	1.927009
BBFROMFB	0.196559865000 -19.656	  27.447	3.964031	1.954370
BBFROMFB	0.196559875000 -17.310	  20.400	4.522126	1.760150
BBFROMFB	0.196559885000 -15.419	  21.780	4.564629	1.669379
BBFROMFB	0.196559895000 -16.965	  24.107	4.362643	1.758081
BBFROMFB	0.196559905000 -14.753	  28.349	4.236863	1.701450
BBFROMFB	0.196559915000 -15.108	  26.470	4.335404	1.689859
BBFROMFB	0.196559925000 -15.421	  25.081	4.397802	1.689464
BBFROMFB	0.196559935000 -19.923	  24.896	4.121695	1.923473
BBFROMFB	0.196559945000 -18.904	  28.274	3.960271	1.928522
BBFROMFB	0.196559955000 -15.975	  29.646	4.068240	1.793506
BBFROMFB	0.196559965000 -17.700	  27.499	4.108920	1.841811
BBFROMFB	0.196559975000 -18.175	  27.239	4.093610	1.863345
BBFROMFB	0.196559985000 -16.711	  29.960	3.991409	1.843194
BBFROMFB	0.196559995000 -13.795	  33.942	3.825804	1.813774
BBFROMFB	0.196560005000 -12.656	  30.316	4.215894	1.636200
BBFROMFB	0.196560015000 -10.909	  33.944	4.014877	1.653555
BBFROMFB	0.196560025000  -9.860	  34.972	3.974692	1.639179
BBFROMFB	0.196560035000 -15.775	  28.711	4.150641	1.761602
BBFROMFB	0.196560045000 -17.344	  31.316	3.813807	1.927145
BBFROMFB	0.196560055000 -17.394	  26.739	4.180748	1.811867
BBFROMFB	0.196560065000 -17.483	  28.353	4.062469	1.847269
BBFROMFB	0.196560075000 -23.274	  22.172	4.015767	2.087028
BBFROMFB	0.196560085000 -19.108	  28.659	3.910957	1.951457
BBFROMFB	0.196560095000 -12.726	  32.828	4.010386	1.709690
BBFROMFB	0.196560105000 -13.915	  31.714	4.034050	1.737910
BBFROMFB	0.196560115000 -12.607	  33.593	3.946194	1.730639
BBFROMFB	0.196560125000 -14.255	  32.252	3.963983	1.773939
BBFROMFB	0.196560135000 -10.078	  36.930	3.734961	1.747884
BBFROMFB	0.196560145000 -14.164	  30.518	4.115740	1.717999
BBFROMFB	0.196560155000 -14.269	  31.792	4.004436	1.759616
BBFROMFB	0.196560165000 -12.255	  33.476	3.979596	1.707194
BBFROMFB	0.196560175000 -17.108	  30.358	3.926648	1.878423
BBFROMFB	0.196560185000 -14.817	  30.649	4.064801	1.756233
BBFROMFB	0.196560195000 -11.900	  33.817	3.968929	1.700769
BBFROMFB	0.196560205000 -10.903	  31.821	4.193698	1.587169
BBFROMFB	0.196560215000  -9.416	  34.908	4.004765	1.614229
BBFROMFB	0.196560225000  -7.973	  33.580	4.189463	1.499176
BBFROMFB	0.196560235000  -4.537	  39.201	3.761470	1.590391
BBFROMFB	0.196560245000  -4.841	  33.698	4.297904	1.363846
BBFROMFB	0.196560255000  -2.378	  36.220	4.166301	1.348780
BBFROMFB	0.196560265000  -7.919	  32.787	4.254170	1.473170
BBFROMFB	0.196560275000  -7.828	  32.388	4.288032	1.457932
BBFROMFB	0.196560285000  -2.768	  35.823	4.189626	1.349391
BBFROMFB	0.196560295000  -1.793	  37.276	4.085897	1.368913
BBFROMFB	0.196560305000  -3.683	  39.153	3.808985	1.546240
BBFROMFB	0.196560315000 -10.138	  35.943	3.854955	1.697045
BBFROMFB	0.196560325000  -3.224	  39.577	3.771824	1.552158
BBFROMFB	0.196560335000  -3.593	  38.693	3.871216	1.514838
BBFROMFB	0.196560345000   1.220	  37.303	4.158446	1.254593
BBFROMFB	0.196560355000   2.976	  36.523	4.258905	1.159298
BBFROMFB	0.196560365000   7.273	  39.595	4.014178	1.169113
BBFROMFB	0.196560375000   2.431	  37.713	4.143682	1.229325
BBFROMFB	0.196560385000  -2.067	  37.165	4.088396	1.375127
BBFROMFB	0.196560395000  -3.430	  36.555	4.102909	1.405640
BBFROMFB	0.196560405000  -1.831	  39.373	3.855841	1.476948
BBFROMFB	0.196560415000   3.744	  40.064	3.919702	1.305700
BBFROMFB	0.196560425000  -2.912	  35.423	4.219480	1.340529
BBFROMFB	0.196560435000  -2.239	  33.396	4.397284	1.246193
BBFROMFB	0.196560445000  -1.450	  35.670	4.239447	1.290727
BBFROMFB	0.196560455000  -5.036	  35.324	4.158241	1.426514
BBFROMFB	0.196560465000  -1.816	  36.550	4.152983	1.339265
BBFROMFB	0.196560475000   1.248	  39.795	3.898666	1.378577
BBFROMFB	0.196560485000  -1.561	  36.528	4.162017	1.328246
BBFROMFB	0.196560495000  -5.275	  35.393	4.143489	1.439450
BBFROMFB	0.196560505000  -4.769	  31.700	4.445548	1.305032
BBFROMFB	0.196560515000  -7.200	  31.036	4.408346	1.395707
BBFROMFB	0.196560525000  -7.929	  31.866	4.322314	1.448793
BBFROMFB	0.196560535000  -9.418	  34.032	4.085234	1.582227
BBFROMFB	0.196560545000 -10.742	  31.523	4.224121	1.571584
BBFROMFB	0.196560555000 -11.312	  32.934	4.082516	1.639833
BBFROMFB	0.196560565000 -10.643	  33.838	4.039287	1.636202
BBFROMFB	0.196560575000  -6.928	  34.443	4.161323	1.479495
BBFROMFB	0.196560585000  -5.540	  38.022	3.865355	1.568289
BBFROMFB	0.196560595000  -6.523	  37.799	3.843284	1.604204
BBFROMFB	0.196560605000  -3.136	  37.823	3.987188	1.449558
BBFROMFB	0.196560615000  -5.174	  38.158	3.866309	1.558240
BBFROMFB	0.196560625000  -4.065	  37.237	4.014081	1.462183
BBFROMFB	0.196560635000  -3.152	  35.748	4.184414	1.362389
BBFROMFB	0.196560645000  -2.604	  35.463	4.225191	1.329379
#[time: 0.21]
#[time: 0.22]
#[time: 0.23]
NEWUNBINDING
NEARBOUN	0.208253720200  -6.087	  37.644	4.534971	0.000000
NEARBOUN	0.208253730200   0.248	  41.767	3.791123	0.000000
NEARBOUN	0.208253740200  -3.765	  40.756	3.891499	0.000000
NEARBOUN	0.208253750200   3.389	  41.562	3.889489	0.000000
NEARBOUN	0.208253760200   8.806	  41.871	3.713885	0.000000
NEARBOUN	0.208253770200   2.373	  41.899	3.604629	0.000000
NEARBOUN	0.208253780200   3.643	  41.485	3.931977	0.000000
NEARBOUN	0.208253790200  -1.934	  40.919	3.845816	0.000000
NEARBOUN	0.208253800200   6.090	  42.382	3.865123	0.000000
NEARBOUN	0.208253810200   3.827	  42.514	3.945016	0.000000
NEARBOUN	0.208253820200   5.334	  40.822	3.693886	0.000000
NEARBOUN	0.208253830200   3.714	  39.758	3.609870	0.000000
NEARBOUN	0.208253840200   2.376	  39.043	3.615834	0.000000
NEARBOUN	0.208253850200   2.906	  36.355	3.540093	0.000000
NEARBOUN	0.208253860200   4.875	  38.605	3.341773	0.000000
NEARBOUN	0.208253870200   3.254	  40.021	3.239872	0.000000
NEARBOUN	0.208253880200   4.396	  41.402	3.262965	0.000000
NEARBOUN	0.208253890200   4.829	  40.308	3.644417	0.000000
NEARBOUN	0.208253900200   6.051	  39.490	3.382940	0.000000
NEARBOUN	0.208253910200   8.223	  41.489	3.423436	0.000000
NEARBOUN	0.208253920200   3.200	  40.367	3.660347	0.000000
NEARBOUN	0.208253930200   1.752	  41.677	3.715580	0.000000
NEARBOUN	0.208253940200   3.111	  39.546	3.837939	0.000000
NEARBOUN	0.208253950200   7.473	  38.592	3.589636	0.000000
NEARBOUN	0.208253960200   4.677	  40.557	4.048702	0.000000
NEARBOUN	0.208253970200   8.729	  38.982	3.689172	0.000000
NEARBOUN	0.208253980200  12.971	  36.612	3.477795	0.000000
NEARBOUN	0.208253990200  12.948	  37.258	3.923082	0.000000
NEARBOUN	0.208254000200  14.633	  37.447	3.740590	0.000000
NEARBOUN	0.208254010200  14.264	  37.304	3.539543	0.000000
NEARBOUN	0.208254020200  17.174	  36.354	3.345325	0.000000
NEARBOUN	0.208254030200  16.161	  34.593	3.709650	0.000000
NEARBOUN	0.208254040200  14.235	  36.109	3.953190	0.000000
NEARBOUN	0.208254050200   8.513	  35.679	3.687083	0.000000
NEARBOUN	0.208254060200  15.978	  34.199	3.411175	0.000000
NEARBOUN	0.208254070200  20.881	  33.438	3.280934	0.000000
NEARBOUN	0.208254080200  20.261	  33.501	2.965929	0.000000
NEARBOUN	0.208254090200  18.974	  36.740	3.058748	0.000000
NEARBOUN	0.208254100200  18.967	  36.436	3.114142	0.000000
NEARBOUN	0.208254110200  14.317	  38.212	3.543869	0.000000
NEARBOUN	0.208254120200  16.288	  37.115	3.568933	0.000000
NEARBOUN	0.208254130200  17.675	  38.426	3.669518	0.000000
NEARBOUN	0.208254140200  19.571	  38.323	3.200643	0.000000
NEARBOUN	0.208254150200  19.137	  37.302	3.638818	0.000000
NEARBOUN	0.208254160200  15.451	  35.289	3.603913	0.000000
NEARBOUN	0.208254170200  17.089	  36.065	3.802313	0.000000
NEARBOUN	0.208254180200  23.102	  33.604	3.342263	0.000000
NEARBOUN	0.208254190200  17.007	  32.856	3.444679	0.000000
NEARBOUN	0.208254200200  20.084	  32.834	3.555813	0.000000
NEARBOUN	0.208254210200  17.127	  36.765	3.236507	0.000000
NEARBOUN	0.208254220200  17.762	  35.892	3.473382	0.000000
NEARBOUN	0.208254230200  21.288	  32.471	3.598146	0.000000
NEARBOUN	0.208254240200  17.421	  33.184	3.486123	0.000000
NEARBOUN	0.208254250200  15.477	  32.607	3.809005	0.000000
NEARBOUN	0.208254260200  18.173	  31.756	3.666332	0.000000
NEARBOUN	0.208254270200  14.827	  33.901	3.665025	0.000000
NEARBOUN	0.208254280200  12.775	  35.461	3.589013	0.000000
NEARBOUN	0.208254290200  10.626	  35.213	3.850501	0.000000
NEARBOUN	0.208254300200   6.500	  36.314	3.461575	0.000000
NEARBOUN	0.208254310200   5.479	  39.564	3.608170	0.000000
NEARBOUN	0.208254320200   7.839	  39.848	3.365303	0.000000
NEARBOUN	0.208254330200   8.712	  37.771	3.167398	0.000000
NEARBOUN	0.208254340200   2.184	  36.250	3.844874	0.000000
NEARBOUN	0.208254350200   7.287	  35.035	4.037462	0.000000
NEARBOUN	0.208254360200   4.563	  35.445	4.360745	0.000000
NEARBOUN	0.208254370200   9.319	  38.542	3.535533	0.000000
NEARBOUN	0.208254380200   9.044	  37.849	3.688125	0.000000
NEARBOUN	0.208254390200  10.378	  39.637	3.996990	0.000000
NEARBOUN	0.208254400200  13.575	  39.063	3.642227	0.000000
NEARBOUN	0.208254410200  13.888	  40.002	3.478320	0.000000
NEARBOUN	0.208254420200  14.520	  38.987	3.078630	0.000000
NEARBOUN	0.208254430200  15.176	  38.183	3.338533	0.000000
NEARBOUN	0.208254440200  15.367	  38.764	3.391764	0.000000
NEARBOUN	0.208254450200  16.619	  38.291	4.344935	0.000000
NEARBOUN	0.208254460200  21.303	  37.555	3.971370	0.000000
NEARBOUN	0.208254470200  18.008	  39.016	3.524524	0.000000
NEARBOUN	0.208254480200  13.012	  38.745	3.903964	0.000000
NEARBOUN	0.208254490200  14.019	  38.312	3.607258	0.000000
NEARBOUN	0.208254500200  12.884	  37.160	3.845241	0.000000
NEARBOUN	0.208254510200   6.490	  38.866	4.357423	0.000000
NEARBOUN	0.208254520200   3.803	  39.451	3.844322	0.000000
NEARBOUN	0.208254530200   6.090	  37.762	4.041676	0.000000
NEARBOUN	0.208254540200  12.094	  38.549	3.666571	0.000000
NEARBOUN	0.208254550200   9.876	  39.903	3.794282	0.000000
NEARBOUN	0.208254560200   3.365	  40.558	3.841281	0.000000
NEARBOUN	0.208254570200   2.663	  42.826	3.076262	0.000000
NEARBOUN	0.208254580200   2.034	  42.954	4.202489	0.000000
NEARBOUN	0.208254590200   0.102	  42.654	3.982458	0.000000
NEARBOUN	0.208254600200   5.317	  42.222	3.384150	0.000000
NEARBOUN	0.208254610200   3.384	  41.109	3.668501	0.000000
NEARBOUN	0.208254620200   2.683	  40.669	3.739398	0.000000
NEARBOUN	0.208254630200   5.718	  38.112	3.663271	0.000000
NEARBOUN	0.208254640200  12.564	  37.318	3.436121	0.000000
NEARBOUN	0.208254650200  13.737	  38.461	3.672904	0.000000
NEARBOUN	0.208254660200   9.138	  39.583	3.617950	0.000000
NEARBOUN	0.208254670200   8.681	  37.623	3.812190	0.000000
NEARBOUN	0.208254680200   7.316	  38.248	3.892643	0.000000
NEARBOUN	0.208254690200  12.187	  38.395	3.556956	0.000000
NEARBOUN	0.208254700200  11.498	  38.803	3.712249	0.000000
NEWBINDING
BBFROMNB	0.208530979400 -31.711	  20.654	3.899625	2.209192
BBFROMNB	0.208530989400 -32.275	  14.658	4.134652	2.226418
BBFROMNB	0.208530999400 -29.283	  25.320	3.819394	2.124025
BBFROMNB	0.208531009400 -28.260	  26.168	3.855217	2.073435
BBFROMNB	0.208531019400 -23.534	  27.762	4.121750	1.821786
BBFROMNB	0.208531029400 -22.840	  28.944	4.083082	1.808525
BBFROMNB	0.208531039400 -22.055	  31.467	3.928767	1.834202
BBFROMNB	0.208531049400 -21.020	  26.993	4.324777	1.678123
BBFROMNB	0.208531059400 -18.466	  31.390	4.161401	1.638535
BBFROMNB	0.208531069400 -16.393	  33.986	4.054670	1.614297
BBFROMNB	0.208531079400 -10.791	  36.346	4.085209	1.442723
BBFROMNB	0.208531089400 -10.490	  34.614	4.246393	1.365967
BBFROMNB	0.208531099400  -8.131	  34.481	4.325472	1.264538
BBFROMNB	0.208531109400  -4.637	  39.176	3.979921	1.328734
BBFROMNB	0.208531119400  -9.406	  36.952	4.075722	1.409130
BBFROMNB	0.208531129400 -12.657	  33.394	4.267946	1.421049
BBFROMNB	0.208531139400 -13.539	  33.248	4.245559	1.456102
BBFROMNB	0.208531149400 -10.187	  32.895	4.387590	1.300104
BBFROMNB	0.208531159400 -10.267	  32.097	4.442115	1.281484
BBFROMNB	0.208531169400 -11.606	  34.799	4.192983	1.420110
BBFROMNB	0.208531179400 -13.425	  35.349	4.072543	1.521539
BBFROMNB	0.208531189400 -15.308	  31.473	4.305864	1.488908
BBFROMNB	0.208531199400 -17.746	  27.781	4.441540	1.530189
BBFROMNB	0.208531209400 -15.640	  31.044	4.322163	1.494017
BBFROMNB	0.208531219400 -16.716	  31.008	4.276765	1.543776
BBFROMNB	0.208531229400 -18.849	  30.632	4.198098	1.638693
BBFROMNB	0.208531239400 -22.097	  25.484	4.353621	1.712944
BBFROMNB	0.208531249400 -24.886	  26.390	4.121679	1.871700
BBFROMNB	0.208531259400 -22.746	  30.039	4.003398	1.830694
BBFROMNB	0.208531269400 -21.644	  30.288	4.058969	1.775775
BBFROMNB	0.208531279400 -21.718	  24.732	4.416584	1.686485
BBFROMNB	0.208531289400 -21.177	  26.984	4.316668	1.685843
BBFROMNB	0.208531299400 -15.498	  30.828	4.343322	1.482388
BBFROMNB	0.208531309400 -15.308	  27.241	4.576858	1.407735
BBFROMNB	0.208531319400 -12.426	  26.913	4.699562	1.270044
BBFROMNB	0.208531329400  -9.178	  33.991	4.335054	1.291087
BBFROMNB	0.208531339400 -10.590	  37.641	3.962725	1.491481
BBFROMNB	0.208531349400 -10.257	  34.940	4.227145	1.367252
BBFROMNB	0.208531359400 -11.801	  33.433	4.295615	1.384696
BBFROMNB	0.208531369400 -12.365	  35.442	4.108352	1.476723
BBFROMNB	0.208531379400 -16.903	  31.009	4.267926	1.552734
BBFROMNB	0.208531389400 -17.704	  28.358	4.408053	1.537465
BBFROMNB	0.208531399400 -18.798	  31.175	4.159922	1.649679
BBFROMNB	0.208531409400 -14.663	  34.108	4.127901	1.534860
BBFROMNB	0.208531419400 -12.659	  30.376	4.481976	1.343749
BBFROMNB	0.208531429400 -11.710	  30.825	4.484022	1.312036
BBFROMNB	0.208531439400 -13.785	  34.035	4.172199	1.491733
BBFROMNB	0.208531449400 -10.411	  37.466	3.988360	1.475193
BBFROMNB	0.208531459400 -12.191	  37.525	3.906337	1.559375
BBFROMNB	0.208531469400 -14.446	  35.857	3.975712	1.590653
BBFROMNB	0.208531479400 -14.690	  35.645	3.984795	1.593643
BBFROMNB	0.208531489400 -15.087	  36.172	3.908770	1.636843
BBFROMNB	0.208531499400 -17.670	  32.549	4.111258	1.631325
BBFROMNB	0.208531509400 -16.204	  35.513	3.916139	1.664897
BBFROMNB	0.208531519400 -17.723	  35.168	3.858740	1.731845
BBFROMNB	0.208531529400 -18.402	  31.355	4.167439	1.634458
BBFROMNB	0.208531539400 -18.297	  33.129	4.026394	1.681865
BBFROMNB	0.208531549400 -22.042	  31.418	3.934229	1.831820
BBFROMNB	0.208531559400 -20.145	  34.357	3.772558	1.837439
BBFROMNB	0.208531569400 -21.684	  31.570	3.946596	1.815959
BBFROMNB	0.208531579400 -21.292	  28.295	4.226076	1.713181
BBFROMNB	0.208531589400 -16.416	  30.275	4.341497	1.513047
BBFROMNB	0.208531599400 -17.556	  31.381	4.209057	1.593373
BBFROMNB	0.208531609400 -15.790	  29.491	4.420368	1.467806
BBFROMNB	0.208531619400 -16.985	  30.508	4.299641	1.545076
BBFROMNB	0.208531629400 -17.775	  28.356	4.404966	1.540769
BBFROMNB	0.208531639400 -18.446	  30.413	4.235059	1.613609
BBFROMNB	0.208531649400 -20.463	  29.142	4.215959	1.687173
BBFROMNB	0.208531659400 -19.258	  32.811	3.996896	1.722114
BBFROMNB	0.208531669400 -15.397	  31.767	4.280692	1.500412
BBFROMNB	0.208531679400 -15.518	  24.910	4.696427	1.389921
BBFROMNB	0.208531689400 -16.408	  29.611	4.386161	1.498995
BBFROMNB	0.208531699400 -15.856	  31.752	4.261712	1.521472
BBFROMNB	0.208531709400 -12.942	  31.466	4.398687	1.381531
BBFROMNB	0.208531719400 -16.037	  30.605	4.335595	1.502469
BBFROMNB	0.208531729400 -16.062	  32.151	4.222402	1.541732
BBFROMNB	0.208531739400 -20.089	  31.526	4.057144	1.726088
BBFROMNB	0.208531749400 -18.279	  32.568	4.076361	1.662741
BBFROMNB	0.208531759400 -19.954	  30.437	4.151357	1.690008
BBFROMNB	0.208531769400 -18.540	  32.452	4.071450	1.672553
BBFROMNB	0.208531779400 -14.412	  37.632	3.772964	1.678344
BBFROMNB	0.208531789400 -16.441	  31.239	4.272734	1.536283
BBFROMNB	0.208531799400 -17.340	  30.101	4.311219	1.553122
BBFROMNB	0.208531809400 -17.981	  31.267	4.196122	1.611308
BBFROMNB	0.208531819400 -17.242	  33.607	4.043242	1.643848
BBFROMNB	0.208531829400 -14.903	  36.833	3.843831	1.659959
BBFROMNB	0.208531839400 -11.050	  36.695	4.042023	1.468636
BBFROMNB	0.208531849400 -15.134	  33.485	4.158925	1.536827
BBFROMNB	0.208531859400 -20.292	  32.441	3.963762	1.766170
BBFROMNB	0.208531869400 -23.175	  22.404	4.454355	1.743418
BBFROMNB	0.208531879400 -26.110	  24.970	4.124683	1.918681
BBFROMNB	0.208531889400 -22.076	  30.870	3.980888	1.816334
BBFROMNB	0.208531899400 -21.553	  32.317	3.884844	1.834792
BBFROMNB	0.208531909400 -19.192	  34.851	3.789369	1.802861
BBFROMNB	0.208531919400 -15.352	  37.003	3.795280	1.693522
BBFROMNB	0.208531929400 -20.877	  31.705	3.990940	1.774460
BBFROMNB	0.208531939400 -21.308	  28.380	4.219427	1.715580
BBFROMNB	0.208531949400 -19.009	  29.202	4.290185	1.615719
BBFROMNB	0.208531959400 -25.290	  24.887	4.188482	1.872298
NEWUNBINDING
NEWBINDING
#[time: 0.24]
#[time: 0.25]
NEWUNBINDING
NEWBINDING
#[time: 0.26]
#[time: 0.27]
#[time: 0.28]
#[time: 0.29]
#[time: 0.3]
#[time: 0.31]
#[time: 0.32]
#[time: 0.33]
#[time: 0.34]
NEWUNBINDING
NEWBINDING
#[time: 0.35]
#[time: 0.36]
#[time: 0.37]
#[time: 0.38]
#[time: 0.39]
#[time: 0.4]
#[time: 0.41]
#[time: 0.42]
NEWUNBINDING
NEWBINDING
#[time: 0.43]
NEWUNBINDING
NEWBINDING
#[time: 0.44]
#[time: 0.45]
#[time: 0.46]
#[time: 0.47]
#[time: 0.48]
#[time: 0.49]
#[time: 0.5]
#[time: 0.51]
#[time: 0.52]
#[time: 0.53]
#[time: 0.54]
#[time: 0.55]
#[time: 0.56]
NEWUNBINDING
NEWBINDING
#[time: 0.57]
#[time: 0.58]
NEWUNBINDING
NEWBINDING
#[time: 0.59]
#[time: 0.6]
#[time: 0.61]
#[time: 0.62]
#[time: 0.63]
#[time: 0.64]
#[time: 0.65]
#[time: 0.66]
#[time: 0.67]
#[time: 0.68]
NEWUNBINDING
NEWBINDING
#[time: 0.69]
#[time: 0.7]
#[time: 0.71]
#[time: 0.72]
#[time: 0.73]
#[time: 0.74]
#[time: 0.75]
#[time: 0.76]
#[time: 0.77]
#[time: 0.78]
#[time: 0.79]
#[time: 0.8]
#[time: 0.81]
#[time: 0.82]
#[time: 0.83]
NEWUNBINDING
NEWBINDING
#[time: 0.84]
NEWUNBINDING
NEWBINDING
#[time: 0.85]
#[time: 0.86]
#[time: 0.87]
#[time: 0.88]
#[time: 0.89]
#[time: 0.9]
NEWUNBINDING
NEWBINDING
#[time: 0.91]
#[time: 0.92]
#[time: 0.93]
#[time: 0.94]
#[time: 0.95]
#[time: 0.96]
#[time: 0.97]
#[time: 0.98]
#[time: 0.99]
NEWUNBINDING
NEWBINDING
#[time: 1]
#[time: 1.01]
#[time: 1.02]
#[time: 1.03]
NEWUNBINDING
NEWBINDING
#[time: 1.04]
#[time: 1.05]
#[time: 1.06]
#[time: 1.07]
#[time: 1.08]
#[time: 1.09]
#[time: 1.1]
#[time: 1.11]
#[time: 1.12]
#[time: 1.13]
NEWUNBINDING
NEWBINDING
#[time: 1.14]
#[time: 1.15]
#[time: 1.16]
#[time: 1.17]
#[time: 1.18]
#[time: 1.19]
#[time: 1.2]
#[time: 1.21]
#[time: 1.22]
#[time: 1.23]
#[time: 1.24]
#[time: 1.25]
#[time: 1.26]
#[time: 1.27]
#[time: 1.28]
#[time: 1.29]
NEWUNBINDING
NEWBINDING
#[time: 1.3]
#[time: 1.31]
#[time: 1.32]
#[time: 1.33]
#[time: 1.34]
#[time: 1.35]
NEWUNBINDING
NEWBINDING
#[time: 1.36]
#[time: 1.37]
#[time: 1.38]
#[time: 1.39]
#[time: 1.4]
#[time: 1.41]
NEWUNBINDING
NEWBINDING
#[time: 1.42]
NEWUNBINDING
NEWBINDING
#[time: 1.43]
NEWUNBINDING
NEWBINDING
#[time: 1.44]
#[time: 1.45]
#[time: 1.46]
#[time: 1.47]
#[time: 1.48]
#[time: 1.49]
#[time: 1.5]
NEWUNBINDING
NEWBINDING
#[time: 1.51]
#[time: 1.52]
#[time: 1.53]
#[time: 1.54]
#[time: 1.55]
#[time: 1.56]
NEWUNBINDING
NEWBINDING
#[time: 1.57]
#[time: 1.58]
#[time: 1.59]
#[time: 1.6]
#[time: 1.61]
#[time: 1.62]
#[time: 1.63]
NEWUNBINDING
NEWBINDING
#[time: 1.64]
NEWUNBINDING
NEWBINDING
#[time: 1.65]
#[time: 1.66]
#[time: 1.67]
#[time: 1.68]
#[time: 1.69]
NEWUNBINDING
NEWBINDING
#[time: 1.7]
#[time: 1.71]
NEWUNBINDING
NEWBINDING
#[time: 1.72]
#[time: 1.73]
NEWUNBINDING
NEWBINDING
#[time: 1.74]
#[time: 1.75]
#[time: 1.76]
#[time: 1.77]
#[time: 1.78]
#[time: 1.79]
#[time: 1.8]
#[time: 1.81]
#[time: 1.82]
#[time: 1.83]
#[time: 1.84]
NEWUNBINDING
NEWBINDING
#[time: 1.85]
#[time: 1.86]
#[time: 1.87]
#[time: 1.88]
NEWUNBINDING
NEWBINDING
#[time: 1.89]
#[time: 1.9]
#[time: 1.91]
#[time: 1.92]
#[time: 1.93]
#[time: 1.94]
#[time: 1.95]
#[time: 1.96]
#[time: 1.97]
NEWUNBINDING
NEWBINDING
#[time: 1.98]
#[time: 1.99]
