# command line: ./generate_stepping_data --lt 23.8 --ls 10.49 --dt 1e-10 --framerate 1 --label paperstatichisto-2 --seed 2 --nomovie --eqmpost 224 --runtime 5.0 --eqt 0 --eqmpre 200 --k_b 100000000.0 --exp-unbinding-constant 0.0 --eqb 120 --cb 0.1 --cm 1.5 --ct 0.6 --k_ub 100.0



#********paperstatichisto-2__k_b-1e+08,k_ub-100,cb-0.1,cm-1.5,ct-0.6,ls-10.49,lt-23.8,seed-2,dt-1e-10********
#time_unbind, time_bind, nbx_bind, fbx_bind, nmx_unbind, fmx_unbind, nmx_bind, fmx_bind
#[time: 0]
#[time: 0.01]
#[time: 0.02]
#[time: 0.03]
 0.0388026497  0.0388090048   5.36606110345982   3.06005578757053   3.44432083280732   3.99390766267322  -2.77326991286467  -2.05842250966038
#[time: 0.04]
 0.0400147442  0.0400782469   5.36606110345982   6.72979175068989   11.7019350381605   9.68076849652105  -1.58568934067022  -1.67979918168273
#[time: 0.05]
 0.0558598106  0.0558949032   5.36606110345982    7.5619854360151    9.9958340194468   10.6098121212022    2.6673014752675     1.708574048156
#[time: 0.06]
 0.0602442117  0.0603089838   15.7283655712024    7.5619854360151    8.3900569081617   9.94684528041211   13.9100192773861   11.8068328876704
#[time: 0.07]
#[time: 0.08]
 0.0808698549  0.0808945932   8.14682157589294    7.5619854360151   20.1303660524819   13.7626801914241 -0.710671805521528 -0.588005585341358
#[time: 0.09]
#[time: 0.1]
#[time: 0.11]
 0.1116464692  0.1116568512   8.14682157589294   15.2177224365604   12.3681986552898   12.0881672353812   13.7482274397109   19.4649016273947
#[time: 0.12]
#[time: 0.13]
 0.1325271987  0.1325551294   16.4004772322215   15.2177224365604   12.9444639484881   14.2673948025696   9.50006239768294   9.99227878367556
#[time: 0.14]
 0.1466611943  0.1466636146   16.7478026308163   15.2177224365604   24.0311585402177   23.0994730620739   7.73453429785263   7.61921492107819
#[time: 0.15]
 0.1526344534  0.1526548602   16.7478026308163   26.3187602563739   21.5401657698444   20.4053504747178   23.5853106344433   31.4631701948536
#[time: 0.16]
 0.1608187973  0.1608215114   27.9991883332189   26.3187602563739   22.2150153998785   25.3350746727704   26.2484689137555   26.4738169572352
#[time: 0.17]
  0.177135362  0.1771428051   27.9991883332189    32.792384214084   28.1686766473866   27.9930881855451   31.9696512774463   33.5985829063045
#[time: 0.18]
 0.1800657408  0.1800810071   27.9991883332189   31.3760872865074   30.8953762908049   31.6484404515775    27.312578962893   26.5556629810357
#[time: 0.19]
 0.1900659099  0.1900690403   34.4359839727489   31.3760872865074   31.0493903705199   32.1837602550298   24.5262377812404   25.6440229971521
 0.1984712232  0.1985010436   34.4359839727489   36.5577425336954   32.5658909465129   32.6285409157114   29.9077599650443    28.158197402467
#[time: 0.2]
 0.2091408317  0.2091504655   37.7503792427182   36.5577425336954   34.1302595471493   33.6380440327612   29.3282933043974   29.3450956468796
#[time: 0.21]
 0.2112940616  0.2113239735   37.7503792427182     39.81643656403    38.335449387679   38.1339473863551   42.4428265663174   45.1697121559148
 0.2158662841  0.2159264534   45.7304104095712     39.81643656403   39.2100682152197   39.3455963398171   42.6216154442402   42.7043571616233
#[time: 0.22]
#[time: 0.23]
 0.2327336831  0.2327530244   45.5232777391137     39.81643656403   47.5534945931601   43.6295251735875   39.4496295513812    41.302125658526
#[time: 0.24]
  0.244271461  0.2442739977   45.5232777391137   49.3643427045967   46.0430261959916   44.4457879658251   42.3128857129587   41.4590381715593
 0.2453590833   0.245372593   51.1516865569994   49.3643427045967   48.5112645963787   49.1807084396504   43.5155646870302   43.9151660223925
 0.2493214457   0.249331498   51.7048295742114   49.3643427045967   55.8517508574598   54.3569082061843   48.6531443720767    49.367824815828
#[time: 0.25]
  0.254111687  0.2541172044   51.7048295742114   52.2408768363982    55.138662778968   53.9496125055459   42.3663373487389   42.4462996801453
#[time: 0.26]
 0.2636457061  0.2636684515   53.2717251874695   52.2408768363982    53.335750852533   53.4139764194276   55.2767861479719    54.836904077028
#[time: 0.27]
#[time: 0.28]
#[time: 0.29]
 0.2973513016  0.2973579647   53.2717251874695   54.7890929320066   57.7834301877269   57.3420511767583   50.6604479869627   50.0646284887556
 0.2979377985  0.2979518024   60.3828116585352   54.7890929320066   53.9516880402917   53.9352784948821   58.2025524274987   57.7629885390281
#[time: 0.3]
 0.3085066242  0.3085314121   60.3828116585352    64.912049771663    60.013466879412   59.0052296848717   60.8836223592713   59.6240972148885
#[time: 0.31]
#[time: 0.32]
 0.3252375907  0.3252405657   65.8181093318149    64.912049771663   62.5908329857278   62.4958949426921   60.6287293372294   60.9218408475256
 0.3298205952  0.3298207013   65.8181093318149   70.5822714637816   68.2314210623269   67.9469595984505   69.3264739305015   70.1525585165334
#[time: 0.33]
#[time: 0.34]
 0.3404400138  0.3404412332   65.8181093318149   67.6883301366013   69.9204693923097   73.7253346707465   59.9646434386913   59.7795613900756
 0.3470211459  0.3470408169     72.19004352285   67.6883301366013   68.4232925373121   69.0558395982592   64.6462969337691   65.4386830795618
#[time: 0.35]
 0.3597209778  0.3597680098     72.19004352285    75.181274479221    73.209336573416   72.4076270947081   70.8816561023852   69.6971725408633
#[time: 0.36]
#[time: 0.37]
#[time: 0.38]
 0.3807650222  0.3808016643     72.19004352285    64.611930312583   74.1308987752946   74.3353551831229   77.4260968647054   70.0778910055546
#[time: 0.39]
 0.3961942048  0.3961948527     72.19004352285   63.3038206889552   76.5482630963938    71.130023262946   76.4231000986225   69.6806764531038
#[time: 0.4]
 0.4004190461  0.4004199612   71.6383353996215   63.3038206889552   74.9058262437475   69.1699724486268   68.3457224930508   67.8048732628066
 0.4015478192  0.4015490299   71.6383353996215   65.5495777911014   71.1119853913852   68.3355704026921    74.992370220181   68.1743392613565
#[time: 0.41]
#[time: 0.42]
 0.4247906952  0.4248040033   71.6383353996215   72.6109348589949   71.6024767959774   69.8102685488275   69.8071539372011   69.4522297610597
#[time: 0.43]
 0.4375723365  0.4375819747   75.9834808339209   72.6109348589949   75.4878453638875   75.9578245915781   66.6190776500182    66.976987660485
#[time: 0.44]
 0.4458270224  0.4458854221   75.9834808339209    78.297635842419   84.0264123453771   80.2148926991652   70.6694271610798   69.6045493579759
 0.4495758198  0.4495802408   75.9834808339209   77.1043719854067    78.238173551007   78.6935553227839   68.5334992764104   68.1467942229661
#[time: 0.45]
#[time: 0.46]
#[time: 0.47]
#[time: 0.48]
 0.4889054569  0.4889089816   85.8574665436011   77.1043719854067   80.3326430256152   81.0997356063171   85.4808626966281    81.581103218205
#[time: 0.49]
#[time: 0.5]
#[time: 0.51]
 0.5144561196  0.5144745137   85.8574665436011    95.992716433037   88.1772014239553   82.7337522433312   90.9550433601068   91.8378849957321
#[time: 0.52]
 0.5232660648  0.5233141721   85.8574665436011   87.8678454650289   91.9829978940056    94.437138482403   80.6666223937311   79.5532043539221
#[time: 0.53]
#[time: 0.54]
 0.5438217216  0.5438265337   85.8574665436011    98.999380547064   89.8310911845647   90.6527492624619   92.2178266376311   94.6642280977196
 0.5456429285  0.5456708554   101.121416559623    98.999380547064   92.9703112529384   100.553603330689   93.7815427920773   94.9366585969267
#[time: 0.55]
 0.5579937829  0.5580302445   99.6972023900283    98.999380547064   104.480621948316   103.418995316532    94.081566416924   94.2985772594467
#[time: 0.56]
 0.5621467431  0.5621491702   100.872700713323    98.999380547064   101.691365945565   101.536641977182   94.2014933001499   94.8877040695171
#[time: 0.57]
 0.5744068529  0.5744163953   101.395837160195    98.999380547064   105.214978909933   103.899169432593   102.119713538899   101.189128129381
#[time: 0.58]
#[time: 0.59]
#[time: 0.6]
#[time: 0.61]
 0.6138779452  0.6139539506   101.395837160195   107.206211566193   100.301099317763    100.27338846528   105.814135103865   107.692708211732
#[time: 0.62]
 0.6212488852  0.6212658223   101.395837160195   102.037634510808    106.50037825592   108.888010051122   95.2610040208917   94.0034912865772
#[time: 0.63]
 0.6338807485  0.6338819898   104.721341633645   102.037634510808   104.213611856355   104.529939353141   103.357489139381   103.363306870723
 0.6347401753  0.6347596137   106.445852447452   102.037634510808   109.119186258751   107.254036055453   105.966673018548   104.831767490321
#[time: 0.64]
 0.6404539371  0.6405059533   104.226887646474   102.037634510808   110.004740746003   107.101002101764   97.4784434680869   98.0446456091359
#[time: 0.65]
 0.6516499532  0.6516568081   104.226887646474   105.954873771203   105.729171995928   105.253641899603   101.516135520364   100.569712781632
#[time: 0.66]
 0.6636264799  0.6636274277   108.980588812543   105.954873771203   105.899461349569   106.205683583008   105.332575735355    106.15216703986
#[time: 0.67]
#[time: 0.68]
#[time: 0.69]
 0.6955765327  0.6955911189   107.146070661852   105.954873771203   112.224222131061   110.184875697857     98.22289069185   99.0644786245451
 0.6996514183   0.699655764    104.90974458414   105.954873771203   110.600052242392   110.074391829971   95.6146628539661    95.901886506417
#[time: 0.7]
 0.7043703191  0.7043923494   115.834673009846   105.954873771203   108.075943179287   108.352277530737   112.703007677979   111.381167730139
 0.7052279456  0.7052542274   115.834673009846   117.268097232866   117.152547788931   109.277678264311   109.090177123179   108.818611023489
#[time: 0.71]
 0.7118983791  0.7119047558   120.456054735759   117.268097232866   117.458555545285   117.656989706936   114.825813627383   115.996441921874
 0.7151552946  0.7151955401   120.456054735759   123.479195232268   120.117469389499   119.712050913827   121.003117543742   120.278815269634
#[time: 0.72]
#[time: 0.73]
 0.7383129988  0.7383416061   120.456054735759    121.07883081724   123.659700402321   124.793147315407   118.222936153297   118.018313122632
#[time: 0.74]
  0.747771021  0.7477808413   120.456054735759   121.489756681824   124.899254282995   125.247118344275   112.371544386218   112.571189957496
#[time: 0.75]
 0.7561652122  0.7561929941   120.456054735759   123.918687832578   123.963882152716   124.257386306156   115.094927596022   115.261996702231
 0.7596396309  0.7596508063   126.405208397502   123.918687832578   124.241351046461   125.730429919712   116.803892286808   117.009609881408
#[time: 0.76]
 0.7673758888  0.7673845449   126.405208397502   128.546006862625   127.955198425217   126.994937015595   119.948367024797   119.638420225191
#[time: 0.77]
 0.7772893028  0.7773149667   126.405208397502   120.025319991552   129.389357807981   129.895942139312   134.360449196072   127.558402379497
#[time: 0.78]
  0.786497822  0.7865969496   126.405208397502   125.615502348809    121.45595940855   122.374617319395   127.939732865984   127.232330033826
 0.7874162267  0.7874254802   129.738698488192   125.615502348809   131.745609895039   131.162737312436   126.760676694833   127.270500627036
#[time: 0.79]
 0.7915294311  0.7915295436   122.539410231303   125.615502348809   131.975721669745   130.091284397543   127.489951616711   129.793580577659
 0.7920406657    0.79207509   129.746085596858   125.615502348809   126.474112331741   127.660052686207   123.674679141483   125.093268257305
#[time: 0.8]
#[time: 0.81]
 0.8162531337  0.8162611349   136.542906897259   125.615502348809   131.287046106368   129.691768204701   136.161407212956   131.609807706219
#[time: 0.82]
 0.8209105865  0.8209110958   128.839786804454   125.615502348809   135.786719382262   130.727550327437   125.482210058762   126.730519051114
 0.8233659581  0.8233816058   127.526804347859   125.615502348809   131.423616258674   130.189960805473   117.739798668582    117.40353910586
 0.8245124353  0.8245166552    128.04010267121   125.615502348809   129.729657851454   129.059711584805   117.734077337442   118.237754237057
 0.8254034342  0.8254441125    128.04010267121   129.216723281104   128.801499194552   128.241049467544   125.020248176142   123.812455971219
#[time: 0.83]
#[time: 0.84]
#[time: 0.85]
 0.8582642215  0.8583013235   133.735294772535   129.216723281104   130.436461240355   130.679273282983   134.792513078103     131.8215761242
#[time: 0.86]
#[time: 0.87]
#[time: 0.88]
 0.8819052664  0.8819052666   133.735294772535   129.216723281104    140.62902950808   137.023981809431   140.183518414117   136.768789872411
 0.8830856106  0.8831072131   133.735294772535   135.633356621369    138.73187187189   134.921293097949   125.648483251099   125.365869315823
#[time: 0.89]
#[time: 0.9]
#[time: 0.91]
 0.9125070669  0.9125390259    138.32172837357   135.633356621369   135.502305769588   135.630898656186   136.998511719055   136.984533890916
 0.9172025972  0.9172157913    138.32172837357   140.158009943971   143.960541045628   142.061489546943   131.429076829468   131.403912640715
#[time: 0.92]
#[time: 0.93]
#[time: 0.94]
 0.9473969191  0.9474601724   142.024920578896   140.158009943971   143.311515071019   144.101896406308    131.98718553451   131.984961369445
 0.9497260951  0.9497575834   141.670388055031   140.158009943971   142.219374631375   142.045249928513   136.231357844216   138.523671277594
#[time: 0.95]
#[time: 0.96]
 0.9640371035  0.9640458078   141.267486308347   140.158009943971    144.64319966816   144.148586294655   134.355217752141   134.772486501852
#[time: 0.97]
 0.9735833746  0.9735844648   141.267486308347   143.203539318254   146.825108701595    145.88467670483   135.735755477706    134.58798080386
 0.9792698041  0.9792878444   146.430903555182   143.203539318254   146.963303939096    148.41538909094   140.586916835456   141.327738899589
#[time: 0.98]
 0.9841968939  0.9842209408   144.599539966627   143.203539318254   150.082624376159   148.501941225336    134.61762838031   134.311096065142
 0.9842878626  0.9842878628   144.599539966627   143.203539318253   146.443104921429   146.146884719907   146.233599882495   145.943716692732
 0.9857957882  0.9858256981   144.599539966627    146.24157505369    145.05067710734   144.849118183438   137.415400827468   137.356550722683
#[time: 0.99]
 0.9963360783  0.9964149313   147.271269884123    146.24157505369   146.126270127049   146.209817076181   138.639481116351   138.825887650927
#[time: 1]
#[time: 1.01]
#[time: 1.02]
#[time: 1.03]
  1.032787638   1.032859814    139.68834900982    146.24157505369    148.26643513673    148.06082099318   147.318948234827   155.050779337657
#[time: 1.04]
#[time: 1.05]
#[time: 1.06]
  1.060129602   1.060182506    139.68834900982    138.88347812132   144.645278930725   147.872901774232   130.027704250786   129.854420951974
  1.060830327   1.060832393   139.625549461218    138.88347812132   145.376541550275   144.834730608487   132.240207738251    132.79578325571
#[time: 1.07]
  1.070129635   1.070137221   141.922743121731    138.88347812132   144.619907141857   144.095053638559   141.372133131858   141.056267835331
#[time: 1.08]
#[time: 1.09]
  1.095390173   1.095397651   141.922743121731   144.587052850942   143.241665531175   142.057754571947    140.03447065414   138.213789935867
  1.096162279   1.096162889   150.299482771217   144.587052850942   145.152934376363   146.164978253193   147.240079215137   147.415086865814
#[time: 1.1]
  1.100900713   1.100910921   150.357518901665   144.587052850942   148.222043340741   147.761750299803   148.691977669177   147.906856339932
  1.100976571   1.100993872   146.428259410126   144.587052850942   150.165372267982   148.597441266389   137.866060012667   137.656135253689
  1.106241887   1.106283591   146.428259410126    148.86973957435   149.988364919621   149.307358686021   139.748951527137   139.263040707254
#[time: 1.11]
  1.114526516   1.114540731   150.423145384783    148.86973957435   148.848989373927   149.419811582328     141.2037312603   140.890862582551
  1.117082522   1.117132074   150.423145384783   148.268400636516   149.875700729818   149.837803018214   152.336903830318   151.211764289028
#[time: 1.12]
  1.125683659   1.125692552   152.272580464997   148.268400636516   152.274822076906   151.340240001179   149.937969213404   150.032184659816
#[time: 1.13]
#[time: 1.14]
  1.140461963   1.140464855   152.272580464997   149.333267232155   149.623407479793   150.022544904394   155.497940010229   151.294840980783
  1.145991055   1.146036513   152.272580464997    162.83064715734   154.768818465213   153.086674391287   157.733632197053    158.96205680219
#[time: 1.15]
   1.15886757   1.158878123    165.30037956049    162.83064715734   160.012358131541   168.496736168475   159.460936537344   159.925347003377
#[time: 1.16]
  1.162537478   1.162612381    165.30037956049   168.163854081615    171.11798476334   169.028425163053   158.214375057633   158.394108429131
#[time: 1.17]
  1.170115063   1.170181017   164.636065515523   168.163854081615   168.819250645452   169.938787176552   168.356988564682   172.997609109254
  1.170477986   1.170496765   164.636065515523   166.795300232207   168.141764476872   168.980401818121   162.374969925608    161.73797573424
#[time: 1.18]
  1.188199018   1.188202188   164.636065515523   166.781837016009   164.742718386097    164.33379777678   159.017365464775   157.350947464535
#[time: 1.19]
#[time: 1.2]
#[time: 1.21]
  1.211009299   1.211085106   164.636065515523   168.595477026851   167.281318693759   167.982271377657   160.749419258506   159.322815184188
#[time: 1.22]
  1.220643952   1.220645428   164.636065515523   155.073659691568    166.73824080191   166.785892922293   169.005018845799   160.524126885649
#[time: 1.23]
  1.233112941   1.233138035    159.61744308483   155.073659691568   162.359006758741   160.526869978755   156.788272513453   156.998596173544
   1.23528548   1.235297287   158.373538740795   155.073659691568   159.785215890957    159.01402651103    148.19658848379   148.065484193883
#[time: 1.24]
  1.242912524   1.242916205   166.025722882837   155.073659691568   160.063910227034   157.929499992343   166.439559313192   160.986260665387
   1.24718148   1.247181804   166.025722882837   156.050190378911   168.220455517706    161.24737528134   165.937032751341   160.808896333412
#[time: 1.25]
  1.253753089   1.253823716   166.025722882837   166.613522178781   167.728094695585   162.814801763813   157.053069813011   156.953275715797
  1.257874521   1.257878074   171.838690041531   166.613522178781   167.685274798686   167.753519144255   171.971426132015   170.112310112935
#[time: 1.26]
#[time: 1.27]
  1.275620532   1.275621158   171.838690041531   181.604660018973    172.92022965655   171.684844922569   176.467492705997   181.366547672199
#[time: 1.28]
  1.288440525   1.288475354   166.101093786943   181.604660018973   179.134712575652   185.076692342333   170.104028173793   181.492046163216
#[time: 1.29]
  1.290535687   1.290563261   180.729083080454   181.604660018973   172.485343926679   184.818408300405   176.558413386416   175.916970858709
#[time: 1.3]
  1.303081593   1.303095171   174.795195717573   181.604660018973   183.527578096148   183.802208181994   180.413790731196   188.382604602994
  1.303628533   1.303634012   174.795195717573   179.183111715714   179.705156407309   181.262804239292   171.407267993757   170.333469254483
#[time: 1.31]
  1.310372496   1.310427852   180.608923373523   179.183111715714   180.249209433918   183.133493358525   171.262656976694   171.699073793598
  1.316490875    1.31649583   184.118225262754   179.183111715714    184.23843059467   183.530796646139   177.856305978517   179.943410889977
  1.317183628    1.31724706   182.267627490129   179.183111715714   188.036700735765   185.833979135047   173.451489837611   173.407675898392
  1.319677078   1.319685975   182.267627490129   180.596299409799   186.414517338181   184.497391577729     183.9915440777   183.014238859402
#[time: 1.32]
#[time: 1.33]
#[time: 1.34]
  1.340400925    1.34040146   182.267627490129   183.188656163276   185.503621429231   184.770862998698   172.891987637719   173.025444651022
#[time: 1.35]
  1.350353402   1.350378769   182.346051069195   183.188656163276   183.354914401811   183.408333674806   186.711353131422   187.275936758118
   1.35261017   1.352611563   182.346051069195   183.982617581302   185.940553450587   186.508301621613   175.733043118739   175.865349472966
  1.356731935   1.356735692   186.898180207168   183.982617581302   187.225932839633   187.981567072921     176.7924636701   176.687618635362
#[time: 1.36]
#[time: 1.37]
  1.378561074   1.378588831   186.898180207168   191.466898903095   188.827757979848    187.48838238005   189.255868586472   189.306894494825
#[time: 1.38]
#[time: 1.39]
#[time: 1.4]
  1.403596152   1.403598299   192.325575063254   191.466898903095   190.022077550355   190.494041349296   182.847054647318   183.138465848076
  1.406149014   1.406163302   192.325575063254   190.874606837614   195.251239346603   194.867269731065   193.322799722167   192.578639346321
   1.40622119   1.406221541   192.325575063254   193.960385375931   194.676324399938   194.322163459574   184.387989426421   184.099603237302
#[time: 1.41]
  1.417566234    1.41758281   192.325575063254   196.311750013119    195.84214049392   196.311778309997   192.260237953862   191.064550064509
#[time: 1.42]
  1.419992785    1.42000052   199.153264942874   196.311750013119   199.346741744896   201.824102468613   189.353236384999   190.361996568343
  1.423918096   1.423919563   199.153264942874    201.28639453164   204.502108462963   202.174440943273   194.147768921925   193.120298885097
  1.424591759   1.424649514   199.153264942874    203.00616328805   201.628340522174   201.960572750599   196.690119757442   195.170039934819
#[time: 1.43]
#[time: 1.44]
    1.4410798   1.441094454   211.150377801569    203.00616328805   202.490596634878   205.550189560958   210.441241192053   207.626069208379
  1.442847482   1.442853137   214.796222926604    203.00616328805   210.047100149494   207.944139166348   212.598671032605   207.225803511603
#[time: 1.45]
#[time: 1.46]
  1.460689874   1.460704841    203.77136220701    203.00616328805   216.350767213974   210.410889479424   197.002979562433   197.316766329431
#[time: 1.47]
  1.476006931   1.476007078    203.77136220701   209.473377208765   208.525663029635    208.02265412272   204.101727502553   202.057377995656
  1.477834162   1.477847426   211.928352301891   209.473377208765   208.060624837126   211.455354858538   209.426205385694   209.855458098998
#[time: 1.48]
  1.485865579   1.485872882   211.325615669677   209.473377208765   208.627301999057    209.08374032717   202.186599086837   203.884024987283
  1.485976695   1.485976713   211.712805934469   209.473377208765    217.63565752672   216.351494521819   217.406368713451   214.877387191921
#[time: 1.49]
  1.497830863   1.497836808   211.712805934469    213.42364267291   216.524757885656   215.102385890264   205.777221626842   205.662868720105
#[time: 1.5]
#[time: 1.51]
  1.517567768    1.51758605   209.454624884409    213.42364267291   216.109253826737   217.387149860568   216.307977432704   221.667758217777
#[time: 1.52]
  1.521477516   1.521478731   209.454624884409   211.424844918269   211.010679147556   210.869444724003   204.243055349829   203.812414108164
#[time: 1.53]
  1.533634883   1.533634883   209.454624884409   211.424844918269   212.971056819585    213.69708355112   213.394800827974   214.127818144325
#[time: 1.54]
  1.544826761   1.544834876   206.536089025565   211.424844918269   214.981282758189   216.733655567694   212.939608427832   218.787285991824
  1.546339619   1.546340612   212.459093662521   211.424844918269   210.300517334141   213.192804041794   203.243897026199   203.114399391097
  1.546437616   1.546441823   212.487450798971   211.424844918269   212.336829120077   212.279969204635   203.160400688417    205.00266926207
#[time: 1.55]
  1.552720492   1.552744409   212.487450798971   217.213946287044   213.618569989594   213.393340679436   210.585619743143   209.839948204122
#[time: 1.56]
  1.563846386    1.56388236   224.641800910106   217.213946287044   217.305819364069   220.379733293345   222.913310143285   221.008839642367
  1.566920381   1.566961258   222.415810282492   217.213946287044   223.583913125457   221.666826078504   212.787030828931   212.310465733966
#[time: 1.57]
  1.577802789   1.577814717   222.415810282492   228.116903049152   224.651948765556    222.71598036503   225.110333221123   224.771855027801
#[time: 1.58]
#[time: 1.59]
  1.594358378    1.59436473   233.023301173084   228.116903049152   226.494053390615   227.152246797181   228.604785200227   229.770279902847
  1.595229798   1.595272165   231.719096036168   228.116903049152   232.347413897978   231.399017809852   232.548737170326    231.33644585071
  1.598692782   1.598693115   231.719096036168   239.364338891405   235.468229269768   233.734621349973   235.902886285005   236.685054676046
#[time: 1.6]
  1.607524113   1.607570913   242.648870382009   239.364338891405   236.778541697278   243.199075161317   244.368607421126   243.104578935543
#[time: 1.61]
  1.611809125   1.611837236   242.648870382009   244.979112217872   245.240687458348   243.580097027405   244.913817524886   245.358101087039
  1.616158655   1.616171471   242.648870382009    243.70433176387    246.60358789836   247.600030556473   235.543681308847   235.332641779785
  1.618819331   1.618821742   245.555105988375    243.70433176387    246.86528629901   247.380599235877   236.522256466727    237.79352918007
#[time: 1.62]
  1.629323136   1.629329846   244.628128793363    243.70433176387   243.979047910947   244.068381333907   235.906197973549   237.094361425125
#[time: 1.63]
#[time: 1.64]
  1.649563383   1.649571417   244.628128793363   251.329769099648    244.30549132665   244.295510431247   242.282467304565    241.46104110899
#[time: 1.65]
  1.658313561   1.658314067   244.628128793363   246.157857279098   249.243754450146   252.008879989481   237.037377164389   237.176489725038
#[time: 1.66]
  1.661669893   1.661686863   248.574773811192   246.157857279098   248.959389773618   249.958110785226   240.053899714526     240.7927670415
  1.667246961   1.667262566   248.574773811192    249.91761598001   250.621855850666   249.924539063345   243.204877972932   242.215956166666
#[time: 1.67]
  1.678813162   1.678813433   247.131464386076    249.91761598001   251.759936066872   252.170258208577   250.294053214946   252.677506694807
   1.67933561   1.679335904   253.083270393333    249.91761598001   251.280692848946   252.455865450311   245.300567392319   246.969722223553
#[time: 1.68]
  1.683904977   1.683908284   253.083270393333   255.902119541728   258.263791449194   256.155669676085   253.756787643922   253.567621972261
#[time: 1.69]
  1.697626914   1.697661772   253.083270393333   255.812208954283   255.498784625368   256.308844451928   253.020070729597   252.482642040757
  1.697809978   1.697825336   253.083270393333   257.436778608207   256.780081301201    257.59240250339   249.211033771152   248.282746920414
#[time: 1.7]
  1.701925055   1.701925236   253.083270393333   274.247754867886   258.385071046565   261.965296662354    259.96384963985   271.069152880986
  1.704024514   1.704087637   275.914863683881   274.247754867886   261.781276662975   275.117320305418   273.729141552956   274.079340618228
#[time: 1.71]
#[time: 1.72]
  1.721921349   1.721961443   277.813298570196   274.247754867886   277.601185742253   277.133821904884   274.777785186715   275.324087798413
  1.723300332   1.723320567   277.813298570196    278.90955810863   282.175624565767   279.636439289821   269.873465889985   269.518042084636
   1.72795422   1.727961153   279.967856631143    278.90955810863   277.859589729347   277.819959229529   271.380817479027   271.365572847851
#[time: 1.73]
   1.73656791   1.736640754   279.967856631143   283.753024563035   285.084795864098   284.501365736874   279.373061627814   278.442369752732
  1.739040545   1.739077121   285.606393671755   283.753024563035   284.106964825767   284.962911115253   280.000332772446   280.336264373942
#[time: 1.74]
  1.746513686   1.746528581   285.606393671755   288.449353221422   290.973233302988   289.751240004647   278.022914029783    278.31886400396
#[time: 1.75]
#[time: 1.76]
  1.762829366   1.762829366   285.606393671755   288.449353221422   290.309882469064   291.794435031155    290.39668174589   291.989740231002
  1.766747062   1.766771675   282.443636692814   288.449353221422    287.22126729379   287.271039738908   289.128847647118   295.577687041907
#[time: 1.77]
#[time: 1.78]
  1.781281144   1.781300087   282.443636692814   289.417584387116    286.22306188195   287.091939932495   282.892526619695   282.094444871139
#[time: 1.79]
  1.796809248   1.796825618   290.912155033304   289.417584387116    286.70252302071    288.73722887059   282.324661650545   283.130051198403
  1.797099679   1.797126308   290.912155033304   288.171799051505   293.349176159282   292.933180052839   296.307429594499   293.055649666267
  1.799013889   1.799045207   277.743103887729   288.171799051505   291.099419140961   290.681125715148   283.114273453413   291.827571687321
#[time: 1.8]
#[time: 1.81]
#[time: 1.82]
#[time: 1.83]
#[time: 1.84]
#[time: 1.85]
  1.858194172   1.858211283   277.743103887729   276.538285844537   284.197805055787   288.879321480671   287.967414127574   286.253030629078
#[time: 1.86]
#[time: 1.87]
  1.870709622   1.870740341   270.393122028513   276.538285844537    279.52417728409    278.99508472229   273.883242599396   275.447983300348
#[time: 1.88]
  1.883475392   1.883494805   270.393122028513   272.457557667787   273.417641294448   273.382242516536   270.672730187438   270.410826888053
  1.889007804   1.889061587   277.020428327237   272.457557667787   275.755223037298   277.019421010448   269.106237374902   269.657782916895
#[time: 1.89]
#[time: 1.9]
#[time: 1.91]
  1.914726433   1.914834563   277.020428327237   278.771911714582   277.257315314363   275.955568759553   270.256018509118    269.70331948945
#[time: 1.92]
#[time: 1.93]
#[time: 1.94]
#[time: 1.95]
#[time: 1.96]
  1.963649925   1.963656807   280.472473607346   278.771911714582    280.21219618417   280.703796781785   269.982708297628   269.610607461293
  1.966273507   1.966281671   281.595629403077   278.771911714582   282.897412700969   282.204554112816   275.616474711205   277.288916055922
#[time: 1.97]
  1.971085675   1.971087686   281.595629403077   282.229387953798   281.368947980236   281.150188476686   274.016781367439   273.812864798288
  1.971193274   1.971251777   283.753559927989   282.229387953798   284.574019907402   284.730299672605   277.395224062798   277.710582338475
  1.973180046   1.973207541   279.962809009639   282.229387953798   284.106011917157   283.909418477991   282.126614063292   285.005269177867
#[time: 1.98]
  1.986787036   1.986787784   279.962809009639   284.863874136149   283.068365914596   284.322625123806   278.925088033797   276.881159030431
#[time: 1.99]
#[time: 2]
  2.001670332   2.001786321   281.712180043169   284.863874136149   283.389345224775   286.146932367053   287.479685666661   290.767352840669
#[time: 2.01]
  2.010047471   2.010053019   281.712180043169   282.490058139956   286.377996622517   288.101502487126   274.754051822097   273.766527541938
#[time: 2.02]
#[time: 2.03]
#[time: 2.04]
#[time: 2.05]
#[time: 2.06]
#[time: 2.07]
  2.073883661   2.073909375   283.920188309868   282.490058139956   287.912268111252   288.791865120314   277.358560510734   277.946267903746
  2.079041402   2.079047731   283.920188309868   285.595903445205   284.937176960765   284.688431019601   278.121843498055   276.793482107471
#[time: 2.08]
  2.085203045   2.085214874   283.920188309868   285.819694284764   287.145235263301   287.502764644271   278.123050916525   277.983474430814
#[time: 2.09]
#[time: 2.1]
  2.100289328    2.10029286   283.920188309868   287.627656921839   291.216533503367   293.120283028328   277.991350451821   278.549153590335
  2.106498492   2.106510194   283.920188309868   285.821352484693   287.165260359217   287.732843771959   278.328330048954   277.673241469866
  2.107316661   2.107368305   283.920188309868   286.297943071012   288.066740819427    289.24875153815   285.154488548177   285.174072249319
#[time: 2.11]
  2.112956207    2.11297341   285.230995808256   286.297943071012   285.513385393484   285.674777820902   286.902067067692   287.080742398179
  2.115610762   2.115636782   287.163276883046   286.297943071012   287.151284451418   287.384238541028   286.805411926126   286.777458972885
#[time: 2.12]
  2.123920459   2.123955316   280.736632555379   286.297943071012   287.352465587155   287.322505032088   285.661575148506   291.549172249711
  2.128046896    2.12805913   280.736632555379   285.415371781594   285.383807754538    290.84290694341   281.320542554674   279.537208533315
#[time: 2.13]
  2.133534065   2.133544465   280.736632555379   282.579905508256   286.581866409005   288.000135147175   278.097720403982   276.960222324544
#[time: 2.14]
#[time: 2.15]
  2.152268845   2.152274395   279.927249753324   282.579905508256   285.740039201822    286.59742814454     286.7730565939   291.062982445289
#[time: 2.16]
  2.162382293   2.162405839   278.428462541073   282.579905508256   286.473770493643   288.177875037146   281.860219750042   285.829857614281
#[time: 2.17]
#[time: 2.18]
  2.183221071   2.183238422   278.428462541073   280.449190531834   283.050551937244   284.892942963718   273.765045174023   272.481010323446
#[time: 2.19]
  2.199592919   2.199600475   278.428462541073   284.570873939266   282.785762330196   283.694372612731   281.646987212065   282.355865495422
#[time: 2.2]
  2.206566311   2.206569442   278.428462541073     281.5302997257   284.690658173896   288.255493359442   273.846621613406   274.132568342114
#[time: 2.21]
  2.213256134   2.213276612   284.547285738943     281.5302997257    283.32297256947   284.493926396412    278.12058840256   279.133794021859
#[time: 2.22]
  2.228431342   2.228454306   284.547285738943   289.026140867725   286.266962847774   285.267438930242   282.705147907198    281.30268867671
#[time: 2.23]
#[time: 2.24]
    2.2445705   2.244581043     289.7161775706   289.026140867725    289.14779783192   290.996162321918   292.917322760342   292.506510804736
  2.244608104   2.244613031     289.7161775706    290.76055802857   291.591263996868    291.40027094064    287.16704477322   286.811963525269
#[time: 2.25]
#[time: 2.26]
#[time: 2.27]
   2.27737093    2.27738983    301.34226383364    290.76055802857    294.14269640012   294.654413882524   296.739654823388   296.149868816886
#[time: 2.28]
  2.280547614   2.280551624    291.57241142443    290.76055802857   307.054923272152   298.548623036007   285.946891909721   287.408778682067
#[time: 2.29]
  2.296316088   2.296317379   293.073826100577    290.76055802857   295.856462751305   295.440235240652   287.690827282994   289.095190275341
  2.298722679   2.298746049   293.073826100577   294.715818319615   289.954325840741   290.381560645557   286.809012105735   286.600329797748
#[time: 2.3]
#[time: 2.31]
  2.310467823   2.310514538   293.073826100577   296.707036550969   297.783784621619   298.821927373623    293.40875431453   291.747797026289
  2.317428038   2.317429787   293.073826100577   296.217517485588   295.816950220399   296.982203172876   296.170197310816   297.016469645354
#[time: 2.32]
  2.328114017   2.328135167   300.711645646664   296.217517485588   297.536748974551   298.881417886018   294.023422190551   296.253656490366
#[time: 2.33]
  2.334160487   2.334208055   300.711645646664   299.324202414614   305.280345495088   302.558033789375   307.536549913417   305.419074269205
  2.334691975    2.33469854   300.711645646664    299.80031204165   304.346310603128   303.520734356403    294.75661514398   295.334730799036
#[time: 2.34]
  2.344865568    2.34496867   300.711645646664   304.140156136082   305.745529240849   304.933115595286   295.089733760763    293.83567905162
#[time: 2.35]
  2.351335477   2.351341998   300.711645646664   307.938499907892   306.100727712504   307.905333299227   306.431263555877   308.856969775453
  2.354046328   2.354088771   307.041214901129   307.938499907892   305.485006765536   308.204374918458    300.11164273449   300.001224301857
  2.356337315   2.356360632   307.041214901129   308.628367806353   313.672261600741   314.576003464503   310.134621661071   311.192422611939
  2.359920817   2.359924339   313.245162975994   308.628367806353   311.043520894462   311.577517413006   309.969913892599   310.306337168207
#[time: 2.36]
#[time: 2.37]
  2.371888513   2.371911866   310.144539802209   308.628367806353   312.921491144514   311.939788303622   304.802584773319   306.515330731243
#[time: 2.38]
#[time: 2.39]
#[time: 2.4]
  2.403037175    2.40303845   310.144539802209   314.991175188533   312.038272383385   311.647184042759    303.40921244832   304.574705702481
  2.405706704   2.405707396   310.144539802209   311.357838019551   314.840836662247   317.153772365328   303.111691501435   303.153589153567
#[time: 2.41]
  2.412701976   2.412703907   318.361497222461   311.357838019551   315.172582559893   315.725900597935   314.583173775346   314.811821262217
  2.418891805   2.418917748   318.361497222461   315.766390218702   320.190664623895   317.140607214479   317.491615453332   317.323570383068
#[time: 2.42]
#[time: 2.43]
#[time: 2.44]
  2.443691501   2.443692942   318.361497222461   327.901014539627   318.565356924202   318.159221214071   323.388997079421   324.333580570043
#[time: 2.45]
#[time: 2.46]
#[time: 2.47]
#[time: 2.48]
#[time: 2.49]
  2.490997389   2.491023365   318.361497222461   321.409971780699   325.079675180865    331.47924649916   312.321036899264   312.548296344481
#[time: 2.5]
#[time: 2.51]
  2.512498605   2.512531278   320.750536289284   321.409971780699   324.479924144497   326.464865459776   315.161354498978   318.822718316729
#[time: 2.52]
   2.52104127   2.521070606   320.750536289284    322.14754038608   325.153226556813   325.490684223783   321.708366338557   321.814785982925
#[time: 2.53]
  2.536471389   2.536472999   320.750536289284   327.880477809023   324.224714852566   324.673143146255   324.618561542422   328.269169212708
#[time: 2.54]
  2.541547175   2.541555007   325.085650773899   327.880477809023   324.907410247961   326.027222664467    334.25980354337   337.884219420068
  2.542993469    2.54300175   325.085650773899   327.148211326926   328.336827357661     329.5815153893   324.107293632178   322.948237101689
#[time: 2.55]
#[time: 2.56]
  2.564005454   2.564006561   328.880266804642   327.148211326926    331.79043547189   333.368464750098   326.214340399595   326.636477291602
  2.565922373   2.565938856    327.97514992333   327.148211326926   333.561377263659    332.51742574795   323.140297291591   323.361479530485
#[time: 2.57]
#[time: 2.58]
#[time: 2.59]
  2.597702821   2.597707603    327.97514992333   332.983624910504   330.068908730487   329.835555885037   328.852787291207   327.228277791581
#[time: 2.6]
  2.602509357   2.602541773    327.97514992333   333.775122810492   330.931591696369   331.841865192273   327.386020658076   326.981542241833
  2.603013055   2.603037058    327.97514992333   329.653952725048   332.733473391241   334.847481250347   319.662484583826   319.613215839715
#[time: 2.61]
   2.61487119   2.614936094    327.97514992333   329.167006125645   332.212896757387   333.026810364448   319.507482975426   318.759942528859
  2.619884842    2.61988986   332.786504459092   329.167006125645   331.918547758319   332.296422755044   332.794192822986   331.411159493404
#[time: 2.62]
  2.620954779   2.621010102   332.786504459092    326.61370575764   334.075265043076   332.883353268248   333.827350874202   330.775391604422
#[time: 2.63]
  2.635726977   2.635758771   328.672240345342    326.61370575764   337.456693790506   333.084041296878   319.277642501156   320.182085482819
  2.636432668   2.636445393   328.672240345342   334.416822014115   331.096721618465   330.205852402403   331.725603383724    331.95424405198
#[time: 2.64]
  2.645452327   2.645472683   328.672240345342   329.665053245199   335.234811711227   338.813194770977   323.303642562802   323.025225486298
#[time: 2.65]
  2.653419196   2.653421496   330.953266922758   329.665053245199   332.885876756876   333.722744937377   321.167058850583   321.718811349369
#[time: 2.66]
#[time: 2.67]
#[time: 2.68]
  2.680120194   2.680130555   330.387506655638   329.665053245199   333.773717067108   332.881424854492   329.967585032091   329.973752754045
  2.684307096   2.684361937   339.266237760827   329.665053245199   335.169590903128   334.848444827082   339.332488364909   334.315826875636
#[time: 2.69]
  2.690385358   2.690430555   321.669735361642   329.665053245199   338.388864120059   334.732698428798   327.034454773064   332.767435316379
  2.691828982   2.691841518   332.198806092894   329.665053245199   328.691262077334   335.889134872902   322.343339250051   322.972286784095
  2.698704355   2.698719237   334.216933963376   329.665053245199   336.117762043275   334.599294747445   331.211602848364   331.636353235322
#[time: 2.7]
  2.707258403   2.707279298   334.216933963376   331.355356046388   338.702989648843   335.356822075018   342.921187467913   338.301867792326
#[time: 2.71]
  2.710172065   2.710182038   337.107514072036   331.355356046388   336.970882108078   335.805572163309   332.821294917657   333.958921062818
#[time: 2.72]
  2.720778159   2.720796719   332.715007964059   331.355356046388   340.622342933011   337.694565555865   341.258615446774   339.408961855964
#[time: 2.73]
#[time: 2.74]
  2.742326237   2.742351678   332.715007964059   333.777070322682   336.297554017678   335.327962033462   325.022766069524   325.028928741936
#[time: 2.75]
#[time: 2.76]
#[time: 2.77]
   2.77175986   2.771761245   332.715007964059   334.674580290682   338.642965607177   339.512149312459   323.785054474378   324.326213588673
#[time: 2.78]
  2.788356049   2.788381204   331.388555965989   334.674580290682   336.385876092644   337.212056787707   335.262999288723   336.366923860076
#[time: 2.79]
  2.792296268   2.792300178   331.388555965989   332.398231658359   335.920570117805   337.420351610617   323.132337188346   323.283397403496
  2.797770406   2.797773457   328.583404520207   332.398231658359   334.459518320727   334.691419640095   331.946053958729   332.932561700686
#[time: 2.8]
#[time: 2.81]
  2.814916745   2.814936925   328.583404520207   322.897817986483   332.543087105043   333.724986966039   334.465951728775   329.291181889507
#[time: 2.82]
  2.822451591    2.82248436   328.583404520207   330.114713376335   333.411180759736   329.390421035427   324.575288753768   323.889184971774
#[time: 2.83]
#[time: 2.84]
#[time: 2.85]
#[time: 2.86]
  2.865585734   2.865590003   332.488819823319   330.114713376335    333.17598950913   334.022090010364   324.637664131548   325.290460807004
#[time: 2.87]
#[time: 2.88]
  2.885452416   2.885456302   330.937903533653   330.114713376335   333.237038386203    332.58364163401   324.772476918168   325.245661931712
#[time: 2.89]
  2.898776913   2.898778372   330.937903533653   320.266590585888   335.568352472901   335.029541914823   334.792386115408   325.423470603342
#[time: 2.9]
  2.901466755   2.901486084   322.759630640589   320.266590585888   329.432736916631   325.246791761691   318.322619877967   318.737568047697
  2.908716816   2.908717749   322.759630640589   327.743460419463   322.026971748096   321.839925183756   325.718165702061    326.74264208129
#[time: 2.91]
#[time: 2.92]
#[time: 2.93]
#[time: 2.94]
#[time: 2.95]
  2.952616382   2.952632313   322.759630640589   324.926817746429   328.644573794445   330.686778912356   314.748152119472   314.939566248187
#[time: 2.96]
  2.961051526   2.961060526   329.655753515138   324.926817746429   326.372396933266   327.340929110353   330.875376645488   326.448111534993
#[time: 2.97]
#[time: 2.98]
  2.982826283   2.982853627   329.158369303232   324.926817746429   332.413763218229   329.825904999316   321.365183040643   324.080664060369
#[time: 2.99]
  2.992725206   2.992730751   329.158369303232   334.251402133608    329.26119664804   328.061715086879   330.365286896402   329.464615111756
#[time: 3]
#[time: 3.01]
   3.01528457   3.015293693   329.158369303232   330.650364588464   332.004195406996   332.203002143539   322.582016352909   322.503612981999
#[time: 3.02]
  3.024766686   3.024820125   333.051403895864   330.650364588464   331.889172208556   332.321787320121   324.476992247117    328.18229119741
#[time: 3.03]
  3.034187468   3.034276133   333.051403895864   334.772154677788   334.516362541434   333.589720567371   325.877974160641   325.692187670703
  3.038830053   3.038840007   333.051403895864   326.080732614461   337.207071300461   338.082391891404   338.071316318852   332.462246815096
#[time: 3.04]
#[time: 3.05]
  3.051521471   3.051526412   326.850112244349   326.080732614461   333.959499501774   331.912820961613   318.654232884613   319.063703916204
  3.057197111    3.05723633   326.850112244349   332.505490220973   328.444486466882   328.212462950049   328.295720686613   326.549984959016
#[time: 3.06]
#[time: 3.07]
#[time: 3.08]
#[time: 3.09]
  3.099172671   3.099172671   326.850112244349   332.505490220973   330.651967000572   331.803692436726   331.040852162588   332.498055822692
#[time: 3.1]
  3.103240516   3.103247919   326.850112244349   325.844737563368   331.196170263673   334.134237494117   326.852819964556   326.771800049402
  3.109051111   3.109088599   326.850112244349   325.127976307666   328.423363809823   328.194877521208   335.704299605799   332.566444715585
#[time: 3.11]
  3.112317658   3.112322889   323.403028228686   325.127976307666    323.64129231565   323.946016723561   325.156174769055   325.650566852606
#[time: 3.12]
#[time: 3.13]
#[time: 3.14]
#[time: 3.15]
#[time: 3.16]
#[time: 3.17]
#[time: 3.18]
#[time: 3.19]
#[time: 3.2]
#[time: 3.21]
#[time: 3.22]
  3.225539008   3.225594877   323.403028228686   327.104240307589   323.554178171325   323.428255670705   320.387571224837   318.414126635304
  3.225716034   3.225730772   326.107207026277   327.104240307589   327.772142170217   330.454813481339   325.009021237532   324.633265074339
#[time: 3.23]
  3.231180374   3.231209236   326.107207026277   330.366862757096   326.497325817758    326.48409510911   324.524604138987   322.740879636101
  3.236148251   3.236150429   332.654991464093   330.366862757096   329.860219203172   330.958357268256   323.424075926312   324.119728150323
#[time: 3.24]
  3.240210069   3.240245329   332.098285746315   330.366862757096   336.317497461963   335.073801302295   325.519924662019   326.098183904466
   3.24417658   3.244189907   331.978926958766   330.366862757096    331.06975660367   331.110452930646   323.837879741394   324.938833699825
#[time: 3.25]
  3.251905681   3.251929891   331.978926958766   330.147714334794   333.703893422505   333.162860841033   326.962527277504   327.258167864312
  3.258275995   3.258285126   331.978926958766   331.091262270299   335.661181431357   334.927882255964   327.348311286364   327.555487213872
#[time: 3.26]
  3.266157541   3.266165567   332.218628970003   331.091262270299    336.26606901816   335.880474013786   323.912731780826   324.143539275255
#[time: 3.27]
#[time: 3.28]
#[time: 3.29]
   3.29532924   3.295334179   332.218628970003   333.284320349227    338.23473593331   337.113860200764   325.525377655207   325.512857268188
#[time: 3.3]
  3.303937077   3.303955464   332.218628970003   335.710203394495   333.243105447368   333.314538970079   328.697634533161   327.578657400302
  3.304328297   3.304352043   332.218628970003   331.639919398495   335.483485951799   336.240337183942   323.029097174626   322.915679290312
  3.306598077   3.306600137   334.413906797962   331.639919398495   333.059336706175   332.936744147372   327.868641836788    328.92045741756
#[time: 3.31]
#[time: 3.32]
  3.320690633   3.320695505   334.413906797962    337.33333519293   337.893952618693   336.300334709219    328.64756001493   327.587039679102
  3.323178551   3.323187513   342.068300205242    337.33333519293   338.701717318074   339.710085587028   334.700090251332   335.524362647623
  3.327934111   3.327943359   342.068300205242     345.1670017479   344.034561699753   341.253924465206   341.549581003832   340.148575442804
#[time: 3.33]
#[time: 3.34]
  3.348053382   3.348121433   342.068300205242   349.205080415457   342.741485132086   342.320466461373   346.504265077624    348.09927225996
#[time: 3.35]
#[time: 3.36]
#[time: 3.37]
  3.376628432   3.376635578   342.068300205242   343.501739130745   347.768491138548   351.789878184439   336.946507843798   335.718970974561
#[time: 3.38]
#[time: 3.39]
  3.393947206   3.393982954   344.777273609575   343.501739130745   345.539380888972    346.29214019732   339.520563938342   340.155317527493
#[time: 3.4]
  3.403222178   3.403222269   344.777273609575   349.147716692294   346.496780546614   346.294588135004   346.811458108022   346.640190865751
#[time: 3.41]
  3.416222829   3.416306814   350.559117288784   349.147716692294   350.771066355453   353.636221987724   340.379062261278   339.995967905358
#[time: 3.42]
#[time: 3.43]
#[time: 3.44]
#[time: 3.45]
#[time: 3.46]
  3.461705792    3.46177619   347.966937182878   349.147716692294   352.771554342448   352.347161349535   355.398547356709   356.837741325593
  3.469476164   3.469476169   347.966937182878   349.689503523553   349.435710574729   349.638644124923   350.423697162724   351.142905457296
#[time: 3.47]
#[time: 3.48]
   3.48419824   3.484226143   347.966937182878   346.529387598873   352.277298505408   353.087160586319   349.375164998878   348.990568046983
#[time: 3.49]
#[time: 3.5]
  3.505491497   3.505492283   345.085422141636   346.529387598873   351.043462130766    350.58935917558   342.986696797438    342.32872818852
  3.507064124   3.507072325   345.085422141636   350.010844472007   350.388742820912   351.102681426382   346.345317669612   343.786625959109
#[time: 3.51]
#[time: 3.52]
#[time: 3.53]
  3.537473372   3.537483765   353.272513725842   350.010844472007   349.837419901008   352.442679987121   349.593998438671   350.590261001102
  3.537810147   3.537828963   352.393654185417   350.010844472007   356.239884503405   354.883890515656   346.878808157558   347.156626432425
#[time: 3.54]
  3.545727614   3.545735005   352.393654185417   354.190175890124   355.608199214516   354.580393695818   343.699254429524   344.032173219723
  3.545916367   3.545921156     349.8824104998   354.190175890124   357.160787193662   358.074461864657    354.69452778743   359.002128165784
#[time: 3.55]
  3.552473106   3.552492497     349.8824104998   359.164700509011   350.821044476554   350.197681294721   353.696143103717   357.204353608671
#[time: 3.56]
  3.567333424   3.567491657    363.04957658545   359.164700509011   356.150722309605   364.660207186733   357.031764293852   358.357005550873
  3.568164232   3.568200179   360.708492998513   359.164700509011   366.867698727267   364.573071260433   360.531371136857   360.400832444857
#[time: 3.57]
#[time: 3.58]
  3.580250083     3.5802539   360.793315883065   359.164700509011   361.223283828381   361.063286294051   358.536715587187   358.983266070863
#[time: 3.59]
  3.591526354   3.591532189   360.793315883065   364.260725649118   361.436439883809   361.216654064611   361.252613240476   359.294818503698
  3.597549585   3.597549975   367.031214288542   364.260725649118   363.586302391827   364.248177372272   356.597608703216   356.788690447775
#[time: 3.6]
#[time: 3.61]
  3.615360847   3.615361573   367.031214288542   369.595632634055   362.330300267518   363.083103427857   363.452083999047    362.48817406742
  3.618856821   3.618857835   368.547272357729   369.595632634055   370.169491565297   370.906612134047   359.298365475249   359.514746271956
#[time: 3.62]
  3.626997087   3.627002513   371.168481358374   369.595632634055   370.790746458962   371.040227328719   361.781460434953   361.590215282918
#[time: 3.63]
#[time: 3.64]
  3.640714163   3.640722219   371.168481358374   375.111743226756   374.560185858394   373.803931806614   372.353644632112   371.987341577364
#[time: 3.65]
  3.650038352   3.650044623   371.168481358374   372.251252755927   375.839419958359   377.057122652053   363.370616337426   362.958222961678
#[time: 3.66]
#[time: 3.67]
#[time: 3.68]
  3.689205217   3.689205347   373.145112868451   372.251252755927   374.079747192776    374.40414864827   364.708143447931   364.741160928004
#[time: 3.69]
  3.691307969    3.69131812   370.584219424573   372.251252755927   374.352065440937     374.1161268113   376.453122547448    378.15793322969
  3.699492522   3.699501219   374.090130673124   372.251252755927   372.495959405506   373.166637150446   364.090815365282   363.606740701798
#[time: 3.7]
  3.701374726   3.701374733   374.090130673124   376.726355417982   377.718694724899   376.600503112653   378.295232925212   379.699927190273
  3.706324463   3.706336815   389.702324218194   376.726355417982   378.214559677429    379.35481563092   390.464627529561   383.190442987618
  3.706588178   3.706613846   377.674698616189   376.726355417982   393.070995747582   383.354354317895   376.450089201765   376.501330076666
  3.709129035   3.709165838   377.674698616189   379.174209214968   379.781319351733   379.408438436652   373.175612528988   371.711575982295
#[time: 3.71]
  3.713039627   3.713081101   377.674698616189    379.36245460493   383.237936207121   383.975940757069   372.753302615259   371.742795037356
  3.714172526   3.714195135   377.674698616189   375.516286649762   379.010243038338   379.166241069973   388.063962483867   384.785819755281
  3.716901962   3.716919871   378.766460191873   375.516286649762   379.930215327908   379.486647197868   376.661719606036   376.855919491055
#[time: 3.72]
   3.72610447   3.726126668   379.148893456872   375.516286649762    382.34462638728   380.647782578958   378.862704524156   378.191051850843
#[time: 3.73]
#[time: 3.74]
  3.748409772   3.748410391    376.44580355997   375.516286649762   382.705816486234   380.634678910492   367.812068755676   367.826933618144
#[time: 3.75]
  3.758638404   3.758653702   378.978675708688   375.516286649762   379.274888667358    378.93870645347   382.542562845808   379.909313797206
#[time: 3.76]
  3.767659337   3.767695528   378.003419970801   375.516286649762   378.994039400313   378.633027882804   373.966103820383   374.471387312596
  3.768581855   3.768588056   378.003419970801   388.060293132367   379.741677741948   379.204343959561   383.116769560396   383.388546006599
#[time: 3.77]
  3.771867299   3.771869698   378.003419970801   381.485584889288   383.872189266653   390.289880184812   378.076627542042   376.224663660592
  3.773786827   3.773788152   378.003419970801    381.49351595708   380.077521189711    380.32852891143   371.572460470602   371.902817388681
  3.775556986   3.775589513   384.446861177496    381.49351595708   384.529819158311   387.181386120733    381.06707830055   381.469803012764
#[time: 3.78]
#[time: 3.79]
  3.790833262   3.790866095   384.446861177496   386.251786317578   384.892155442814   384.161571627904   376.369132473693   376.411564275083
#[time: 3.8]
  3.801574239   3.801633161   384.446861177496   377.334383915075   387.233549055926   387.655556187661   392.691482602862   383.143413408766
#[time: 3.81]
#[time: 3.82]
  3.824341066   3.824341067   384.446861177496   377.334383915075   383.879188821108   382.150804790734   383.831831140866   382.061316470683
  3.826766362   3.826766362   384.446861177496   377.334383915076   386.668626343799   382.644699999881   386.512893704377   382.311434568901
  3.827344905   3.827367609   384.446861177496   386.784709904439   384.773878627899   381.484316171094    377.35287201107   377.341785093168
#[time: 3.83]
#[time: 3.84]
  3.842626946   3.842630407   390.458179683392   386.784709904439   385.021121411671   384.578751698268   383.773500434051   384.916186686609
  3.842833373   3.842875761   391.550594132741   386.784709904439   391.785699253494   391.012580153616   384.545268653566   386.202480332631
  3.843175687   3.843197922   391.550594132741   392.310308143706   392.065243017861   390.529451634753   383.574159915719   383.053955141217
#[time: 3.85]
  3.851474745   3.851493792    390.62905828647   392.310308143706   396.067729641756   396.431608964101   400.397660527583   402.659777884437
#[time: 3.86]
#[time: 3.87]
  3.874537816    3.87453959   383.852359583935   392.310308143706   393.247271578569   393.571334060165   390.550319652197   397.603046078507
#[time: 3.88]
  3.889312733   3.889337366   390.656603357777   392.310308143706   390.208204257816   395.121511878019   391.194373617643   391.062056322783
#[time: 3.89]
   3.89682127   3.896828314   387.330950641239   392.310308143706   391.611313503468   391.640465938453   394.983332868928   401.421355232808
#[time: 3.9]
  3.903860436   3.903892918   387.330950641239   389.470016608995   391.953773084483   395.168153231325   383.956619612451    383.33507133597
  3.906751906    3.90676471   391.721547868215   389.470016608995   391.961242397144   394.245862304977    382.11490056927   381.826616461769
#[time: 3.91]
  3.911144455    3.91115223   391.721547868215   394.857899194724   392.747635619265   391.867971830897   386.917724225018   385.468483736364
  3.918661306   3.918661891   391.721547868215   396.140095331061   396.444943579366   397.508360128777   392.796014247764   392.128794857504
#[time: 3.92]
  3.928151139   3.928151812   391.721547868215   396.026167808477   396.002290834995   397.657740852925   395.348384526099   398.360381203493
#[time: 3.93]
  3.930539118   3.930571314    397.51159506994   396.026167808477   397.825724955174   400.399718479125   389.786705194448   391.717838684569
  3.932495415   3.932517932   403.587420610144   396.026167808477   398.023875074898   397.710127972339    401.71580036051   400.638967907771
#[time: 3.94]
#[time: 3.95]
  3.952990368   3.953003108   403.587420610144   406.042252409605   406.703396574976   401.701380136113   395.331052256806   395.927278239418
  3.956612517   3.956655382   406.866998991442   406.042252409605    409.93886972579   411.414027459371   398.040157746344   398.114295979561
#[time: 3.96]
  3.969445126   3.969492903   406.866998991442   412.169905388306   411.678716181928   411.253589196964    409.21168105436   408.596917786987
#[time: 3.97]
  3.975149921   3.975189192   406.866998991442   407.984796078245   408.337763511143   407.721773061606   398.896561039072   398.989904450189
#[time: 3.98]
  3.985989411   3.986056216   411.291719998133   407.984796078245   410.372308277009   410.810920404163   402.316875230067   402.548470105137
  3.987470313   3.987470313   411.291719998133   407.984796078245   416.069031001481   413.180109492229   416.262156384937   413.252575193713
  3.989848844   3.989863801   408.896406230404   407.984796078245   414.648975731165   412.428480689387   399.532030984691   400.637343152115
#[time: 3.99]
  3.994684217   3.994721417     400.1339747179   407.984796078245   411.144818487795    410.89876949952   403.475034373588   409.578796023362
#[time: 4]
  4.000402883   4.000403926     400.1339747179   396.954771281475   405.326547232126   407.982703437226   402.483393407199    399.26419506714
  4.008249592   4.008272147   398.598645208288   396.954771281475   401.563922724308    400.62847675468   388.680968938216   389.100460162705
#[time: 4.01]
#[time: 4.02]
#[time: 4.03]
#[time: 4.04]
  4.045736324   4.045757606   398.639089275082   396.954771281475   398.959211805501   398.764025662817   392.216170399977   392.507866165366
#[time: 4.05]
  4.057161092   4.057218342   398.639089275082   400.916501122388    396.14835699571   396.465933850188   390.994679754223   390.523749680998
#[time: 4.06]
  4.062020002   4.062040164   398.639089275082   400.564008167214   399.951114533276     399.9995760606   393.797485517377   392.683850254764
  4.067593716   4.067609052    393.93751983425   400.564008167214   403.272607209091   404.702817163488   400.214578250376   407.861495846584
#[time: 4.07]
   4.07272001   4.072818274    393.93751983425   390.477232078672   398.806722954131   401.352387078096   397.280530474143   392.668536232809
  4.078251017   4.078259522    393.93751983425   398.076757352368   396.631445010169   395.190463126145   394.428222832227   393.519881931109
  4.078871906    4.07890044   402.291669451849   398.076757352368   399.973373990139   403.444715532096    400.16847906164   400.173663040313
#[time: 4.08]
  4.083619037   4.083623882   402.291669451849   409.120973205652   403.954981702026   402.665208344758   404.517088732131   404.101509920156
  4.086684119   4.086729853   402.291669451849   403.863699731217   408.644532208135   411.670812320812   396.202879640767   394.825968836697
#[time: 4.09]
  4.099945849   4.099980195   402.291669451849   404.089544069668   403.520541495556   403.655827659261   396.724793893163   395.254295208965
#[time: 4.1]
  4.106408526   4.106427247   406.138738205235   404.089544069668   406.898449295624   407.776835112461   396.133410512086   395.551107242541
#[time: 4.11]
#[time: 4.12]
  4.126669807   4.126677798   406.138738205235   402.263379979176   408.463528387247   407.258136084251   410.628508528465   405.314738844978
#[time: 4.13]
#[time: 4.14]
#[time: 4.15]
   4.15440301   4.154421488   413.690414119017   402.263379979176   409.822135745657   408.021397627193   413.218889877371   407.531529983996
  4.154594836   4.154605727   403.954610985551   402.263379979176   416.985065931077   407.888085119644   397.001848637887   398.682865926602
#[time: 4.16]
  4.160802732   4.160814579   403.320761594504   402.263379979176   406.703004161311   406.055011677016    394.88012639521   394.768403558658
#[time: 4.17]
  4.171404241   4.171433871   404.494063282861   402.263379979176    407.45897674862   406.803774954677   394.071147407414   393.768033320026
#[time: 4.18]
#[time: 4.19]
  4.193680087   4.193696308   404.494063282861   407.140991080218   406.795027854986    405.87984452758   405.064208506734   404.617825095796
#[time: 4.2]
  4.206092541   4.206133123   404.494063282861    396.58977291531   408.059112473568   408.863253561728   408.329029262957   403.012581297509
#[time: 4.21]
  4.217748567   4.217775929    401.86463337409    396.58977291531   405.166481230283   401.920841154052   402.305202613072   400.940418892636
#[time: 4.22]
#[time: 4.23]
  4.238412423   4.238416122   401.713165239206    396.58977291531   399.121706955204   399.171430965527   398.884537671887   399.203213258716
#[time: 4.24]
  4.240465496    4.24047696   399.310928425385    396.58977291531    404.90178370939     403.0672219354   395.208866520402   396.152686766811
#[time: 4.25]
#[time: 4.26]
#[time: 4.27]
  4.277269872   4.277271161   399.310928425385   405.239030384705   402.765608048773   401.610368421702   402.647311496219   403.370021803654
  4.279066474   4.279111497   407.276271944426   405.239030384705   405.687819124524   409.442647224692   398.732845660008   399.092054897896
#[time: 4.28]
#[time: 4.29]
#[time: 4.3]
  4.300776825     4.3007775   406.280637945549   405.239030384705   408.584999806244   408.104270806987   396.322030943085   396.308552201907
#[time: 4.31]
#[time: 4.32]
#[time: 4.33]
  4.332093399   4.332106693   406.528704653657   405.239030384705   410.725904291563   410.060508367025   400.496100125142   401.024602798522
#[time: 4.34]
  4.341192924   4.341206013   408.315953190632   405.239030384705   408.603122891071   408.187751103361   398.522815975378   398.465415822027
#[time: 4.35]
    4.3586913    4.35871773   408.315953190632   413.625508164107   409.151580169851   408.363919158128   410.751280832997   410.313974977292
#[time: 4.36]
#[time: 4.37]
  4.375755579   4.375757849   408.315953190632   410.585694772209   412.386385559474   414.370981940555   406.706070331884   405.984247234247
#[time: 4.38]
  4.382309645   4.382492355   408.315953190632   408.907513218968   412.624688843389   413.121877618804   400.500267283251   400.322608403787
#[time: 4.39]
  4.392056959   4.392106014   413.144018893364   408.907513218968   412.611997067887   412.954831940677   406.953450109371   407.993628060062
  4.395095467    4.39511972   413.144018893364   406.594907127088    416.08260565264   414.622666084806   420.353451156267   414.616087880123
  4.398474575   4.398490391   413.144018893364    414.10054042457   413.999731104342   411.525656431077   405.610094772316   405.444891853949
#[time: 4.4]
#[time: 4.41]
  4.411036098   4.411062138   414.615019579486    414.10054042457   415.957023408308   416.302937210497    405.26712809486   405.378196621652
  4.417886955   4.417900429   414.615019579486   416.661297232841   420.105804630725   419.769248359225   412.001297982221   411.404244315565
#[time: 4.42]
  4.427230531   4.427230988   417.698817603886   416.661297232841   417.631186807409   418.256031729086   422.036243720304   421.179464921543
#[time: 4.43]
#[time: 4.44]
  4.444443973   4.444445114   418.808422820736   416.661297232841   421.860494370565   421.306550180544   413.884562157729   414.790359825129
  4.447059165   4.447059267   418.808422820736   407.203433860238   420.502300968574   419.455543901294   421.525831307021   410.895480153431
  4.448987939    4.44902386   418.808422820736   420.774664966746   419.215298022534   413.795337758411   412.338649359091   411.887396573567
#[time: 4.45]
#[time: 4.46]
  4.462377444   4.462395359   418.808422820736   430.382803649596   422.495799557655   423.337111863217   424.682783007006   431.901028528511
  4.464405395   4.464449002   428.664544740431   430.382803649596   424.982746186951   432.072696474102   432.176449216681   432.844541914351
#[time: 4.47]
  4.470213376    4.47024613   428.664544740431   431.435218052027   430.459455270909   430.843354450555   424.035659942216   421.838144015524
#[time: 4.48]
    4.4898961   4.489900828   433.526243388928   431.435218052027    432.96969550479   433.938912161531   425.654942647726   425.716687027261
#[time: 4.49]
  4.498956724   4.498958623   433.526243388928   437.254197151045   437.346377344074   435.930305504863   432.817459332454   431.855889548698
#[time: 4.5]
  4.505740261   4.505754843    444.63992919932   437.254197151045   436.849095151013   437.587735714984   436.901785753439   438.408644264028
#[time: 4.51]
#[time: 4.52]
#[time: 4.53]
#[time: 4.54]
   4.54085064   4.540850641   445.181345083349   437.254197151045   447.180056310116   442.813197288005   447.033621688042   443.135012615108
#[time: 4.55]
#[time: 4.56]
  4.564755235   4.564763498   439.786662967441   437.254197151045   443.281718315469   441.338438649231   440.231491217457    439.65083229487
#[time: 4.57]
#[time: 4.58]
  4.587455754   4.587495589   447.276089807497   437.254197151045   440.271087268448   439.789731205712   448.618911751986   443.215436848227
#[time: 4.59]
  4.595638918   4.595643452   439.016880867193   437.254197151045   449.444968784954   443.191063742551    428.53980733066   428.510568566969
#[time: 4.6]
  4.602460364   4.602461633   431.001374811406   437.254197151045   440.107507188404   439.710447409282   437.144445572368   445.549476100149
  4.607823421   4.607875315   431.001374811406   433.420229460124   435.628810344848   438.244500930103   431.157460897685   430.884047301861
  4.608710352   4.608754044   431.001374811406   428.421307393505   434.182952845669   435.318656870147   436.116869357487   434.132391622196
#[time: 4.61]
   4.61718297   4.617189338   431.589750719203   428.421307393505    435.08394539462   433.613106840852    422.25762723509   422.161649097932
#[time: 4.62]
  4.621533632   4.621536838   431.589750719203   428.688264013269   436.105779336105   433.549082004189   426.514539031111   427.221879000684
  4.625127709   4.625204071   421.397691711849   428.688264013269   432.691004652971   432.045800632845   424.363238294778   432.505915351335
#[time: 4.63]
  4.631870007   4.631899063   421.397691711849   423.305436824196   428.261501815735   432.121125187612    412.55580360351   413.017638765406
  4.633644751   4.633644997   421.397691711849   426.095809493201   425.413507525669   426.358666514021   424.545632251227   426.164106425573
  4.634772159   4.634781308   435.098055678906   426.095809493201   427.844271703826   431.854791646391    430.74680319655   430.670220071733
  4.638198391   4.638228354   427.389908537679   426.095809493201   432.469136452009   431.195619239761   417.041231487781   417.252365224549
#[time: 4.64]
  4.640582644   4.640597828   426.825077985267   426.095809493201   431.178458638815    430.42842791375   428.843543283913   428.605028833341
  4.645020332   4.645027025    429.07139839462   426.095809493201   430.530749791576   429.982099760394    423.36426450038   424.679853968535
#[time: 4.65]
   4.65909176   4.659098144   427.885670174753   426.095809493201   429.950246168286   429.427039181432   419.318304901314   419.903367596593
  4.659425257   4.659443912   428.102004610187   426.095809493201   428.964457252881   428.286569151984   430.104479291598   428.946518315078
  4.659824153   4.659894118    427.59317411824   426.095809493201   431.125997979063   430.538310257284   422.557449071354   423.116708718935
#[time: 4.66]
  4.669194118    4.66919891   426.601621036864   426.095809493201   427.451473120686   427.366997856881   417.692811753483   417.597010787407
#[time: 4.67]
#[time: 4.68]
#[time: 4.69]
  4.699180965   4.699227554   428.578044458402   426.095809493201   430.588958790929   430.235726669489   432.685039544581      430.492952493
#[time: 4.7]
#[time: 4.71]
  4.712221991   4.712251881   431.191173096633   426.095809493201   433.954677235001    432.60367667668   422.193562267122   424.136397793947
  4.714832009   4.714848171   431.191173096633   432.345556798153   428.178121864542   428.422356153683   428.340653683865   427.959876174806
#[time: 4.72]
  4.723731396   4.723757601   431.191173096633   433.666398733655    436.24509794073   436.867670341675   429.430537287846   428.326897337562
#[time: 4.73]
#[time: 4.74]
  4.748669335   4.748718564   431.191173096633   433.412359558867   434.739896453984   435.247902140906   435.760960895458   437.766963577614
#[time: 4.75]
#[time: 4.76]
#[time: 4.77]
  4.773257082   4.773265645   431.191173096633   432.604096198952   437.032696873928   438.078276786814   428.293147785562     427.8742106672
  4.773777336   4.773808565   433.719383994637   432.604096198952   434.747144513652   435.330585146246   427.238099854396   427.458723164949
  4.776163361   4.776164849   433.719383994637   431.330449564004   437.045554266592   436.592966248062   437.439327487606   435.581513234567
  4.778505702   4.778510154   433.719383994637   435.093748419872   435.659598893392   434.827041352619   433.326256327935   432.957570076645
#[time: 4.78]
  4.782234744   4.782268242   436.638983954152   435.093748419872   435.550966377448    435.73951427281    433.20657729609   433.777426118301
  4.786047031   4.786057718   436.638983954152   439.552838588937   442.041207945286   441.111649643002   438.883263812307     439.0919214782
#[time: 4.79]
  4.794985611   4.795000224   441.252566283304   439.552838588937   442.109576196982   444.013159149626   444.472267261976   443.444249908774
#[time: 4.8]
#[time: 4.81]
#[time: 4.82]
  4.820138871   4.820184629   441.371534334745   439.552838588937   438.549817014274   438.930434160903   434.942105682686   436.259320970453
#[time: 4.83]
  4.830516706   4.830521833   441.371534334745   448.393376535184   445.860389810136   444.006225378778   444.793663399969   444.656665546008
  4.834064331   4.834076176   451.713056042961   448.393376535184   448.249967929824   452.450605229409   442.750999295577   444.797451614967
#[time: 4.84]
#[time: 4.85]
  4.857433226   4.857433815   451.713056042961   455.920669173468   450.294694222444   450.216597872533   453.952233858993   454.481858197954
#[time: 4.86]
  4.862266293   4.862266293   451.713056042961   455.920669173468   455.901062438213    457.21889431695   455.944290136486   457.278274565533
#[time: 4.87]
#[time: 4.88]
  4.888287568   4.888334288   451.713056042961   440.622484174591   456.087065300182   457.345670195905    450.15126967519   446.001454826937
#[time: 4.89]
  4.897591491   4.897598804   451.713056042961   443.573262878487   450.300624921771   445.791681200822   457.499902615899   447.935548089158
#[time: 4.9]
  4.906155392   4.906164808   451.713056042961   451.012794730901    452.30615309509   449.819413775612   446.688926885488   446.911137596066
#[time: 4.91]
  4.911197354    4.91120942   451.713056042961   452.918746696587   452.590068480199   452.515525563923   450.831389053685   450.504143291876
#[time: 4.92]
#[time: 4.93]
#[time: 4.94]
#[time: 4.95]
  4.954305375   4.954306869   451.713056042961    455.65356287945   456.720960019918   457.862915425819   449.770168028444   448.274578634405
   4.95526803   4.955288581   451.713056042961   453.778538525565   456.073444066574   457.263275701333   445.158006618148   443.914152957339
  4.959073999   4.959086419   451.713056042961   445.375816551794   456.560468387377   458.049619361559   455.029237737969   450.345691942261
#[time: 4.96]
  4.967927709   4.967937065   451.713056042961   444.236969337726   453.171766250257   450.547305018252   456.387115705346   450.898223134559
#[time: 4.97]
  4.971263825   4.971270915   445.594229030861   444.236969337726   454.715090123536   449.688718755787   435.198679081662   435.056559661396
  4.975265872   4.975266428   446.164811694318   444.236969337726    445.14015858096   445.100648911616   441.877748107674   442.733939987195
  4.975985799   4.976057306   446.164811694318   444.056639398201    448.86053937477   447.866309406811   451.372316484996   449.864828665507
#[time: 4.98]
  4.980116391   4.980116449     445.3878976835   444.056639398201    446.75856128138   446.081166284435   441.537539371975   441.860747058865
#[time: 4.99]
   4.99330108   4.993302857     445.3878976835   446.204925298002   447.504752362521    446.99103021278   441.013826229239   440.537406128219
  4.996935875    4.99694688   447.024826914424   446.204925298002   450.549156679258   451.167784042048   443.149169877097     443.5511110681
