# command line: ./generate_stepping_data --cb 0.08 --cm 1.05 --runtime 5.0 --dt 1e-10 --k_ub 120.0 --rm 11.0 --framerate 1 --label papermain-6 --eqt 0.0 --k_b 140000000.0 --nomovie --seed 6 --eqb 120.0 --ct 0.36 --eqmpre 197.0 --lt 23.0 --ls 20.75 --exp-unbinding-constant -0.35 --rb 3.5 --eqmpost 242.0 --rt 12.0



#********papermain-6__k_b-1.4e+08,k_ub-120,c--0.35,cb-0.08,cm-1.05,ct-0.36,ls-20.75,lt-23,seed-6,dt-1e-10********
#time_unbind, time_bind, nbx_bind, fbx_bind, nmx_unbind, fmx_unbind, nmx_bind, fmx_bind
#[time: 0]
  0.0014850717   0.0014932878    17.661849685963   4.89966444535846  0.828323253435789  0.639392257147787   10.7495859674783   10.9570525070641
  0.0065869899   0.0065982678    17.661849685963   26.5527796705955   13.5202931502245   12.9580086878276   9.10769164398678   9.68776541455329
   0.006712822   0.0067337858   35.8577874159121   26.5527796705955   27.3672985037312   29.9422702906719    20.657632869671   23.4371956200399
  0.0091281577   0.0091943216   32.0327121433792   26.5527796705955   37.8386584724768   36.1630310108959   26.8118176406024   27.8043784595901
#[time: 0.01]
  0.0150527467   0.0150527469   32.0327121433792   26.5527796705955   37.6111216331308   36.0715715552787   37.6954377041415   36.0991511741801
   0.016681906   0.0166902037   32.0327121433792   39.6463397067151   37.2546164508009   35.2671632067923    26.987347980571    25.216481079146
#[time: 0.02]
  0.0271382969   0.0272203197   43.6716535138172   39.6463397067151   42.2118576873668   44.0608036717558   35.8027888046407   36.3832889608635
#[time: 0.03]
  0.0301184236   0.0301276319   43.6716535138172   48.4498189176738    50.950164185649     49.90428075793   25.9836464867281   27.9338398389255
  0.0376181603   0.0376271725   62.9321626700568   48.4498189176738    55.063183718601   57.0637047765709   56.0454112473174   55.9100093154979
  0.0383141507   0.0383527911   51.3479251039078   48.4498189176738   64.6801789989826   60.2209645052871   33.8099751663872   35.5231162756405
#[time: 0.04]
  0.0450374928   0.0450484699   51.3479251039078   54.9467222910516    53.275752698004   52.9369111276195   43.0319138935223    42.031254243609
   0.049976187    0.049978427   51.3479251039078   55.8113461402544   59.4165715233272    60.655439307961   43.7135461564192   42.9106726326604
#[time: 0.05]
#[time: 0.06]
  0.0639307521   0.0639403228   63.0158669721076   55.8113461402544   63.7139973718587   66.1433941742552   46.9385932468619   48.8181987345945
   0.068019094   0.0680205964   63.0158669721076   48.9959066556603   66.7758562033428   63.9585490036391   81.6180035642275   67.3364614362883
#[time: 0.07]
  0.0725641207   0.0726081108   63.0158669721076   70.5529900200142   63.4093492401457   61.1991210434577   62.8135385683937   62.4899647177547
  0.0731842135   0.0733053118   87.3284019289057   70.5529900200142   77.3923561354128     81.88832676982   73.8921335046704   75.4107934650972
#[time: 0.08]
  0.0802529772   0.0802582513   87.3284019289057   78.4088190974173   82.7618119164584    81.180991219106   98.2143867985484   92.6512100675856
  0.0831915581   0.0831973654   80.7890002033791   78.4088190974173   89.0745237225888   86.9510605658664    83.048055099494   82.5137716998985
  0.0861562216   0.0862108732   80.7890002033791   89.1802400141205   83.6147706165271   83.5549907548054   69.0427328179527   70.0206098291405
#[time: 0.09]
  0.0928173069   0.0929408083   84.2990023128581   89.1802400141205   95.4641654171383   100.172210391824    93.329681548941   96.5269356144863
  0.0960278853   0.0960410485   97.1966594631173   89.1802400141205   86.2317485872446   86.1647126734323   85.4869545725699   88.8076015269871
#[time: 0.1]
#[time: 0.11]
  0.1117181823   0.1117216491   99.3339627437531   89.1802400141205   95.3263531584505   94.5032130286975   79.4096184743339   75.5584150033192
  0.1158193222   0.1158193224   99.3339627437531   89.1802400141205   96.9438133096932   96.0346862396639   96.8603971878752   95.9860333433842
#[time: 0.12]
  0.1243483128   0.1243762711   99.3339627437531   103.656698067401   99.7310365125012   98.4688905103745   97.3701511690186   94.8631958991512
  0.1266710851   0.1266847325   113.082272558989   103.656698067401   108.619009836743   109.962890464488   99.5518718699567   101.152697403262
#[time: 0.13]
   0.131427312   0.1314893411   113.082272558989   110.261620426813   117.816909664174   115.501313091857   133.372288628694   129.020996202488
#[time: 0.14]
  0.1475543661   0.1475638745   120.309365183287   110.261620426813   110.807832284908   110.943563940651   103.164520658672   107.230308290984
  0.1490517953   0.1492338974   117.492285110493   110.261620426813   120.439506395812   118.726103274031   105.515013729096   111.231186852194
#[time: 0.15]
  0.1507844081   0.1507844145   111.232996872582   110.261620426813   115.518020268329   115.123573298926   113.164473715792   113.058336987138
#[time: 0.16]
  0.1632724653   0.1633987448   111.199014489024   110.261620426813   115.553580961124   115.357799239266   99.8793515861253   100.071779800525
#[time: 0.17]
  0.1710372541   0.1711055334   111.393402009979   110.261620426813   116.117758584028   115.998146384128   104.832882531611   105.046965186128
  0.1715353769   0.1715525446   111.732054794091   110.261620426813   115.010731889463   114.830901007486   93.9609737035951   96.4564820614674
   0.177322016   0.1773373122   111.732054794091   108.377882754973   111.751922440739   111.719847795232   123.591857507119   120.650485231372
  0.1792285055   0.1792286757   116.712690573434   108.377882754973   121.981200899496   120.417435405399   117.076574423178   115.082092371695
#[time: 0.18]
  0.1810061198   0.1810178188   116.712690573434   112.572046709787    122.16753234688   119.127915850332   131.517080217475   125.537696211337
#[time: 0.19]
  0.1984613103   0.1984660905    119.56428102765   112.572046709787   127.277454109522   124.910025445843   103.833456130252   106.515110583437
#[time: 0.2]
  0.2012551338   0.2013400908    119.56428102765   123.512797589894   119.339340574975   118.946008046585   103.546877583482   104.856189975656
  0.2072423992   0.2073048961    119.56428102765   123.587957461447   125.206617666724     125.7181672012   103.692016058561   103.495275743241
#[time: 0.21]
#[time: 0.22]
  0.2253093139   0.2253117175   146.118380510492   123.587957461447   120.953865985135   120.930067287996   136.997895680586   135.171099863559
  0.2295044877   0.2295349522   146.118380510492   161.002980326561   157.154985529739   141.027641964092   152.830391194199   152.164227736725
#[time: 0.23]
  0.2339511081   0.2339523563    166.08327952057   161.002980326561   160.022309071991   169.738086802345   145.741888465065   143.891100695658
  0.2365050529   0.2365092601   151.396874728034   161.002980326561    167.63713090788   166.905106766674   164.158906263874   177.757083059415
  0.2371711953   0.2372014757   166.203098053409   161.002980326561   156.422957314433   156.538013733081   147.288154980797   145.540575817757
  0.2386626959   0.2386806798   163.903587093897   161.002980326561   161.164319237269   161.250553234797   160.019390227587   160.289016934379
#[time: 0.24]
#[time: 0.25]
   0.256042121   0.2560622591   163.903587093897   157.784694444722   159.839629109405   159.921414053492   184.257962772064   177.688048482616
#[time: 0.26]
  0.2615117156   0.2615626426   163.903587093897   168.942125205565   158.065923970846   158.451840744239   147.812431329333   148.863465331142
  0.2629114934   0.2629149389   163.903587093897   168.693203478476    170.92877035302   172.729887003466    149.02837815686   149.114406859547
#[time: 0.27]
  0.2730070277   0.2730283803   172.721974643115   168.693203478476   166.131361336252   166.097664457366   172.545997933851   172.308031425887
  0.2747381306   0.2747391184   172.721974643115   166.681060062004   174.830280301424   174.465618869062   191.117519116757   183.337109843056
  0.2774605758   0.2775459922   172.721974643115   176.430808232365   171.823523969041   171.308165219413   155.482047022046   156.692819272784
  0.2779984243   0.2780645156   179.184720668544   176.430808232365   178.490878229797   178.900310268073   163.801032540869   165.627642525837
#[time: 0.28]
  0.2807662942   0.2808017087   179.184720668544   181.587070908003   186.945978610412   185.819149880517   164.606232083416   164.178860115641
#[time: 0.29]
#[time: 0.3]
#[time: 0.31]
  0.3131907301   0.3132730282   187.044891845515   181.587070908003   181.690723263429   181.777553230834   180.855815680164   181.330470512353
#[time: 0.32]
  0.3276531381   0.3276606582   180.838875487431   181.587070908003   190.600389241293   189.475776575924   200.441445623517   201.840189938682
  0.3282081706   0.3282491532   180.838875487431   183.679185608305   188.963700957543   189.329853911867   168.086153650416   167.754118738073
  0.3282846881   0.3282885153   191.253011891095   183.679185608305    180.94550358727   180.955086126919   180.590829498925   184.322301081102
  0.3286386987   0.3287437835   191.125165810098   183.679185608305   189.463770311683   188.983923367853   171.824341991593   170.657008309978
#[time: 0.33]
  0.3336815127   0.3337995232   182.913931676227   183.679185608305   195.531182389911   192.792457802097   195.603574833477   196.675832607037
  0.3342139972   0.3342289247   182.913931676227   174.976436058339   191.280877278309   191.499209483453   203.552559797239   192.872617618522
  0.3365036194   0.3365289544   182.913931676227   187.402765484017   184.853181098067   183.399890973957   170.514040573936     170.2664161806
  0.3390172736   0.3390438069   182.913931676227   175.397658525272   187.635277780013   187.828020096528   202.875409090156   192.728675737351
#[time: 0.34]
  0.3418238105   0.3418246747   157.590102377845   175.397658525272   190.009379481378   187.808348633319   172.054372330346   187.310629821078
#[time: 0.35]
#[time: 0.36]
  0.3644623654   0.3645089047   157.590102377845   163.902761019661   168.812326260439   170.087913962275   148.408063385407   147.486988737002
  0.3678129215   0.3678585388   174.012506476582   163.902761019661   163.027123148648   163.791265777754   162.533346715211   163.793119217646
#[time: 0.37]
  0.3728550939   0.3729044147   166.625623244451   163.902761019661   173.386332114678   172.074310195196   159.709524770145   160.415552335477
  0.3731005647   0.3731275255   171.289613579699   163.902761019661   163.615698561379   163.759255490963   156.678896562107   159.057792241839
   0.375061538   0.3750851083   171.289613579699   175.280492698946   159.130061871585   158.953453147511   155.906091543917   156.305924092769
  0.3763420144   0.3763771242   171.289613579699   180.103443738358   173.892214698345   173.949541872546   166.069025293574   162.727752980911
#[time: 0.38]
#[time: 0.39]
  0.3931300928   0.3932814754   171.289613579699   178.149015888737    175.94856770371   176.013070888978   166.134359868079   165.231951651681
#[time: 0.4]
  0.4081857163   0.4082176301   180.175621462433   178.149015888737   183.211968630392   187.459912067875   185.856246672096   184.337723548266
#[time: 0.41]
  0.4151103558   0.4151165216   180.175621462433   186.446915947017    177.16686636411   177.204107103275   175.989704239091   175.834152296389
#[time: 0.42]
#[time: 0.43]
#[time: 0.44]
#[time: 0.45]
  0.4554440479   0.4554815078   190.034019253344   186.446915947017    191.42504056322   194.656010948675   169.916084805238   168.229294949193
  0.4593613452   0.4593968334   190.034019253344   198.413944491034   192.547588796687    192.19809250616   191.302983120984   187.057418396844
#[time: 0.46]
  0.4672714465   0.4672729876    201.14115931021   198.413944491034    202.19070182377   204.302547344058   187.814852592422   188.294117442675
#[time: 0.47]
  0.4788900958   0.4788976395    201.14115931021   196.028210610072   203.833226071434   203.272730211979    221.81920661839   213.299225172771
#[time: 0.48]
  0.4874021921    0.487462002   198.377994152139   196.028210610072   203.721118905758   202.682028511211    182.19523667378    182.80555805814
  0.4887993644   0.4888635573   198.377994152139   212.565423605261   206.404741260234   205.523357021893   202.594954484358   199.417434675968
#[time: 0.49]
#[time: 0.5]
  0.5095344088   0.5096093513   198.377994152139   186.551288782575   208.443090129462   214.914197955601    212.52807204021   195.026062973669
#[time: 0.51]
  0.5121638169   0.5121707031   196.956236023586   186.551288782575   199.796694797654   197.334537464563   194.422433316211   193.453278122563
  0.5141305392   0.5141400543   196.956236023586   204.986718096608    189.72801002475   190.320422194942   194.042760425838   187.993687186044
  0.5146595394   0.5146624495   196.956236023586   198.922139823128   211.942361846489   218.945077680451   183.706007906854   183.006899665824
  0.5193512996   0.5194066108   196.956236023586   212.725840716176   200.516579043633   200.821793056412   201.285606211717    199.58730651447
#[time: 0.52]
  0.5208029857   0.5208795595   203.278247917247   212.725840716176   207.489560229638   208.595540834381   219.016818870991   230.667132652336
  0.5263637243   0.5263739427   210.450080259807   212.725840716176   215.669910263455   219.277193952822   230.579976967378   233.268943997426
   0.526859381   0.5268829216   210.450080259807   215.291465521589   217.943173261767   218.465046175966   194.776591378115   196.219533731125
  0.5285154525   0.5285338091   218.583956905565   215.291465521589   223.494094539576   225.676622262025   201.208213026994   201.060100984592
#[time: 0.53]
  0.5378660581   0.5378927648   233.618243891709   215.291465521589   222.566613364813   221.435243936903   222.616020918109      224.715506895
#[time: 0.54]
  0.5402800559    0.540305169   217.803022504783   215.291465521589   227.202636186928   225.973234036648   197.079517036227   196.922473213617
#[time: 0.55]
  0.5501945344   0.5502227073   217.803022504783    196.30828050976   216.812948703201   216.780253573428   222.722725763145   208.745285747459
#[time: 0.56]
  0.5648971814    0.564917351   217.803022504783    223.46981863272   213.775230161389   209.834893647914   207.476503378028   205.258919378518
#[time: 0.57]
  0.5732390613   0.5732505523    243.53819232566    223.46981863272   225.026624704363   225.741190987306   235.571209755611   233.175046683668
  0.5789960508   0.5790319887    243.53819232566   241.641887337266   237.520675715864    235.09344973368    239.33841841714   240.307773792332
#[time: 0.58]
  0.5876655208   0.5877569197    243.53819232566   247.566613364672   252.884810607366   251.932024998388   228.530449428341   228.483119226731
#[time: 0.59]
  0.5920674998   0.5921024906    243.53819232566   258.774575488136   248.762832428787   249.293874396807   250.935676817451   250.676077616094
  0.5958270849   0.5958407643   269.099815147524   258.774575488136    257.63233141733   263.814155012619   251.618555345569     253.1608044665
#[time: 0.6]
  0.6002351928   0.6002677689   269.099815147524   276.847558864014    272.50234425056   269.441921541179   268.805836805659   267.192275191566
  0.6012288135   0.6013222299   289.293114913436   276.847558864014   275.085274239806   275.847379864322   275.793550942894   278.208228320924
#[time: 0.61]
  0.6155595375    0.615597426   279.543024060621   276.847558864014   288.435963527137   287.220121822815   266.206685606371   268.007745193843
#[time: 0.62]
#[time: 0.63]
  0.6385017206   0.6385654086   279.543024060621   285.377011924547   283.374199336953     282.9271397367    278.85592394303    277.35601073464
#[time: 0.64]
#[time: 0.65]
  0.6521746628   0.6522139541   279.543024060621   282.038563840218   284.195048288594   284.534605271539   262.250875786015   261.297147990456
#[time: 0.66]
#[time: 0.67]
#[time: 0.68]
#[time: 0.69]
#[time: 0.7]
  0.7023124366   0.7023259868   279.543024060621   283.890396270794   284.115003227031   284.505517551161   280.339767536926   279.961893413685
#[time: 0.71]
  0.7149350959   0.7149460257   288.020630157012   283.890396270794   284.055388369838   284.083939113451   276.425392413724   277.126071059004
#[time: 0.72]
  0.7217033037   0.7217422372   292.617114279932   283.890396270794   286.843213607312   286.724485235794   279.364734741496    283.22257797191
  0.7222237203   0.7222250102   287.138357042096   283.890396270794   292.239789500084   291.609581041454   281.083501212696   281.692673656254
#[time: 0.73]
#[time: 0.74]
#[time: 0.75]
  0.7524856305   0.7525214689   296.229046398693   283.890396270794   287.746440753706   287.620734827381   284.739421154087   287.047047350413
#[time: 0.76]
  0.7627400486   0.7627713166   296.229046398693   295.298402920121   294.112603371833   292.848742154543    307.67481974169   306.821418496266
  0.7669312424   0.7670980374   296.229046398693   302.412315513073   294.453121907007   294.458232785611   288.693587615584   285.349384044105
#[time: 0.77]
  0.7770340203   0.7770527897   316.590930307541   302.412315513073   303.953496450258   305.070066692621   307.549097661354   308.674987586893
  0.7792079955   0.7792385484   316.590930307541   328.121430726929   313.021692939071   312.609568753464   320.847217336382     319.4255021504
#[time: 0.78]
  0.7853222654   0.7854481559   316.590930307541   319.993012174025    328.06734242694   332.757243933022   311.045889513983   308.283365135539
  0.7881407134   0.7881407545   316.590930307541   335.321005245647   321.543678170064   321.698252022418   326.008217945655    326.26056990771
#[time: 0.79]
  0.7964472838   0.7964781218   316.590930307541   319.402160877183   329.035431216539   334.890743278078   306.531464541706   302.854445001799
  0.7967864416   0.7968427127   316.590930307541   322.507806774965   317.795377521741   317.781034233796   311.772173148991   308.643608508853
#[time: 0.8]
  0.8031029905   0.8031244807   333.125104948916   322.507806774965   325.559718843299   328.051375781129   321.236840802807   324.326863087642
  0.8082973693   0.8083618063   333.125104948916   325.533396290031   338.577744289316   334.764945191449   352.844838251248   343.203606249412
#[time: 0.81]
#[time: 0.82]
  0.8224884182   0.8225346236   333.125104948916   338.490878267109   329.688257835331   329.574291016516   317.343128957352   318.938918721337
  0.8264452539   0.8265189431   329.058378620191   338.490878267109   340.579686088035   341.484046965729   325.177595258466    339.47422459668
  0.8289552417   0.8289993496   341.111747989011   338.490878267109   342.103659821917     346.2788140693   322.289190506675   322.619021164492
   0.829921425   0.8299319958   341.111747989011   346.260894156618   338.448433020834   338.514181019806   325.637611908399   327.263095146688
#[time: 0.83]
  0.8300481202   0.8300577536   341.111747989011   347.295999154799   349.460818312479   350.956529339366   324.761231126382   326.761989142497
  0.8379900327   0.8380595385   352.748601618373   347.295999154799   353.005419043076   355.310733487892   342.219598021613   345.088017414609
#[time: 0.84]
  0.8428661262   0.8428913138   352.748601618373    360.47529527102   354.942620155367   353.902420661272   336.760564375445   340.001299566678
  0.8467729154   0.8467942138   352.748601618373   356.955746818438   365.593478329116   369.405576306016   339.684350535948   340.665673183249
#[time: 0.85]
  0.8520466113   0.8520860289   384.918338840463   356.955746818438   353.386345389716   353.177683566965   366.049176510995   371.496881625333
#[time: 0.86]
  0.8643265774   0.8643607292   384.918338840463    401.87366983226   382.258642175247   373.483365427026    393.35506002648   393.141870749918
#[time: 0.87]
  0.8714511365   0.8714511367   384.918338840463    401.87366983226    398.03550345998   404.910264066914   397.879250425002   404.309257370952
#[time: 0.88]
  0.8830328059   0.8830506436   406.632845737159    401.87366983226   394.727254981057   396.616142443296   386.140017679208   384.604426080896
   0.883896495   0.8839027267   406.632845737159   410.392391384841   403.157716115625    403.32432732169   395.830439413128   394.248672021237
#[time: 0.89]
  0.8905911625   0.8907345296   412.287491525292   410.392391384841   411.306862761197   411.532369878487   402.017371576009   402.310936513539
  0.8984951363   0.8985183688   417.555961510042   410.392391384841   412.880548760951   412.769792521168   400.772940227555   403.662494180919
#[time: 0.9]
  0.9056745182   0.9057362944   417.555961510042    418.62201599655   415.067005133868   414.915502427952   403.802974553018   402.542567636559
  0.9067540496   0.9067965993   417.555961510042   423.176833312711   425.979110610082   426.323552970342   410.893847832333    409.80111326459
  0.9090878986   0.9091330362   417.555961510042   422.968100524266    423.27087014405   423.860818501915   405.929974368646    406.23251495167
  0.9092691818   0.9092786479   417.555961510042   424.710437637351   417.628109860131   417.209449839462   407.441965772026   407.279491892431
#[time: 0.91]
  0.9171523574   0.9171930811   417.555961510042   432.054093243434   420.940812395545   420.937566494532    411.86809628041   412.509897873915
   0.918031184   0.9180420074    443.53407834576   432.054093243434   428.161701208457    429.59991828426   429.727373093646   433.767427612649
#[time: 0.92]
  0.9217538459   0.9217538461    443.53407834576   432.054093243434   442.355735364163   440.834406205109   442.173293136599   440.685630757873
  0.9270178028    0.927032149    443.53407834576   445.785028154567   443.266283498669   442.161156036922   428.474251545113   428.996734897548
  0.9284732458    0.928523793    443.53407834576   457.880647218543   446.209640049105   446.433983475423   445.169132871803   442.502484900744
  0.9288624205    0.928869897    462.37581483977   457.880647218543   454.525445372969   455.910365675156   445.063556656026   445.254706288243
#[time: 0.93]
#[time: 0.94]
   0.940711639   0.9407491793    462.37581483977   477.090872357449   467.565340120515   466.090712906551   470.098187237516   470.687428558741
  0.9434673972   0.9434698046    462.37581483977   468.884453314465   476.059975945665   481.486952205063   455.276157468587   454.220650630099
  0.9471379975   0.9471393775   464.240131572748   468.884453314465   471.254381462913   472.827557942577    481.62862346929   488.409597767637
#[time: 0.95]
#[time: 0.96]
  0.9687100007   0.9688996312   468.367148930324   468.884453314465   473.028874139159   474.301291523854   483.873512324517   484.384379527368
#[time: 0.97]
  0.9720805557   0.9720904943   475.153298374028   468.884453314465   470.874287415153     470.8994025957   456.110764747745   455.874045778144
  0.9724191161   0.9725208782   471.590009109382   468.884453314465   479.116267548717   477.513709797282   458.087662298277   458.721710615833
  0.9756022172   0.9756232228   471.590009109382   476.414468244514    483.00479530113    481.52891451958   461.427330942786   459.343189799765
  0.9779902633   0.9780732847   482.872742477632   476.414468244514   473.994488544722   473.991957120633   464.830372928325   464.683058409622
#[time: 0.98]
#[time: 0.99]
  0.9925937783   0.9926380346   478.558517630381   476.414468244514   481.727228711675   481.426751885704   463.640770464047    464.69067237187
  0.9980660682   0.9980771295   478.558517630381   486.752628417948   475.700963419696   475.732622588027   473.600835346001   472.130194282699
#[time: 1]
#[time: 1.01]
  1.0156043076   1.0156941155   478.558517630381   484.823384079699   489.537312487106   492.744556869174   463.544151371851   465.700765370509
#[time: 1.02]
  1.0260515496    1.026054775   478.558517630381   469.632324635382   488.604641122574   490.615625422622   496.840857398216   481.025817939682
  1.0283641383   1.0284010245   467.182697076543   469.632324635382   478.034774690304   477.021729001218   487.039125939411   489.816229064149
#[time: 1.03]
#[time: 1.04]
#[time: 1.05]
  1.0555699979   1.0555833873   473.960076843722   469.632324635382   475.861589417582   476.316402161603   473.253678346161   472.965164225709
#[time: 1.06]
  1.0679909344   1.0680717774   473.960076843722   486.592987942081   467.474060615625   467.914687682299   480.808364306123   481.548456499497
  1.0683603996   1.0683668727   473.960076843722   478.395159407959   484.012075923288   488.921356340478   466.551237829693   462.064902359208
#[time: 1.07]
