# command line: ./generate_stepping_data --seed 1 --ct 0.6 --exp-unbinding-constant 0.0 --runtime 5.0 --k_ub 100.0 --eqmpre 200 --cb 0.1 --label paperstatichisto-1 --eqb 120 --lt 23.8 --dt 1e-10 --framerate 1 --eqt 0 --cm 1.5 --eqmpost 224 --k_b 100000000.0 --ls 10.49 --nomovie



#********paperstatichisto-1__k_b-1e+08,k_ub-100,cb-0.1,cm-1.5,ct-0.6,ls-10.49,lt-23.8,seed-1,dt-1e-10********
#time_unbind, time_bind, nbx_bind, fbx_bind, nmx_unbind, fmx_unbind, nmx_bind, fmx_bind
#[time: 0]
 0.0087233075  0.0087235726   6.22584282784944   1.50503168415352   4.45941848404858   5.31952326016352  -1.39426197707707  -1.56079218840278
#[time: 0.01]
 0.0138982616  0.0139308371   6.22584282784944   14.1405655311592    3.9134450700923     3.898830904642   9.91000977553429   9.13591262199854
#[time: 0.02]
 0.0287522505  0.0287598962   8.08792796591804   14.1405655311592   10.5408661343505   17.4970262394357   11.9109114381255   19.2617197075609
#[time: 0.03]
 0.0340275492  0.0340336295   8.08792796591804   12.7631855932197   13.6465971986984   16.8192846374466   10.1033687170403   9.87651218906352
#[time: 0.04]
#[time: 0.05]
 0.0519147153  0.0519177908   16.8842710728091   12.7631855932197   11.5887676728881   12.6216090037643   7.92871359235273   7.94258026793859
 0.0553232021  0.0553232025   20.2198825890658   12.7631855932197   18.9935703310481    16.960361713198   19.1864208768473   16.8522189186332
#[time: 0.06]
 0.0675050593  0.0675456396   5.92746534612748   12.7631855932197   23.1206271445992   18.6036069153133   6.40258692128845   13.4089178728075
#[time: 0.07]
#[time: 0.08]
 0.0852771274  0.0852994193   5.92746534612748    8.3026795590423    10.556498414124   12.2240126646304  -1.37676970562914  -1.82982434581427
 0.0876675856  0.0877076809   5.92746534612748   8.24573836901215    7.0678920210095    7.0563340957511   5.50503170096828   5.00081553977151
#[time: 0.09]
#[time: 0.1]
 0.1008919062   0.100904025   5.92746534612748   5.40254001185627   9.15962828573529    9.6945487665757  -3.24737898300654  -3.20569634190608
#[time: 0.11]
  0.114230592  0.1142570256   5.92746534612748   6.65537338912488   10.1200300986254   9.83882062963162  -1.34304978474554  -1.50112089073102
#[time: 0.12]
 0.1286901411  0.1286985556   9.81911608971525   6.65537338912488   7.51717639569334   7.70853978491896   3.97025604931787   7.14959033033377
#[time: 0.13]
 0.1331857755  0.1331858657   12.0993109909738   6.65537338912488   14.9548370665284    12.710652590302   14.1941510644722   10.7742272692653
#[time: 0.14]
 0.1468774082  0.1469099569   12.0993109909738   14.7108497223502   14.2240249819586    12.319121073917   10.0906779937536    9.5623288255294
#[time: 0.15]
 0.1513693806  0.1513830933   12.0993109909738   7.53110447109285   14.5881527675073   15.4276152042727   8.95636025184267   9.32466898544041
#[time: 0.16]
 0.1628368682    0.16284524   12.0993109909738    12.968278640348   10.5923322728473   10.3209773267749   3.07861311350837   2.96151926260329
#[time: 0.17]
  0.175395014  0.1754435728   12.0993109909738   12.6640121264001   13.9752943524939   14.1655967650268   8.76192078959139   8.63580876964568
 0.1771839747  0.1772088694   25.4010096691023   12.6640121264001   16.7928566998387   17.0562578512722    23.778171848786   19.4407372051149
 0.1781031529  0.1781115916   11.2536706677389   12.6640121264001   28.1397432928634   19.1387753245005   13.3043591641914    13.774447408416
#[time: 0.18]
  0.182453639  0.1824676173   11.2536706677389   13.6071348520166   15.4315389269972   16.0056437774911   4.75452089889794   4.89299342486296
#[time: 0.19]
 0.1960106271  0.1960577194   23.3717504105162   13.6071348520166   15.5200121866972   16.5210275508869   25.6412741053318   19.6119778692748
#[time: 0.2]
 0.2028837726  0.2028843845   23.3717504105162   26.7459495839691   23.1313975406823   18.9777497425206   15.6540760527348   16.2822666920674
#[time: 0.21]
#[time: 0.22]
#[time: 0.23]
 0.2338147674  0.2338603696   23.3717504105162   25.6274756725548   26.0121147509775   26.3429106300455   17.7798101622018    17.182594543182
 0.2370912682  0.2371204283   23.3717504105162     26.07866047378   26.2090540829828   27.1494619539466   17.6289080506549   17.6219674807097
#[time: 0.24]
 0.2497510103  0.2497773857   11.3350741449421     26.07866047378   26.9136667232329   27.6088310599401   18.3880853446434   29.8916042763305
#[time: 0.25]
 0.2554624594  0.2555083529   11.3350741449421   17.8915758541227   17.8505571013725   28.3269057103555   14.5454282367858   13.8109186349807
 0.2584998052  0.2585853388   11.3350741449421   15.3226933466023   16.4317655712644   18.8621029309256   11.5253909792969   9.62806782309899
#[time: 0.26]
 0.2666198208  0.2666199188   11.3350741449421    15.678152784253   16.1563573616362   17.3635128741398   9.70375385920457   8.07200233178725
 0.2694075388  0.2694135711   11.3350741449421   14.2125442913014    17.173125447107   19.0800165444898   15.0640454454305   15.9179388229372
#[time: 0.27]
 0.2747403484  0.2748359404   11.3350741449421   25.8455000838077   14.6345309287031   15.2044198098095    17.084963213847   22.5007436615629
 0.2787969969    0.27884258   28.5192667878219   25.8455000838077   18.4288301333319   31.0008423377539   24.6717783109809   25.2884796573761
#[time: 0.28]
#[time: 0.29]
#[time: 0.3]
#[time: 0.31]
 0.3105076395  0.3105670327   24.1049151567344   25.8455000838077    29.802273701763   29.0624990306089   16.6434769211325   16.2532547776755
#[time: 0.32]
 0.3259525884  0.3259651354   24.1049151567344   25.6705610548131   28.6174402318045   30.0698928818839   17.6688808069381   15.7021399090092
#[time: 0.33]
#[time: 0.34]
#[time: 0.35]
#[time: 0.36]
#[time: 0.37]
 0.3744959232  0.3745251945   24.1049151567344   30.1877766217615   26.6643831430474    27.087603365532    25.285197997406   23.3972913025876
#[time: 0.38]
#[time: 0.39]
#[time: 0.4]
 0.4040618281  0.4040621091   20.9767569328232   30.1877766217615   30.9529374944614   33.2355441466604   27.3318213434846   34.3058289576149
 0.4055212022   0.405568943   20.9767569328232   16.7276100162812   26.5361768106534   31.2267813678598   31.4637262665527   26.1218904354054
#[time: 0.41]
 0.4104290768  0.4104730795   20.9767569328232   21.6614163793903   23.6093495204494    21.757077717578   13.5766121686121   13.0825264104271
 0.4115413111  0.4115419489    24.185477943103   21.6614163793903   20.5668023703798   20.5062363328179   16.6093758832577   17.5367071414403
#[time: 0.42]
#[time: 0.43]
#[time: 0.44]
 0.4484959775  0.4485106462   17.2163263610912   21.6614163793903   25.3057986484921   24.9189594167473   23.6942460665289   31.0771371706899
#[time: 0.45]
 0.4512117286  0.4512291112   17.2163263610912   21.6569290784159   20.6853455899323   24.3387496796811   18.7459400931353   16.8572068320014
#[time: 0.46]
 0.4656164941  0.4656444544   22.8727686153791   21.6569290784159   21.0814968570536    22.494872436453   12.4321962817323   14.9409341466344
 0.4663616272  0.4663870617   22.8727686153791   24.8476869202244   23.9823255091332   23.7489836068626   21.6470620647204   19.7657696561151
#[time: 0.47]
#[time: 0.48]
 0.4847038958  0.4847552919   22.8727686153791   24.8946734582987   25.1019722583133   25.3518156138112   14.4998825706567   14.8570874673623
#[time: 0.49]
 0.4975798851   0.497617952   25.6249145265994   24.8946734582987   24.5006821800644   24.8067324193688   21.7984226257478   22.2269067210976
 0.4992245301  0.4992251628   29.5239736361111   24.8946734582987   25.5953889216042   25.5709084174014   26.8640678792662   27.0289702382289
#[time: 0.5]
#[time: 0.51]
#[time: 0.52]
#[time: 0.53]
 0.5391947881  0.5392041814   18.8423312744925   24.8946734582987   32.3862259214751    30.020386621812   24.9822201290647   29.5646961507859
#[time: 0.54]
 0.5467399033  0.5467872107   27.3504922419391   24.8946734582987   26.0215337239471   30.5104763849967   18.0273376528487   17.6095590501519
#[time: 0.55]
 0.5536009272  0.5536071431   27.3504922419391   6.18587757740981   30.0585237815743   29.0171360658143   29.4478734266449   14.2490545041529
#[time: 0.56]
 0.5633363785  0.5633704161   12.4098210340733   6.18587757740981   29.0535924369008   13.8468866957561   13.1135093563146   10.6558342483771
 0.5668267944  0.5668583499   12.4098210340733   14.2090112808155   14.8760444258342    11.881529269508   4.81776606739958   4.67520511033998
#[time: 0.57]
 0.5759499618  0.5759705665   12.4098210340733   11.4863787222997   15.8877861673565   16.6816656742273   10.8147345907589   10.9073658240417
 0.5775850248  0.5776562867   12.4098210340733   13.5522053057217   15.2582361452335   14.9524588267618   17.8675810435567   18.9580980995431
 0.5782678705  0.5782777573   20.8796527434182   13.5522053057217   16.6693941275571   17.3515073092924   20.1141099974053   17.2484613112128
#[time: 0.58]
 0.5839174624  0.5839231211   20.8796527434182   13.7892726610215   23.7582402207148   19.9041772720849   27.1799109362189   20.6721977060582
 0.5841503052  0.5841602577   20.8796527434182   26.0290051417688    20.766501376743   18.7468376315943   18.8236833033587   17.6632676370578
 0.5895756816  0.5895762692   20.8796527434182   22.6187422995444   26.1894384891228   29.4069354758919   23.0445801992569   23.7940197029125
#[time: 0.59]
#[time: 0.6]
 0.6015897995   0.601609126   24.7742285486138   22.6187422995444   24.0354649854761   24.6809656547171   17.0956925082906   18.3182550552737
 0.6067483575  0.6067788043    21.718353159143   22.6187422995444   24.1722372145589   24.0394378768647   16.3627040507352   15.8179859541342
#[time: 0.61]
#[time: 0.62]
#[time: 0.63]
 0.6343630207  0.6343639413   23.9206769463041   22.6187422995444   23.4781397983159   24.0171169375544   14.0262527923683   14.1591357394322
 0.6373124026  0.6373326758   23.9206769463041   25.2686151343517   24.5199983392438   24.3162383431082   22.1990400149681   20.1211113319187
#[time: 0.64]
 0.6408174091  0.6408376478   26.3478481013536   25.2686151343517   23.9040738227008   23.5681762560085   16.7603964742162   17.4662316266145
 0.6457753885  0.6458035029    29.443437231031   25.2686151343517   30.9585115283601   30.3884649637732   29.0713060044863   28.0676099812982
 0.6463884346  0.6464182869    29.443437231031   35.7805117995346   31.4551476742548   30.0429590560528    30.106102950841   28.2308544018757
#[time: 0.65]
#[time: 0.66]
#[time: 0.67]
#[time: 0.68]
#[time: 0.69]
 0.6902825688  0.6903288961    29.443437231031   31.1689806392102   33.5338504983874   37.5447279293392   23.5247971770151   22.5570691190482
#[time: 0.7]
#[time: 0.71]
 0.7121644433  0.7121826545   32.4182262557288   31.1689806392102   34.0591571447403   34.5804271626852   27.4052621243855   28.0893020076477
#[time: 0.72]
 0.7292250204  0.7292350981   32.4182262557288   34.5021354636241   35.3923620178098   34.7589856304786   27.9578815985898   27.7441135214468
#[time: 0.73]
 0.7317765392  0.7318681516   32.4182262557288   33.5875513403314   34.3471777991386   34.7925656603072   31.9325247863063   31.3901779792876
#[time: 0.74]
 0.7432964035  0.7433011166   34.6600724342578   33.5875513403314    34.971035753409   35.2532941939132    25.192769087067   25.1569932413002
 0.7482392164  0.7482483064   34.6600724342578   36.6898780648563   39.9313337431266   39.2853367991917   27.3151573385827   26.9493818731258
#[time: 0.75]
#[time: 0.76]
#[time: 0.77]
 0.7757865208  0.7757995963   34.6600724342578   43.4476543954526   40.3489176939952   41.3056008334478   39.0173805540304   41.3017226427198
#[time: 0.78]
 0.7893614658  0.7893753191   34.6600724342578   36.3160510206923   40.6536319561585   46.0554844311089   27.1280236271813   27.3761602910673
#[time: 0.79]
 0.7925162794  0.7925283767   34.6600724342578    36.396531155029   38.2819392055112   38.9446142797799   28.9025091969788   28.1748726226498
  0.796761773  0.7967677057   34.6600724342578   36.6073584033391     37.69466993861   38.2809802880087   26.5903889718185   26.8665497293052
#[time: 0.8]
 0.8000618557  0.8001278745   37.9910499455576   36.6073584033391   38.4786626214489   39.2136607950576   34.4979447913423   34.8486019521434
#[time: 0.81]
 0.8146870358  0.8147147652   37.9910499455576   44.1977866657121   38.3595053899848   38.1682633902761   41.1773015372615   41.2232824377844
 0.8148037361  0.8148060582   36.7889322524865   44.1977866657121   44.0225809344299    48.849558550819   39.8987526764318   46.8878259621675
  0.817334666  0.8173484136   36.7889322524865   35.3164527907095   42.4424884259653   45.6381158769792   28.7087379035613    28.997435397118
#[time: 0.82]
#[time: 0.83]
#[time: 0.84]
 0.8438053075  0.8438252001   38.4504662683403   35.3164527907095   39.0849486252993   38.1595886699394   33.3123400080722   33.9823448353375
#[time: 0.85]
 0.8575422555  0.8575798108   30.8437782571541   35.3164527907095   41.6166787798074   40.2232394136024   33.6714651467224   34.2198773042886
#[time: 0.86]
 0.8637298806  0.8637637988   30.8437782571541   31.8172513095563   35.6157688559111   37.3359710751021   24.7125809156408   23.4011608126543
#[time: 0.87]
 0.8722647633  0.8722801585   38.0000095236866   31.8172513095563   32.6847704208595   32.8052973927799   30.3268334632893   31.9908983874584
 0.8775014518  0.8775188561   38.0000095236866   43.8995639965172   37.6367783584828   36.1293625220492   43.5113402616942   45.8416106159989
#[time: 0.88]
 0.8852763859  0.8852941543   47.5366113676707   43.8995639965172   42.2786616773219   44.0398127250702   37.8200265444066   39.0582966805377
#[time: 0.89]
#[time: 0.9]
 0.9038399871  0.9038629382   46.1967668449508   43.8995639965172   44.1597484804707   44.5462383344071   36.1569786065869   35.7489310532691
 0.9082318366  0.9082781138   46.1967668449508   55.9596289830154   46.7052142446306   46.0674403908851   51.2111040196325   51.7535190488013
 0.9082884435  0.9082934258   60.1852748825435   55.9596289830154   52.7155790055008   59.5078807590344   58.2456997369477   58.1493313015209
#[time: 0.91]
 0.9133392618  0.9134168911   60.1852748825435   61.0419973824645   61.3065817350608   60.0852414358565   56.4017850232781   55.9549097798802
  0.918358656   0.918366875   60.1852748825435   65.0795892282706   63.7021908112822   64.2146937287546   61.3938617566914   60.8531934636253
 0.9197568061  0.9197625293   68.5798956506321   65.0795892282706    65.443062418969    68.233194141667   61.0223485049911   62.0489352976218
#[time: 0.92]
 0.9296552574  0.9297630277   68.5798956506321   72.2600394764855   68.0776842831959   67.5164740266857   66.7816506027157   65.3486442704687
#[time: 0.93]
 0.9342561218  0.9342695898   68.5798956506321    85.831341581386   71.4188916990181   72.0598793018672   72.1682882563903   81.8217925030991
#[time: 0.94]
 0.9414446341  0.9414601026   90.3662638543534    85.831341581386   75.5308040888696   82.5088413731235   85.2064982677749   86.5141258306715
#[time: 0.95]
#[time: 0.96]
 0.9601571526  0.9601661362   90.3662638543534   94.8427070378349   92.0371785087305    89.997539883641   89.5465147876987    87.637441822581
#[time: 0.97]
 0.9703134608  0.9703164519   90.3662638543534    94.069329967568   95.7822101718063   99.1539483420008   88.7118262583002   87.0728282861991
 0.9707921464  0.9708017174   90.3662638543534   96.7151360127471   96.2166681793471   98.1528053366479   94.6316794899369   97.7681895563565
 0.9714231673  0.9714295157   107.899220570329   96.7151360127471   94.7402606513698   96.1001093644371    105.72849427454   102.595978726539
#[time: 0.98]
#[time: 0.99]
#[time: 1]
     1.009159   1.009159841    101.54534142253   96.7151360127471   107.443001711318   101.961202484088   92.7303820513273   93.2913201899835
#[time: 1.01]
#[time: 1.02]
#[time: 1.03]
  1.031008989   1.031016798   100.520582353596   96.7151360127471   102.897307408469   101.450738235862   104.635011306858   101.178363210389
  1.032476583   1.032486816   100.520582353596   102.972804339876   100.296404160517   99.6006190207624    100.83035993033   100.060145550111
#[time: 1.04]
  1.048221701   1.048303151   100.520582353596   98.3977221332586   103.318427851981   103.758853876267   103.105861158013   101.976586429848
#[time: 1.05]
#[time: 1.06]
  1.060866254   1.060866979   100.520582353596   99.8967228910837   101.993765728631   101.124543242414   96.4045383339477   96.7151722107289
#[time: 1.07]
#[time: 1.08]
  1.082066249   1.082076027   103.069973329328   99.8967228910837   105.240372896795   104.888661635777   98.6570183640877   99.4304523269057
#[time: 1.09]
#[time: 1.1]
  1.101904486   1.101909016   101.304129385246   99.8967228910837   100.851199045348   101.100294665174   92.5334020233839   92.4552008256364
#[time: 1.11]
  1.110699594   1.110726945   101.304129385246   106.677774294369   103.914862575244    103.43483253427   104.416555533456   105.215701521277
  1.112100545   1.112127457   110.218785318545   106.677774294369   106.215926958194   108.956559914723   100.970523713239   100.361170255731
#[time: 1.12]
  1.121484766   1.121496077   110.218785318545   109.222465688614   109.681264318852   109.304253100423   105.823507522941   106.328502440786
#[time: 1.13]
#[time: 1.14]
  1.144378177   1.144418736    108.67768378045   109.222465688614   109.721024194949   109.720978091793   102.759329087395   102.722877742126
  1.145745675   1.145748154   112.387186597084   109.222465688614   112.350021179344   112.555789707263    106.21232631015    108.05427162711
#[time: 1.15]
#[time: 1.16]
#[time: 1.17]
  1.173468654   1.173493086   111.693558946899   109.222465688614   113.145063465066   112.341762275679    101.62113867594   101.434530426318
  1.179324977   1.179354645   111.693558946899   114.698766850542   111.723284093241   111.340396750646   112.847337756918   112.670802132837
  1.179610458   1.179680673   118.101614667289   114.698766850542   116.605857372778   118.070495896927   117.813059945257   117.106894733998
#[time: 1.18]
#[time: 1.19]
  1.199394173   1.199419839   110.951390527927   114.698766850542   118.205338962449   117.683490242342     118.0053594529   123.774929337701
#[time: 1.2]
  1.205674366   1.205706079   110.951390527927   118.123796653037   115.160660307105   117.441512241787   114.469594276042   117.691196545785
#[time: 1.21]
   1.21498943   1.214997787   119.050884940167   118.123796653037   117.015959493241   120.791957946687   109.449864312839    109.78188323967
  1.215861809   1.215871055   112.587177204341   118.123796653037    119.34592713283   119.278269461443    121.83285770308   128.460340283332
#[time: 1.22]
  1.224130421   1.224162911   112.587177204341   113.979219677804   117.333820680597   122.087405965205   109.254787582377   108.283366913051
  1.227944161   1.227944775    116.33244593089   113.979219677804   117.774688326773   118.370442151587   106.251685815276   105.931173728497
#[time: 1.23]
#[time: 1.24]
#[time: 1.25]
#[time: 1.26]
  1.265324385   1.265337221   116.158197320293   113.979219677804    118.28480155093   117.717752778517   115.833753971168   115.409569453281
#[time: 1.27]
  1.278483966     1.2784842   116.158197320293   112.301544883504   118.099920154235   116.991502210797   122.371367538895   119.065465848194
#[time: 1.28]
  1.284423182   1.284424922   111.305377086136   112.301544883504   117.109321690101   116.032407914561   108.087667557182   107.504760463443
  1.284693592   1.284693989   111.305377086136   112.831776734494   115.377030789122   115.942147685841   102.948545702544   103.303546691164
#[time: 1.29]
#[time: 1.3]
#[time: 1.31]
  1.318029835   1.318085472   111.305377086136   115.569071182294   113.461583472815   113.742601047857   112.839627548502   112.326778881028
#[time: 1.32]
  1.322925985   1.322925988   116.106680946498   115.569071182294   115.921507934493    117.45888930512   117.235219231288    117.02956076909
#[time: 1.33]
  1.331720353   1.331728214   116.106680946498   115.232334322322   116.233270552702   116.215103417681   123.002613839392   121.549666777834
#[time: 1.34]
  1.348754976   1.348762374   116.106680946498   125.499241897347   114.388973033666   114.486976982529    120.64869691023   119.618410175802
#[time: 1.35]
  1.351497362   1.351519884   128.697503895774   125.499241897347   122.011318176147   125.092769351615   128.593375991424   128.240302999549
#[time: 1.36]
   1.36979769   1.369822808   128.697503895774    129.31025643529   126.968804974486   127.013542118211    119.24767261333   119.346195917143
#[time: 1.37]
#[time: 1.38]
#[time: 1.39]
  1.392953068   1.392967228   130.091470937427    129.31025643529   132.340094189194   132.521737020396   121.711680270218   121.848254077383
#[time: 1.4]
#[time: 1.41]
#[time: 1.42]
   1.42221629   1.422228154   130.959410414253    129.31025643529   132.140232683108   131.873984745904   121.787482214058   121.728831354435
#[time: 1.43]
#[time: 1.44]
  1.447850749   1.447911931   130.522591261891    129.31025643529   131.402414359299   131.215138401379   126.700481189316    127.07128543252
  1.449766803   1.449785249    132.07826447404    129.31025643529   132.462528477971   132.130326949894    127.87559721603   129.033013161233
#[time: 1.45]
#[time: 1.46]
#[time: 1.47]
#[time: 1.48]
#[time: 1.49]
#[time: 1.5]
  1.506431308   1.506436736    132.07826447404   124.577940957122   133.686808004134   132.481992891858    137.22876056798   130.002525256669
#[time: 1.51]
  1.518402406   1.518421012    132.07826447404   127.441212884512   135.728004470399   131.722048833782   142.456947962093   136.685648344111
#[time: 1.52]
  1.524576364   1.524606593    132.07826447404   133.436024479434   133.610777999183   132.499442755494   124.111986334476   124.286488773856
  1.525876156   1.525951913   132.063560871955   133.436024479434   132.628004954233   132.608050317867   131.901242082686   131.637547491993
#[time: 1.53]
#[time: 1.54]
  1.541320817    1.54134547   132.063560871955   138.539647503766   135.079118580766   135.434731745819   134.714526079208   133.332121420159
  1.543496385   1.543546833   142.095036179994   138.539647503766   136.398952041811   141.295056394934   132.301850561925   133.544326457763
#[time: 1.55]
#[time: 1.56]
#[time: 1.57]
#[time: 1.58]
  1.581148156   1.581171623   140.244206207043   138.539647503766   146.808723110426   144.701107042548   129.784949791372   129.381450614128
#[time: 1.59]
#[time: 1.6]
  1.605278866   1.605281091   140.244206207043   141.695660345454   143.801867254503   142.642471637664   133.163432029353   132.327625092357
  1.607376134   1.607377591   142.248408699195   141.695660345454   143.158792190459   143.605070903889   134.581954034077   134.471107222297
#[time: 1.61]
  1.615754821   1.615759904   144.818086173296   141.695660345454   143.607919287055   143.474469453607   136.061978334095   136.513433352242
#[time: 1.62]
  1.628324035   1.628341434   144.818086173296   147.945590325653   146.809998735132   145.606093778759   138.459440394989   138.119642908762
#[time: 1.63]
  1.632342697   1.632369142   144.818086173296   155.138767415914   150.869537279524   153.492855357733   149.794425675072   149.545936587824
#[time: 1.64]
#[time: 1.65]
#[time: 1.66]
#[time: 1.67]
   1.67023323   1.670252733   144.818086173296   142.042723103699   151.871092058378   153.620189104468   153.242276081766   149.864029932344
  1.673981332   1.673985663   144.818086173296    152.81980685046   145.912347809677   145.231229296154   150.759203083552   155.835018920496
  1.677601093   1.677657298   144.818086173296   145.749311916589   151.609896534798   154.187281672606   137.095087663088    136.79149392025
#[time: 1.68]
  1.680212834   1.680249385   144.818086173296   133.428332363882   150.659694016954   151.423429044031    149.69365458776   139.442850474094
  1.685906839   1.685907177   145.452153051721   133.428332363882   145.255542985317   139.992536780168   143.598053656304    139.55024569842
  1.688622065   1.688623249   129.074770783836   133.428332363882   146.352835581301   140.659437698504   135.850482128662   140.879119564129
#[time: 1.69]
  1.695616689   1.695659338   134.119575807773   133.428332363882   134.643298070139   137.939925752089   125.030021540387   125.769439006863
  1.699907002   1.699932827   138.313337011323   133.428332363882   138.913183741662    138.59703063587    133.10780413561   134.373916338984
#[time: 1.7]
#[time: 1.71]
  1.712566119   1.712586264   135.870002887351   133.428332363882   138.564125195595   137.260139942973   129.886375812826   130.601249983038
#[time: 1.72]
  1.720964346   1.720979755   135.870002887351   115.785196380226   133.814845712305   133.972278805112   137.076071973811     121.3754625849
  1.726777588   1.726790232   135.870002887351   137.999768523087   135.842317348025    123.48841742076   132.052045918283   130.329964713047
  1.728939178   1.728955336   135.870002887351   153.764753931669   143.327316415329    145.07726388628   142.323567685149   149.711710511089
#[time: 1.73]
#[time: 1.74]
#[time: 1.75]
#[time: 1.76]
  1.765686526   1.765692998   155.452346927544   153.764753931669   142.203242323629   159.945515608022   145.862423803788   146.656112957669
#[time: 1.77]
#[time: 1.78]
#[time: 1.79]
#[time: 1.8]
  1.801200077   1.801210116   155.452346927544    159.91241364502    158.83993068166   158.255508055611   158.235602200907   158.765758246129
  1.804090372   1.804091006   155.452346927544   154.441193902412   157.783869711671   157.881990037762   159.395249138555   158.288299033898
  1.807757976   1.807773257   155.282106415149   154.441193902412   160.819189482227   160.134327085255   149.587187049422   149.700852074066
  1.809163821   1.809167423   155.282106415149   152.803953934402   158.023756890804   157.783840524805   155.301427996587   154.827345257583
#[time: 1.81]
  1.813542297   1.813543686   155.282106415149   147.707388450816   155.611915807859   155.076360232205   157.067312098642   152.005527130769
#[time: 1.82]
    1.8217195   1.821745878   145.987420125405   147.707388450816   155.886752450311   152.861085582458   141.153610675343   140.389741327207
  1.824004971   1.824035022   145.987420125405   145.175521793316   145.478687817455   145.267702232751   144.912218765687   144.374570644452
#[time: 1.83]
#[time: 1.84]
#[time: 1.85]
  1.850554126    1.85055697   145.987420125405   156.970426056424   150.545994897988   150.159729924016   151.231178117324   159.168242647975
  1.859686503   1.859707535   159.154179231581   156.970426056424   152.288592141026   157.605021355665   150.450793188818   150.420632952958
#[time: 1.86]
  1.863758137   1.863762231   159.154179231581   161.128635469242   160.020759450122   159.683041126825   154.777424461278   154.482977482174
#[time: 1.87]
  1.879512718   1.879564823   159.154179231581   162.545303024895   163.557979669603   165.607425767255   154.596458384291   153.994783557546
#[time: 1.88]
  1.889899868   1.889903518   163.468292761675   162.545303024895   161.544981571754   162.092424362864   155.983072100443   156.172747464772
#[time: 1.89]
#[time: 1.9]
#[time: 1.91]
  1.919124345   1.919144151   163.103208240413   162.545303024895   165.650142692397   165.414670877265   167.751286464129   166.976220513029
  1.919537776   1.919539257   163.103208240413   167.300405844857   166.443438442531   166.224125933984   156.614281300287   157.483715558043
#[time: 1.92]
#[time: 1.93]
#[time: 1.94]
#[time: 1.95]
#[time: 1.96]
#[time: 1.97]
#[time: 1.98]
  1.984711916   1.984752547   163.103208240413   167.266012297169   168.026696319769   170.078762286558   161.026033596847   159.505178746658
  1.989193623   1.989207976   163.103208240413   165.367398553821   165.555611917252   165.772632116626   159.448758116455   158.160770897161
#[time: 1.99]
   1.99406818   1.994100005   163.103208240413   166.584659221551   167.298765451839   167.972207314904   161.092595130178   159.812337461725
  1.999743229   1.999754289   163.103208240413   166.147071337937   166.763498448696    168.12006222425   158.739508234843   158.726025394024
#[time: 2]
#[time: 2.01]
#[time: 2.02]
  2.022510821   2.022533818   163.103208240413   164.014706219887   164.549917917046   164.514308542571   155.129823406314   155.120921664074
  2.027252617    2.02725945   166.239490040991   164.014706219887   166.686332631616   167.032996443429    165.07404736381   165.090331099364
#[time: 2.03]
  2.033752782   2.033753293   166.239490040991   168.190519215116   173.448770479733   171.061913451544   175.288021741152   177.554283462198
  2.037772288   2.037782875   167.195655723365   168.190519215116   171.103389360292   171.951686214379   168.493875741631   168.615198855694
  2.038126528   2.038129331   167.195655723365   171.925742512548   169.424127964881   169.618303949447   169.922282208613   170.309497106963
#[time: 2.04]
  2.040409486     2.0404427   167.195655723365   169.582809325175   171.497472204192   174.452869525781   163.355390330649   162.442256053516
  2.042226247    2.04224873   168.951197603236   169.582809325175   172.410267656376   174.145305116135   164.990141506076   164.839389002792
  2.049769102   2.049769162   166.352056890122   169.582809325175   172.174843183934   172.374398358295   172.948831662478   176.829229315994
#[time: 2.05]
#[time: 2.06]
#[time: 2.07]
#[time: 2.08]
#[time: 2.09]
#[time: 2.1]
  2.103554343   2.103556694   166.352056890122   168.250210611414   170.342857964812   171.834052968907   157.645139848651   157.964817488238
  2.105007822     2.1050117   166.352056890122   167.660711823362   168.062629763433   168.199476794065   158.626419061555    158.55174841533
  2.109141055   2.109142588   166.352056890122   167.071277133794   171.828258999317   172.690320103577   162.448545380318   161.996931969245
#[time: 2.11]
  2.114090872   2.114096597   169.113286070525   167.071277133794   167.459308491839   167.515601242147   163.247457181176   165.000984726984
#[time: 2.12]
  2.122191685   2.122198864   169.113286070525   171.607014262194    168.40737151846   168.326121136274   169.154078356584   168.332773081797
  2.125265909   2.125291413   173.151736137999   171.607014262194   175.905004144221   177.991818592584    163.58035703263   163.439660444545
#[time: 2.13]
  2.133001395   2.133007071   173.151736137999   176.973432504234   175.347147114715   174.843751609394   172.389899909909   170.048982938038
   2.13752761   2.137529468   180.673939027737   176.973432504234   176.829872254382   177.847187804886    173.08504081195   175.846483952719
  2.137554215   2.137571255   180.301623054815   176.973432504234   183.188858028444   181.641159739492    175.55251964711   176.337235684157
#[time: 2.14]
  2.145246922   2.145282413   179.984980648574   176.973432504234   180.803602440983   180.248509837597   176.936993935879   177.561997516863
#[time: 2.15]
   2.15675196   2.156762913   180.368717610587   176.973432504234   177.284789924753   177.534677450555   170.135950611186   172.530432067719
#[time: 2.16]
  2.162490254   2.162535629   180.368717610587   179.582458934355   180.681176039866   180.053116917553   176.582031510923   176.958178604779
   2.16316405   2.163170054   181.378557426684   179.582458934355   185.035431915323   184.455534966392   175.528479414498   176.702916651935
  2.163208926   2.163230776   181.378557426684   184.294058524929   184.998735154964   184.061120314547   186.125106516269   188.256466544666
#[time: 2.17]
  2.178558019   2.178621601   196.855823094532   184.294058524929   186.939280995821   188.567252679478   190.923836782103   190.595390795198
#[time: 2.18]
  2.182855269   2.182859615   185.513415851109   184.294058524929    199.30580599069   191.241745951645   178.444232590889   178.725582861813
  2.189776095   2.189794131   185.513415851109   184.662669261773   185.929024729616   185.737049885614   195.510230683348   194.146532074632
#[time: 2.19]
  2.191907405   2.191956875    175.95511406791   184.662669261773   189.456271623489   189.176319278698   183.751228070966    193.40949627923
  2.197252394   2.197259039   172.806996603766   184.662669261773   181.250111983152   183.430607774852    177.19419540654   186.920840205596
#[time: 2.2]
  2.207333325   2.207342316   185.176783932572   184.662669261773   179.114834855332   187.728696830231   175.462818720282   175.436394905802
#[time: 2.21]
  2.210046339   2.210049354   186.341259954673   184.662669261773   187.997932034052   187.794643289763   178.935592229056    179.22913204895
  2.210781822   2.210782397   186.294436097645   184.662669261773   189.482006067193   188.572592211792    176.75140731548   177.029955978425
  2.213341368   2.213364515   189.273280978369   184.662669261773   189.253309133291   188.413730802672   179.644944794072   180.384033638392
  2.219836951    2.21987018   186.135330660523   184.662669261773    192.33103264818   190.171007228139   176.792403379756   177.164583024869
#[time: 2.22]
  2.220367038    2.22040872   186.135330660523   186.798789836385   188.830925107404   187.816182822115   183.217436723194   182.899563331777
#[time: 2.23]
  2.236245921   2.236253601   186.135330660523   187.266844829181    186.99684223313   187.024521900551   180.968512454804   180.704180614136
#[time: 2.24]
  2.240967666   2.240976003   186.135330660523   188.139519139216   188.072442181824   188.245390166365    182.43875777298   181.850247236156
#[time: 2.25]
  2.251554855   2.251571173   186.135330660523   187.266463966692    190.54144544544    191.07709331369    188.72865270817   189.311992604178
  2.255795604   2.255795747   185.613994138503   187.266463966692   190.069285868173   190.539344626778   187.794656161746   188.259274868031
  2.257857574   2.257857755   185.613994138503   186.618837972357   190.234744058091   190.964082950042   178.484026023588   178.186361359513
#[time: 2.26]
#[time: 2.27]
#[time: 2.28]
#[time: 2.29]
   2.29582296   2.295866812   185.613994138503   191.799953476394   192.788924820848    193.57845023962   189.450789375161   191.852879182862
  2.297804796   2.297829693   187.030015371681   191.799953476394   190.150695611008   191.635820695957   190.330736694147   197.502256753369
  2.299463567   2.299467845   187.030015371681   191.502634679772   190.359320733182   190.907829886459   188.354952868611   188.047399582038
#[time: 2.3]
  2.305871532    2.30590058   187.030015371681   188.955674845316   190.837387266511    191.82861089468   186.829081022361   186.138865479597
#[time: 2.31]
#[time: 2.32]
  2.327193636   2.327243329   191.168008690996   188.955674845316   191.666618445962    192.65005921405   192.144970765737   191.522869753619
#[time: 2.33]
  2.333259972   2.333280433   191.168008690996   192.732441641151   189.515937191625   189.595360083088   183.023845907604   183.277349780543
  2.336381855   2.336384906   194.890648366953   192.732441641151   194.223423810567   194.975277901548   187.010803525501   188.604083390029
#[time: 2.34]
#[time: 2.35]
  2.355755343   2.355797715   178.067377472236   192.732441641151   196.554497565312    196.12604348641   183.843654415535   199.073984235401
#[time: 2.36]
  2.362987608   2.362988026   189.578793578275   192.732441641151   184.532990559108   192.566481720773   196.902686216925   201.355156887097
  2.364039825   2.364055899   189.578793578275   190.542502473449   193.010332137482   194.552167152656   180.230404954696   180.453667397579
#[time: 2.37]
#[time: 2.38]
#[time: 2.39]
  2.397468357   2.397472072   192.454464370916   190.542502473449   193.738602958767   194.278089721539   188.557943211671   189.179643635457
   2.39952002   2.399541529   191.247407608579   190.542502473449   196.449171668358    195.29396825002   181.028719994894   182.401052222712
#[time: 2.4]
#[time: 2.41]
#[time: 2.42]
#[time: 2.43]
  2.436861685   2.436902242   191.247407608579   198.939402192438    194.59698801404   194.294065603265   195.966189421917   199.052483264845
  2.437821825    2.43782388   201.042697758296   198.939402192438   196.617377683138   200.887425518476   191.197829562419    190.87574977853
#[time: 2.44]
  2.446615401   2.446651579   199.886677045078   198.939402192438   203.177735795224   202.279076465113   190.683421364591   190.608121974557
#[time: 2.45]
#[time: 2.46]
  2.464231447   2.464262749   199.886677045078   199.125880303495   201.585136936685   201.357123536023   207.491448027668   204.425076858922
  2.464267845   2.464273286   200.139044562243   199.125880303495   201.386955202272   201.240981443404   190.930349701432   190.938087859979
  2.467605591   2.467609619   200.139044562243   200.902244628647    205.69730884956   204.947436449743     192.5176463358   191.322213742849
#[time: 2.47]
#[time: 2.48]
  2.488021559   2.488021618   200.139044562243    207.74936822311   202.371570239232   202.488193523864   205.862050043648   207.648872275018
#[time: 2.49]
   2.49702013   2.497058918   208.642908044154    207.74936822311   205.469036645176   207.247956926698   199.443073593844   199.442743757918
#[time: 2.5]
#[time: 2.51]
  2.513643924   2.513661226   208.727311208789    207.74936822311   213.367846261656   212.673430159602   200.646923044598   200.819681888164
  2.518916866   2.518929751   208.727311208789   225.071106181575   210.259814457755   210.103556887283   215.656549190297   219.980288334249
#[time: 2.52]
  2.529372981    2.52937335   208.727311208789   212.314426961658   216.238884084379   222.906582994674   209.841270562281   209.488408737677
#[time: 2.53]
  2.531847476   2.531938958   215.828520453813   212.314426961658   213.047744928326   217.312925509646   206.304798313457    208.69481424065
  2.537065479   2.537066812   204.585007797249   212.314426961658   213.739672164628   213.865495222955   210.994070120118   216.328580425033
#[time: 2.54]
#[time: 2.55]
#[time: 2.56]
  2.564143024   2.564170845   214.943124235828   212.314426961658    210.36368487014   212.747926655555   204.978845036945   205.057124278574
#[time: 2.57]
  2.572116456   2.572140772   217.934267032038   212.314426961658   215.325852502183   214.779215151639   211.532881321793   213.730051846725
  2.572565115   2.572581236   210.844725400548   212.314426961658   224.296346781799   219.808228289144   214.276318256017   214.781306600815
  2.579092583   2.579108698    216.29702744294   212.314426961658   214.818416610416   215.800024166833   208.869341461638   211.861713445656
#[time: 2.58]
  2.583872227   2.583966461   212.873685007344   212.314426961658   221.170465336912   218.443958308224   205.941719103347   206.010690772093
#[time: 2.59]
#[time: 2.6]
  2.605727394   2.605801442   212.873685007344   205.782171986841   217.871562940879    217.47850191713   216.754590099657   211.844304578932
#[time: 2.61]
  2.616930431   2.616934149   210.806006738554   205.782171986841   211.959110060313   210.820730409388   212.019898900191   209.800164438526
  2.619275656   2.619327828   210.032634443141   205.782171986841    211.91376224624   210.451765275879   204.383155633422   205.999849508985
#[time: 2.62]
  2.623385069   2.623399502   200.226705918921   205.782171986841   210.194641314564   209.313602023552   207.259654994551   215.389012746138
   2.62990327   2.629972046   201.403689262539   205.782171986841   206.338446038025   208.415648976662   206.422723202884   209.292504191622
#[time: 2.63]
   2.63307719   2.633079849   207.780409720153   205.782171986841   206.855775828917   208.803626807019   199.101884162718   199.097752112932
  2.637432706    2.63743468   209.909818533581   205.782171986841   212.775778425334   211.560568704179   211.026332019763    209.88531026238
#[time: 2.64]
  2.644680602    2.64471783   209.909818533581   214.749338602536   211.923176012626   210.513074965786   208.439584045746   207.567012225739
#[time: 2.65]
#[time: 2.66]
   2.66307096   2.663112364   219.390824084815   214.749338602536    214.38936018582   216.610409252815    213.05705463912     214.6620083149
#[time: 2.67]
#[time: 2.68]
#[time: 2.69]
  2.691729029   2.691769637   218.627947207342   214.749338602536   219.918093148232   218.787390083122   214.480318325167   215.464491755491
#[time: 2.7]
#[time: 2.71]
#[time: 2.72]
#[time: 2.73]
#[time: 2.74]
  2.741062983   2.741064846   218.627947207342    220.74163087937   220.835606198003   218.710745092103   210.881012462813   210.544583161849
  2.742867364   2.742901904   218.627947207342   228.293808015376   221.957101368441   222.504890319607   223.660953989652   226.005549856881
#[time: 2.75]
  2.750970738   2.751004173   218.627947207342   221.009613494055   225.919805206188   232.794168407943   218.130001124879   217.363175871229
  2.752159763   2.752159791   225.603002310856   221.009613494055   218.875350580676    218.63824116675   217.790880401525   219.687991507907
#[time: 2.76]
#[time: 2.77]
  2.774470934   2.774509836   223.831359691641   221.009613494055   223.497324861765   223.417111041228   218.769627765307   220.040401351318
  2.778368621   2.778380842   218.859357910416   221.009613494055   224.282754977631   223.530929310181   228.716056290936   231.493548449175
#[time: 2.78]
  2.782406785    2.78240871   226.908275454376   221.009613494055   223.990294646616   225.062484670149   225.129279307607   224.369515659197
#[time: 2.79]
#[time: 2.8]
  2.806871662   2.806871723    222.03319285147   221.009613494055   229.962603378121   226.761446509683   219.372920584376   219.581199231927
#[time: 2.81]
  2.809982582   2.810015659   222.832143887426   221.009613494055   224.103796370703   223.772871486938   213.385939768699   214.656189794766
  2.810371348   2.810392209   224.164235646474   221.009613494055   225.424915657986   224.354226466719   218.819535668462   219.416642692105
  2.811038959   2.811059888   225.644019072346   221.009613494055   224.476858070831   223.774699124485   215.211955227763   215.125898812826
   2.81278708   2.812797549   225.644019072346   227.074278314726   222.642142891791   222.922972970696   218.934853217796   218.589171008071
#[time: 2.82]
  2.823344183   2.823347414   225.644019072346   229.755306365052   226.389676880421   226.401493553513   229.266761658925   231.410253582133
  2.826466197    2.82649169   221.696428400418   229.755306365052   231.248615716105    234.32003751042   227.775505389523   237.854170849951
#[time: 2.83]
  2.831310128   2.831336768   221.696428400418    223.11991453678    227.01121854037   230.044601353652   213.945191783496    213.26109928513
#[time: 2.84]
  2.848305523   2.848311355   222.589275552436    223.11991453678   225.377090589492   226.057033074461   215.526668478841   215.325122376277
#[time: 2.85]
  2.858679565   2.858717745   224.230420551329    223.11991453678   223.964264733283   224.039158270574    214.56540643002   214.270758618153
#[time: 2.86]
  2.861172816   2.861177642   224.230420551329    226.45396018674   225.333135905124   225.117258542909   217.308053381374   216.893306554262
#[time: 2.87]
#[time: 2.88]
  2.887459189   2.887488765   224.230420551329   227.218872645047   227.302610328494   227.722658041385   216.210748376983   216.884828156911
#[time: 2.89]
  2.895268071   2.895276514   232.257217591129   227.218872645047   226.397191245551   226.634814455552   229.467773187178   229.600168192979
#[time: 2.9]
#[time: 2.91]
  2.919277593   2.919318912   227.986709483828   227.218872645047    229.02468834407   229.276337886574   219.009084269839   219.615294102725
#[time: 2.92]
  2.922573994   2.922609476   227.986709483828   231.161641300937   230.139264535622   229.914466744633   229.728510893082   232.942922365492
  2.922649581   2.922661338   234.260575606665   231.161641300937   232.620537063734   233.813255246176   224.635026831944    225.58356086135
  2.927314405   2.927318185   229.517111370365   231.161641300937   235.832957004782   235.240089211621   237.471879160597   239.518275817803
#[time: 2.93]
  2.935170784   2.935197516   229.517111370365   232.181480007379   231.383699752538   231.564689584033   223.701851393826   222.379389026121
  2.937077167   2.937090431   229.517111370365    231.99289632362   234.349061937207   236.174379259168   230.326092188786   230.055696792942
#[time: 2.94]
#[time: 2.95]
#[time: 2.96]
  2.960617125   2.960617951   229.517111370365   232.998128790548   233.312504554529   234.410162088864   229.874869663798    229.38631979385
  2.968924085   2.968939664   229.517111370365   231.087823280255     233.4987366066   234.599969014655   229.528706004044   229.164305991705
#[time: 2.97]
  2.970403753    2.97042878   231.768256891594   231.087823280255   232.625300453946    232.96896899658   224.290202705393   224.450847293478
#[time: 2.98]
  2.989688962   2.989724052   234.609781759441   231.087823280255   230.088026046426   230.208656395354   224.164066117801   224.400892219091
#[time: 2.99]
  2.995819922   2.995826513   234.513365378093   231.087823280255   236.694085566593   235.747074184047   228.934764376702   229.782782208009
#[time: 3]
  3.002098358   3.002117421   232.377352079867   231.087823280255   233.536552611008   233.149389092778   222.125902473183    221.83341881205
#[time: 3.01]
  3.010504961   3.010527372    239.43493158231   231.087823280255   235.515919611254   235.032513488375   238.210732789123   234.049696677662
  3.010650013   3.010688164    239.43493158231   245.234471421836   236.374319209036   235.809633315643   240.867928119411       239.88020305
  3.018255579   3.018257395    239.43493158231   243.125074302492   245.735293845455    250.42672403103   239.328507203887   238.412309587355
#[time: 3.02]
#[time: 3.03]
  3.033165053   3.033196957    239.43493158231   240.084926041078   246.255465962042   248.748755323914   235.027802976271    234.59670354021
  3.034366524    3.03436977    239.43493158231   242.041689121648   246.680751461614   247.348822680053   231.249013366855   231.729074654751
#[time: 3.04]
#[time: 3.05]
  3.052388463   3.052389606    239.43493158231   242.165968574045   243.270853214707   244.208445395778   233.979496565799   233.450674431844
#[time: 3.06]
#[time: 3.07]
  3.078577186   3.078580703   233.767372349068   242.165968574045   242.272613244345   243.248333877942   238.385824580871   243.769529937784
#[time: 3.08]
  3.082770893   3.082782738   246.687219467515   242.165968574045   239.524495862786   242.512587593177   239.374259248333   240.639276334784
#[time: 3.09]
#[time: 3.1]
  3.105707896   3.105723082   241.560536808025   242.165968574045    250.99013383312   248.456811748616   238.859079511814   238.734751772672
#[time: 3.11]
  3.111457325   3.111462021   241.560536808025   246.921246782749    246.37885132383   246.777221553659   243.462183095553    245.85864355107
  3.116175307   3.116194196   249.107973193599   246.921246782749   246.606134731618   249.096134850298   239.640010498405   240.778572396941
#[time: 3.12]
#[time: 3.13]
   3.13269453   3.132715582    257.52560881454   246.921246782749    252.31748885759   251.323814119533   257.475038984452   252.408928423268
#[time: 3.14]
  3.144642277   3.144643345    257.52560881454   253.645668944605   260.367390977513   252.148493322546   263.837574581235   259.546621793087
#[time: 3.15]
#[time: 3.16]
  3.163649434    3.16365135   255.435749365094   253.645668944605   260.270665505304   258.895339315093   246.621336458722   246.903000248062
  3.164123049   3.164155333   255.054994015762   253.645668944605   261.045774026932   259.673423477935   248.409985891731   249.322160862892
  3.165546321   3.165555096   256.053797381319   253.645668944605   257.280802991112   256.758429346197   248.013832266008   248.485203219811
#[time: 3.17]
  3.176235344   3.176270229   255.987646256165   253.645668944605   262.150669328878   260.069031618833   247.518812160972   247.730708638045
  3.179841478   3.179861885   254.148494472142   253.645668944605   256.382167819921    256.08774906779   248.299573165759   248.442924962734
#[time: 3.18]
  3.189963809   3.189987428   256.210301976372   253.645668944605   258.789451341065   258.450318777388   254.287906233219   254.499369311911
#[time: 3.19]
  3.190186713   3.190186713   256.210301976372   253.645668944605   256.494892031046    255.81741092171   256.410506830127   255.745921001593
#[time: 3.2]
  3.200195149   3.200210832   259.107367157657   253.645668944605   257.674318404468   256.951666993477    248.77775574753   247.814077110073
#[time: 3.21]
  3.213247719   3.213273906   254.804465357999   253.645668944605   259.404293767863   257.426609227174    253.16991280666   253.265601283835
   3.21880785   3.218842364   254.804465357999    252.52428819441   254.914991723903   254.821012495685   262.863363749134   259.577502105947
#[time: 3.22]
  3.221604494   3.221623792   254.804465357999   255.710892083383    261.41877595325   259.926189505747   247.512017375105   247.302321472954
  3.224238192   3.224240948   254.804465357999   255.611428825931   259.213021102421   259.740501358502   252.111947813686   251.830548261631
#[time: 3.23]
#[time: 3.24]
#[time: 3.25]
#[time: 3.26]
  3.268972658   3.268974096   257.570407429516   255.611428825931   257.289662772581   257.571070454774     249.0176146886   250.369396463624
#[time: 3.27]
  3.271636385   3.271638503   257.570407429516   255.632155983415    261.41784904241   260.584781060169   264.485610415249    261.52207003096
  3.274234101   3.274244828   257.570407429516   247.427539357131   259.783100520728   259.320402705947   264.744661459035   254.616029870898
#[time: 3.28]
  3.283511726   3.283519419   257.570407429516   259.014177334455    250.72796383749    251.08211306451   249.534410623172   249.651713152483
  3.284231815   3.284233262   257.570407429516   259.233912199578   259.231263871197   259.468784300654   249.132637871033   249.415679379561
#[time: 3.29]
  3.296952443   3.296974085   261.997978208826   259.233912199578   262.622338433305   263.464441453495   252.065628298267   251.780913436722
#[time: 3.3]
  3.309627214   3.309637534   264.863128391771   259.233912199578   262.553917029043   261.719293533663   254.527666374811   254.770613324392
#[time: 3.31]
  3.317490348   3.317496991   264.863128391771   267.409787442034   264.701958613461   263.446248636408   258.796772684433   258.419403818358
  3.319550487   3.319554438   264.863128391771   267.894053082508   270.491755460484   271.510895028018   260.481350598932   259.109387168238
#[time: 3.32]
  3.327170548   3.327192863   264.863128391771   268.307867490209   268.376800451805   269.413354123695   258.316890868541   258.204107949508
  3.329899382   3.329913156   270.121457726044   268.307867490209   268.797769455729   270.339930418742   260.631943483315   261.757059755751
#[time: 3.33]
  3.334310648   3.334313025   272.953349973494   268.307867490209   273.395945571999   272.631164004552   274.939365314969   272.063243481139
#[time: 3.34]
  3.343215442    3.34323108   272.953349973494   284.391338808691   278.042382789831   274.178695413474   278.693684704218   279.211033155852
#[time: 3.35]
#[time: 3.36]
  3.364065218   3.364102128   272.953349973494   278.440477561447    278.58861530022   283.758114984702   276.296885369157   277.881481952136
#[time: 3.37]
  3.371569006   3.371569006   272.953349973494   278.440477561447   278.365625251088   282.927888910484   278.782425218889    283.10896916389
   3.37760055   3.377626417   272.953349973494   276.800896858876   279.089469949489   282.610982039873   268.625790226108   267.120530893547
  3.378548982   3.378555404   288.371697109386   276.800896858876   277.856690075944   279.879304295575   287.122182331741   282.977196912227
#[time: 3.38]
  3.380444247   3.380447025   279.573539673274   276.800896858876   291.115664233818   284.183763945572   276.556889627888   277.144211993364
  3.389019191   3.389048589   279.573539673274   282.648168409064   282.741073852082   280.606676569017   281.567949493012   282.184313979061
#[time: 3.39]
  3.393588891   3.393590955   284.613630934892   282.648168409064   287.244393746357   289.634798823859   281.803743851274   282.199777502574
#[time: 3.4]
#[time: 3.41]
#[time: 3.42]
  3.422243432   3.422248099   285.028727391306   282.648168409064   285.389996998503   285.055206720558   275.240531353006   274.626474189731
#[time: 3.43]
  3.432581068   3.432595634   285.028727391306    283.88862252047   288.165128272412    287.28953013139   281.529430081846    281.81997700407
#[time: 3.44]
#[time: 3.45]
#[time: 3.46]
  3.461836607   3.461845488   285.569346345988    283.88862252047   286.132408255972   286.039232645337   275.771601526755   275.756619838238
#[time: 3.47]
#[time: 3.48]
  3.480845148   3.480882216   286.098030840534    283.88862252047    285.59731590217    285.50089528804   276.942780755095   279.652405371168
#[time: 3.49]
#[time: 3.5]
  3.505577076   3.505581272   286.098030840534   284.799998801147   291.663459075006   289.872401801433   277.410175207421   277.709696278652
#[time: 3.51]
  3.517324777   3.517348718   285.900306495118   284.799998801147   291.432894221454   290.449728112214   279.265538660393   280.704840797185
#[time: 3.52]
  3.520270167   3.520271158   285.900306495118   289.495533845373   287.381782825368   287.068659178405   278.627775968054   279.195481150929
  3.524134934   3.524153415   280.718342273786   289.495533845373   290.671325880079    291.79888090234   286.698262921041   295.512067538474
   3.52438664   3.524403625   280.718342273786   286.162486550812   285.923863938003   292.426475276484    278.06742529467   277.388774063885
#[time: 3.53]
  3.535657873   3.535670463   280.718342273786   281.989734151851   285.166469873954   287.810148642912   279.114663868228   278.507228242947
  3.539655936   3.539662574   280.718342273786    279.78960990675   286.224938493431   287.199399980335   274.554930095727   275.267403584321
#[time: 3.54]
  3.546254599   3.546275887   280.718342273786   281.400780060244   284.844784249551    284.37025242979   274.151993308763   273.818653617794
  3.548091299   3.548124116   280.718342273786   281.536429831023   284.954916560028   285.279008070888   279.475760594169   279.285369414636
#[time: 3.55]
  3.551177059   3.551182196   280.718342273786   275.712115669318   283.693039902089   284.015052190778   282.327933745349   278.564958925821
#[time: 3.56]
  3.562928394   3.562939132   280.718342273786   293.798937630202   282.508305331591   280.699485654869   286.313747897054   293.153710702845
#[time: 3.57]
  3.574537752   3.574590438   280.718342273786   289.067207219485    288.30206565018   298.062822185976   285.732305525931   290.734660836494
#[time: 3.58]
   3.58169414   3.581715627   280.718342273786   284.048847802819   285.885570304467   287.367515960136   276.344907905975   275.977530461368
  3.587077808    3.58712344   280.718342273786   286.055704187239    284.91512742466   286.545254421998   282.236012231628   279.627137110413
#[time: 3.59]
#[time: 3.6]
#[time: 3.61]
  3.618582624   3.618621504   280.718342273786   272.748008852468   284.655029127757   286.117239523997      289.087681878   278.654180120006
  3.619777227   3.619782978   280.718342273786   279.467103648639   284.605401913758   278.824341950078   280.058042209437   280.066096160752
#[time: 3.62]
#[time: 3.63]
  3.636906634   3.636922099   292.870480458913   279.467103648639   283.739674319145   283.322696867766   292.381575935604   285.025376168414
#[time: 3.64]
  3.642943898   3.642951963   292.870480458913   294.832999200823   291.929669916939   285.931868550002    286.69696436758   284.623389338254
  3.644494419   3.644510907   296.515268727484   294.832999200823   296.110094057218   296.556780035427   287.237353851062   287.859195661791
  3.646359177   3.646360143   296.515268727484    303.20630600599    299.46917590982   298.722115500893   301.413695289684   307.883345252411
  3.647838704   3.647844809   296.515268727484   300.402371894921    302.73236684679   306.321343718414    295.40507004372   293.419472855011
#[time: 3.65]
  3.653508111   3.653517957   309.388071647515   300.402371894921   301.441575473263   303.164641885426   308.844560495924   304.746493708521
   3.65420757   3.654225479   309.388071647515   308.862226405335   309.232835488866   305.665059878739    301.15734362165   301.213537128528
  3.655726377   3.655779054   309.388071647515   310.171290186639   313.397384222964   313.035919940753   301.638262211424   301.533655601538
#[time: 3.66]
  3.663629699   3.663688461   312.872369732664   310.171290186639   313.082251767572   313.318977299831   302.448861831182    303.25424256472
  3.666633006   3.666661453   312.872369732664   312.065511072283   315.507687588856   314.021740474231   303.305383531578   303.843871555813
#[time: 3.67]
  3.672232369   3.672267288   315.184945632623   312.065511072283   312.421375332256   312.424640098242   309.899775037991   310.564407806182
#[time: 3.68]
  3.688331607   3.688337716   314.989756088941   312.065511072283   316.578308506552   315.399158631466    306.44765511847   306.789215803315
#[time: 3.69]
  3.691289409   3.691289698   314.989756088941   316.374817997381   315.109587819902    314.52752046207   311.135009144892   310.893028493596
#[time: 3.7]
  3.707456638   3.707479549   314.989756088941    317.11615745754   322.563490479561   323.477869893436    308.57079896989   307.626164357286
#[time: 3.71]
  3.710269947   3.710291277   314.989756088941   315.741382043356   321.249605806667   322.501456983557   306.443928585048   305.770099767907
#[time: 3.72]
#[time: 3.73]
  3.731450448   3.731485092   314.989756088941   319.793276588983     316.7787981604   316.930487059717    314.98430365339    313.66532725051
  3.735446376   3.735470817   314.989756088941    317.03355162152   317.678899052485    317.84991171292    306.39740308829   306.674740061116
#[time: 3.74]
#[time: 3.75]
  3.752095035   3.752123207   314.989756088941   314.365667506382   317.305825210328   317.745822033795   307.996707923871   308.280703226901
#[time: 3.76]
  3.765675992   3.765737902   317.628428039753   314.365667506382   315.744865030685   315.658968360139   309.766478911919   310.406836646004
#[time: 3.77]
#[time: 3.78]
#[time: 3.79]
  3.794093861   3.794127786   317.230776811524   314.365667506382   320.369177332701   319.117714290749   309.869812846693   311.362924083298
  3.796491147   3.796503125   317.230776811524   299.990036108274   318.357823551444    317.60497760189   320.700970723189   307.556717405871
#[time: 3.8]
  3.806359134   3.806378662   302.850969332395   299.990036108274   318.245740380911   307.051867225029   295.102560282076   297.140609413773
#[time: 3.81]
  3.810998121   3.811008026   302.850969332395   304.800240789707   305.034491486335   303.571345935085   295.748672428305   295.761027241789
  3.819587736   3.819610389   302.850969332395     306.9490722732   307.239398116095   308.072330826557    300.74020540237   298.009120530032
#[time: 3.82]
#[time: 3.83]
  3.833904744   3.833950513   302.850969332395   309.708193853282   307.282826133538   309.899756018262   305.670090207299   304.268362411635
#[time: 3.84]
  3.842044148    3.84204562   317.522079333713   309.708193853282   308.239195556686   311.654558734882   313.518937658544   313.592201923306
#[time: 3.85]
#[time: 3.86]
  3.863323541   3.863326662   317.522079333713   323.345810451992   324.652480310369    315.91746019443   320.864343154873    324.41241827255
#[time: 3.87]
  3.872235584   3.872310985   317.522079333713   320.738394402119   323.460735641539   325.989992844435   310.718396318467   310.368291575434
   3.87666706   3.876689569   317.522079333713   320.161199327394   323.154394352349   324.752037797039   310.468305247056   310.751480186398
  3.877762782   3.877764105   317.522079333713   320.803231218206   320.340988300766   320.776005466306   311.946205904129   311.437379735497
#[time: 3.88]
#[time: 3.89]
   3.89339916   3.893408538   317.522079333713    321.01720257285   319.934935819963   320.336614712344   314.633170870584   313.818682152408
  3.897352146   3.897375889   317.522079333713   314.403837598601   320.699935856909   321.153707686233   324.357012697616    320.96889534566
#[time: 3.9]
#[time: 3.91]
  3.915251969   3.915275045   317.522079333713   322.051300405065   322.346059519243   320.158111953384   319.308532348855   318.941561605565
#[time: 3.92]
   3.92318775   3.923269692   317.522079333713   320.144864502555    320.68591369925   321.375009250198   310.329764513655   310.607015291771
  3.926380813   3.926393696   321.681206512086   320.144864502555   320.082394551115   320.545274490424   317.059083988596   317.251372635432
#[time: 3.93]
   3.93212367   3.932139152   321.681206512086   326.067458190445    320.19564814456   320.320827967221   321.948406455382   320.787432027729
  3.935201256   3.935215768   328.015711549865   326.067458190445   329.162289933181   332.887705081669   324.168470852531   324.536602813546
#[time: 3.94]
  3.948757813    3.94877971   326.790007949779   326.067458190445   330.311954010686   329.697638427682    319.75730914801   319.965683834039
  3.949782477   3.949796082   328.422002164261   326.067458190445   329.029845070297   328.810346966546   326.620727991537   326.807272775654
#[time: 3.95]
#[time: 3.96]
#[time: 3.97]
  3.977145364   3.977273088   328.422002164261   327.013859810213   328.595986889365   328.197085834948   321.688516782711   321.992072179132
#[time: 3.98]
  3.986778552   3.986785141   328.422002164261   323.584851383009   328.755889576147   328.622008873971   335.799794959207   329.565115036236
#[time: 3.99]
#[time: 4]
#[time: 4.01]
#[time: 4.02]
  4.020808872   4.020825694   328.422002164261   329.839388932097    332.79423455044    328.85072380474   328.104224888624   327.794375580992
#[time: 4.03]
  4.035839258   4.035847823    333.31541747791   329.839388932097   328.707528408201   328.642807130587   331.348628066919   331.409938766678
#[time: 4.04]
  4.043080414   4.043120674   331.486649558967   329.839388932097   333.495403312987   332.445797765509   323.726497474086   326.108362494753
  4.043479947   4.043494199   331.486649558967   326.608454992373   334.845241428994   334.060482890958   340.139937049892   333.191618833754
#[time: 4.05]
   4.05919044   4.059209895   328.514768393088   326.608454992373   332.642527303113   331.475935039857    318.95194888121   319.102787600773
#[time: 4.06]
   4.06031799   4.060350296    342.27282809656   326.608454992373   329.680854127702   329.198654047616   339.783016747114   332.404194700038
#[time: 4.07]
  4.079239883   4.079271468   325.325303288731   326.608454992373   345.450106785345   333.883900220518   325.382246229459   325.262507556931
#[time: 4.08]
  4.080820755   4.080837619   327.804800407358   326.608454992373   326.954176224419   327.121824882515   333.483524283855   332.106364672686
  4.088035838   4.088041372   327.804800407358   320.772806305282   329.724099111012   329.293584349226   332.013107091696   324.954134349685
#[time: 4.09]
   4.09963121   4.099668197   327.804800407358   330.552581540826    330.60993544967   326.472455789604   323.109858582522   321.689909582335
#[time: 4.1]
  4.106228865   4.106232588   327.804800407358   337.859108024357   330.850241481285    331.47110279083   332.834321440808   336.614491214954
#[time: 4.11]
  4.112454728   4.112465286   327.804800407358   327.055788406471   334.719707167852   340.472991104791   323.542276115075   323.922353940788
  4.119509989   4.119513398   327.804800407358   330.179098769015   329.138574440596   329.001463790394   325.852284738561   324.601703787367
#[time: 4.12]
  4.121876019   4.121887043   322.149390499285   330.179098769015   330.582851082197   331.077100165363   328.245091280142   336.650022479943
#[time: 4.13]
  4.135865324   4.135881753   333.544099331898   330.179098769015   327.491957212994   332.015820952357   326.349527887443   327.630471638135
#[time: 4.14]
#[time: 4.15]
#[time: 4.16]
#[time: 4.17]
#[time: 4.18]
#[time: 4.19]
  4.194119129   4.194127818   330.995403698859   330.179098769015    338.17635464341   336.019883334125   325.693929116603   325.886857135743
  4.196492532   4.196523078   330.995403698859   334.209558566756   336.279703692604   335.664678543979   331.130244818007   329.985009460299
#[time: 4.2]
#[time: 4.21]
#[time: 4.22]
#[time: 4.23]
  4.234507676   4.234511987   336.042600187769   334.209558566756   334.514001504422   335.192702807538   326.468326516786   326.071975569591
#[time: 4.24]
  4.246964537   4.246968789   336.042600187769   335.142254821465   341.151709433157    339.91308653224    328.11787688792   328.192881473238
#[time: 4.25]
  4.250924639   4.250959909   336.042600187769   330.657519470426   338.155980812721   337.910982839475   343.786672527837   336.049169316602
  4.252002008   4.252034085   335.612175261204   330.657519470426    334.01179638321   333.663111410006   336.975627786084   335.228152380312
  4.255254765    4.25528649   329.839174366379   330.657519470426   341.120027331777   336.688216584818   322.461854863315   322.458081010116
  4.255577098   4.255608004   332.703330738407   330.657519470426   333.591973161983   333.927248631704   325.732223949596   327.036893605313
  4.255948305   4.255977046   332.703330738407    335.16544782344   334.105329910666   333.035740479759   331.739167390511   329.890731988671
  4.258347558   4.258353452   351.129005659145    335.16544782344   336.665460304931   337.876140889538   346.850434016922   341.591757113415
#[time: 4.26]
  4.264389679   4.264397619   351.129005659145   352.741901263045   351.175416001894   341.747315612989   346.508955056835   345.730919343007
  4.266323503   4.266335837   351.129005659145   353.496976322146   351.091096921561   350.961633737781   346.892379218259   345.735083922948
#[time: 4.27]
#[time: 4.28]
  4.280615004   4.280646264   352.437895749405   353.496976322146   352.239463782122   352.218438468845   354.801966825187   355.323713407248
  4.288020004   4.288039944   361.973145538023   353.496976322146    357.22945704123   357.836482349826   359.459066176489    357.83775735838
#[time: 4.29]
  4.291102575   4.291147639   361.973145538023    360.84702751875   362.405743316405   358.632316385262   351.933879034075   351.699516401586
#[time: 4.3]
#[time: 4.31]
  4.311811873   4.311820644   361.973145538023   360.683823989142   364.316449428565   363.989186066044     356.9530718917   357.193247291384
  4.314158624   4.314187944   361.973145538023    357.85862022146   365.700151249389   365.048774006326   370.806824329995   363.709409193629
  4.316345374   4.316351405   361.973145538023   366.829789734763   367.201194372819   364.046629834396   364.464786737991   364.524811869256
#[time: 4.32]
#[time: 4.33]
  4.332647202   4.332682104   367.732382584178   366.829789734763   366.221012763622   367.798554341681   367.519498967399   367.493748923848
#[time: 4.34]
  4.348596608   4.348611087   368.799338303257   366.829789734763   367.482624946661   367.457051545779   370.316803670266   369.687567581568
#[time: 4.35]
#[time: 4.36]
#[time: 4.37]
#[time: 4.38]
#[time: 4.39]
  4.395000937   4.395090417   374.033959125784   366.829789734763   374.427160937734   372.833174205392   370.765209892482   370.554387447136
  4.398191909   4.398242969   374.033959125784   379.249117826915   371.418801743314   370.787938372441   373.214265010132   371.812958144193
#[time: 4.4]
#[time: 4.41]
  4.414067395   4.414068923   374.033959125784   376.579374376499    378.88559497389   381.340629465431   369.229190894892   367.535027338654
#[time: 4.42]
#[time: 4.43]
  4.431358508   4.431368324   374.033959125784   368.706920164268    374.74552538671   374.574746188992   383.610117276368   376.890156993455
#[time: 4.44]
  4.449452253    4.44948526   372.162446238715   368.706920164268    378.77256412094   374.959489161479    374.53713419834   372.854451477174
#[time: 4.45]
   4.45388641   4.453927328   372.162446238715   375.367737936543   372.488747749453   371.786902763517   364.645773826063   365.147196461939
  4.454102924   4.454130009   372.162446238715   373.743643320079   377.249456966075   379.025509447096   369.510346541126   368.386069263152
  4.455165333   4.455172269   374.566036318759   373.743643320079   373.715626916705   373.903640375751   371.940738388678   372.366438335759
#[time: 4.46]
  4.460912163   4.460944613   372.158710143665   373.743643320079   376.972194481582   376.565790734812   373.516181970692   373.573454086125
  4.463941427   4.463942403   377.489712488737   373.743643320079   377.687125294257   378.815579035434    371.97290892152   373.471498925661
#[time: 4.47]
#[time: 4.48]
  4.480786961   4.480803526   377.489712488737   378.783015796035   379.530832910999   378.230832387633   369.764600524424   369.315671182801
  4.487459411   4.487459538   377.489712488737   382.688106046638   382.078241379428   383.226885720666   381.600889128456   384.226793955379
#[time: 4.49]
  4.493196416   4.493216475   379.374762620277   382.688106046638   383.822451610549   387.855826551358   387.612030481979   390.967710876939
#[time: 4.5]
#[time: 4.51]
  4.516773007   4.516817637   385.735530002604   382.688106046638   383.166826400178   384.133790217247   380.831004321247   381.536418726788
#[time: 4.52]
#[time: 4.53]
  4.533520069    4.53352007   385.735530002604   382.807989786902   388.204805310998   387.237740122836   387.534270337955   386.617326975815
#[time: 4.54]
#[time: 4.55]
  4.556597409   4.556606947   385.735530002604   387.193561081198    383.33300302319   383.535460410603   379.015722078903   379.072604400295
#[time: 4.56]
   4.56240835   4.562430035   387.781738119222   387.193561081198   392.922858158263   393.966142086608   378.503533144118   378.401708092216
#[time: 4.57]
  4.573819269   4.573868541   390.589840465948   387.193561081198   389.520465622086   389.387608763108    381.04378116062   382.378956908781
  4.575495961   4.575515314   388.492825488417   387.193561081198   391.830383515196   390.763714945093   384.836617674326   385.437445606384
#[time: 4.58]
  4.581020698   4.581062368   388.301651827701   387.193561081198   394.008436149285   393.257615315328   379.562856600505   379.796001982882
  4.585167814   4.585201582   388.301651827701   387.321759095474   392.774978437405   391.868080884802   380.143131445358   380.073405080942
#[time: 4.59]
   4.59971718   4.599721806   394.614420513911   387.321759095474   389.235558502874   389.112895565428   389.487536632605   391.108558009737
#[time: 4.6]
#[time: 4.61]
#[time: 4.62]
#[time: 4.63]
#[time: 4.64]
  4.644657311   4.644667764   390.374932911362   387.321759095474   401.983144329282   396.065989864176   386.352421713494   388.147005771496
#[time: 4.65]
#[time: 4.66]
#[time: 4.67]
  4.670767362   4.670769282   390.374932911362   400.857608928468   393.639050185623   391.295827191395    394.35070215703   399.551674302521
  4.673985307   4.673987091   399.463498650941   400.857608928468   396.453587656468   403.117048933824   404.860967964307   407.591814719188
#[time: 4.68]
#[time: 4.69]
  4.691046269   4.691055146    409.04710722357   400.857608928468   401.777197648944   402.137114469965   408.937940195704   405.027301770727
#[time: 4.7]
#[time: 4.71]
#[time: 4.72]
   4.72379975    4.72384977    409.04710722357   410.289433447454    410.54696488282   406.014434744794   403.681793773829   403.393439895811
#[time: 4.73]
  4.731286547    4.73132003    409.04710722357   407.295213374262   415.151749863273   415.848366241849    405.83200668345   406.428444064308
#[time: 4.74]
  4.745266231   4.745279537    409.04710722357   411.068833477151     411.6933155319   410.984091727125   407.249161621643   405.465887232334
  4.747926753   4.747940561    409.04710722357   412.372368532936   412.414855919691   413.398399828205   405.190732579636   404.443400043578
#[time: 4.75]
#[time: 4.76]
  4.764583962   4.764588632    409.04710722357   416.151244790503   412.192589824966   412.752654768327    412.24110217227   409.872476748535
#[time: 4.77]
#[time: 4.78]
#[time: 4.79]
  4.797188328   4.797189699   417.696091023974   416.151244790503   414.742520849828   418.628232296369    415.85206494041   416.028652713095
  4.798419565    4.79841997   417.696091023974   418.426255588482   420.103603953214   419.372893222999   426.357797410808   427.334020920663
#[time: 4.8]
  4.804665127   4.804688886   417.696091023974   422.569873369168   418.198755474803   418.222235990191   421.504277242155   424.846851373312
#[time: 4.81]
#[time: 4.82]
#[time: 4.83]
#[time: 4.84]
#[time: 4.85]
#[time: 4.86]
  4.860857807   4.860877038   417.696091023974    419.12815849982   424.481857605992   427.556042879916   409.756212595726   409.422062834246
  4.866968645   4.866975661   421.123087107982    419.12815849982   423.678352235046   424.597137765314    411.17901747814   412.054102184965
#[time: 4.87]
    4.8735585   4.873610787   421.123087107982   423.920434895356   421.514552291595   421.126249330898   415.222009209047   413.715590557112
  4.877051132   4.877091272    425.28762222122   423.920434895356   426.980609944273   429.016411364756   418.624352246212   419.474938665645
#[time: 4.88]
  4.888428295   4.888446249   433.937729593901   423.920434895356   428.513717689177   427.829612371415    429.47235249454   428.970638127174
  4.888471126   4.888518838   428.976195044093   423.920434895356   436.269553397161   431.182684302716   426.627299578742   426.480282819132
#[time: 4.89]
#[time: 4.9]
#[time: 4.91]
  4.913978904   4.913996444   428.976195044093   430.017945764548   427.678162742019   427.134268125163   421.627944214527   421.629644083299
#[time: 4.92]
#[time: 4.93]
#[time: 4.94]
#[time: 4.95]
  4.950699933   4.950735601   427.269319962328   430.017945764548   431.347692838019   431.526128811688   432.013453603544   433.452503884684
  4.958892704   4.958927122   433.838131262386   430.017945764548   433.659344004729    435.98218136742   427.287728958383   427.912374852771
#[time: 4.96]
  4.963957688   4.963999816   429.464662353371   430.017945764548    439.22254242911   435.013266661938   433.383403837238   433.693812909531
   4.96564562   4.965647351   430.763219522748   430.017945764548    437.54349124178   438.184401134865   430.823449197581   430.776929674199
  4.966601536    4.96662879   432.313030318361   430.017945764548   435.475279303869   434.814023504405   426.739959894453   427.844828205411
#[time: 4.97]
  4.976731755   4.976732491   432.313030318361   455.309783376959   436.151563350052   434.347005240824   440.369925566223   453.474403459982
  4.979426495   4.979483311   432.313030318361   433.409329675496   442.268106327907   455.332538036096   435.814033518332   436.251790480139
#[time: 4.98]
  4.985363433   4.985384261   432.313030318361    437.87976633669    435.73707404893   436.396286345455   432.434759222289   430.474681252097
#[time: 4.99]
  4.999499447   4.999561522   434.521142417488    437.87976633669   438.003343520396   440.347814537504   442.582699313746   447.344866136602
