#********mc_data: L-8.0, k_b-3000000.0, dt-1e-10********


#init L		 init nma	 init fma	 state		 final L	 final nma	 final fma	 step length	 t
8.000000	4.189419	4.213742	FARBOUND	-10.521100	3.203240	3.465100	-2.521100	0.001804
8.000000	4.189419	4.213742	NEARBOUND	8.593990	1.510450	0.940589	0.593990	0.000723
8.000000	3.772376	3.699160	NEARBOUND	-7.262140	2.577740	2.897120	-15.262140	0.000161
8.000000	4.303570	4.126557	NEARBOUND	-7.832150	3.000790	3.608940	-15.832150	0.004838
8.000000	4.484730	4.016130	FARBOUND	-4.840580	2.795550	3.149400	3.159420	0.000028
8.000000	4.484730	4.016130	NEARBOUND	-2.987550	1.876230	1.802660	-10.987550	0.001276
8.000000	4.418446	3.988480	NEARBOUND	-10.885200	3.205750	3.566380	-18.885200	0.000417
8.000000	4.024786	4.326905	FARBOUND	-4.793690	3.244680	3.560110	3.206310	0.000387
8.000000	4.606262	4.207754	FARBOUND	-7.206710	3.241000	3.472340	0.793290	0.000236
8.000000	4.735512	4.336725	NEARBOUND	-11.665200	2.270730	2.719180	-19.665200	0.003054
8.000000	4.511020	4.438265	FARBOUND	8.925900	1.783440	1.412900	16.925900	0.001601
8.000000	4.183389	3.857880	FARBOUND	-11.039100	2.627830	2.624260	-3.039100	0.004549
8.000000	4.357445	4.030669	FARBOUND	-5.220930	2.911860	3.245160	2.779070	0.001725
8.000000	4.267225	4.150164	NEARBOUND	-3.954420	3.061480	3.221670	-11.954420	0.000745
8.000000	4.132845	3.964493	FARBOUND	0.521949	2.799550	2.822710	8.521949	0.001412
8.000000	4.132845	3.964493	NEARBOUND	-32.908700	2.201570	1.754520	-40.908700	0.004452
8.000000	4.636950	4.330976	FARBOUND	-19.606800	2.720750	3.034410	-11.606800	0.001199
8.000000	4.021525	4.186316	NEARBOUND	14.178300	1.889950	1.281000	6.178300	0.000001
8.000000	4.374657	3.853387	NEARBOUND	-18.457200	2.470870	2.614110	-26.457200	0.002701
8.000000	4.491724	3.757005	NEARBOUND	-8.038700	2.055420	2.146680	-16.038700	0.002534
8.000000	4.241640	3.872462	NEARBOUND	-7.901250	2.397870	2.622250	-15.901250	0.003050
8.000000	4.190025	3.792223	NEARBOUND	-6.282330	2.986300	3.358870	-14.282330	0.002822
8.000000	4.335713	3.770345	NEARBOUND	-6.640260	2.740980	3.005360	-14.640260	0.001521
8.000000	4.291771	3.775866	FARBOUND	-0.663357	2.921860	2.962570	7.336643	0.003304
8.000000	4.291771	3.775866	NEARBOUND	-3.971070	3.380460	3.546250	-11.971070	0.002784
8.000000	4.312235	4.346146	FARBOUND	4.259720	1.744810	1.574410	12.259720	0.000063
8.000000	4.270886	4.148971	FARBOUND	-8.592510	3.202380	3.307810	-0.592510	0.000252
8.000000	4.571671	3.973952	FARBOUND	-7.499930	2.701680	3.170880	0.500070	0.012796
8.000000	4.137349	3.948314	FARBOUND	-10.379300	2.283810	2.117070	-2.379300	0.000263
8.000000	4.252907	4.484652	NEARBOUND	-9.225450	3.250870	3.752940	-17.225450	0.000508
8.000000	4.332195	4.459606	NEARBOUND	-8.594500	2.595150	2.740130	-16.594500	0.001120
8.000000	4.498788	4.272299	NEARBOUND	-1.285730	3.374010	3.457670	-9.285730	0.000459
8.000000	4.761490	4.298716	NEARBOUND	-2.061780	2.993850	3.171210	-10.061780	0.006091
8.000000	4.009935	4.129859	NEARBOUND	-3.079200	2.314980	2.318430	-11.079200	0.001889
8.000000	3.794128	3.809081	NEARBOUND	12.272100	1.845910	1.316500	4.272100	0.002539
8.000000	4.207709	4.343098	FARBOUND	-6.030630	3.216940	3.627350	1.969370	0.000323
8.000000	4.482199	4.268318	NEARBOUND	-9.873610	2.646070	2.875480	-17.873610	0.002825
8.000000	4.395209	4.375877	NEARBOUND	3.828930	1.684080	1.525530	-4.171070	0.000256
8.000000	4.081878	3.922133	NEARBOUND	-9.413160	2.396250	2.521710	-17.413160	0.001061
8.000000	3.731070	3.438324	FARBOUND	-4.574930	2.808530	3.058330	3.425070	0.001428
8.000000	4.228990	4.204442	NEARBOUND	-4.237330	2.795370	3.090170	-12.237330	0.007961
8.000000	4.388230	3.922868	FARBOUND	-7.723030	2.837860	3.123800	0.276970	0.000396
8.000000	4.388230	3.922868	NEARBOUND	-8.037570	3.179060	3.536140	-16.037570	0.000038
8.000000	4.304699	4.052053	FARBOUND	-13.597500	2.273500	2.463780	-5.597500	0.000361
8.000000	4.088384	4.034108	NEARBOUND	-8.739550	2.712990	2.988520	-16.739550	0.000187
8.000000	3.979643	4.147722	NEARBOUND	0.897136	2.056710	2.051150	-7.102864	0.000429
8.000000	4.210753	4.007189	FARBOUND	-5.464080	3.209310	3.489710	2.535920	0.000835
8.000000	4.288678	4.258789	FARBOUND	2.173840	1.778060	1.716260	10.173840	0.003924
8.000000	4.288678	4.258789	NEARBOUND	-6.368880	3.390740	3.655050	-14.368880	0.002626
8.000000	4.141333	4.044414	NEARBOUND	-9.500550	3.127390	3.626680	-17.500550	0.000791
8.000000	4.073767	4.025983	NEARBOUND	-20.128800	2.324440	2.207260	-28.128800	0.000531
8.000000	4.066004	3.956817	FARBOUND	-17.868100	2.465020	2.420980	-9.868100	0.000468
8.000000	4.066004	3.956817	NEARBOUND	-23.499200	2.108560	1.911170	-31.499200	0.001883
8.000000	4.885695	4.513338	FARBOUND	-4.251370	2.643720	2.916170	3.748630	0.003003
8.000000	4.202856	3.693128	FARBOUND	-12.180700	2.264900	2.247350	-4.180700	0.001779
8.000000	4.202856	3.693128	NEARBOUND	-7.263330	2.728380	2.859920	-15.263330	0.000071
8.000000	4.657129	4.241639	NEARBOUND	-16.572700	2.652800	2.585130	-24.572700	0.001749
8.000000	4.406092	3.902456	FARBOUND	-6.936180	2.460420	2.664230	1.063820	0.000638
8.000000	4.044472	3.832875	FARBOUND	8.684000	1.731870	1.294060	16.684000	0.000043
8.000000	4.370910	3.976551	FARBOUND	-13.989300	2.460280	2.371200	-5.989300	0.001047
8.000000	4.370910	3.976551	NEARBOUND	3.915910	2.387690	2.513180	-4.084090	0.002178
8.000000	4.218885	3.761279	FARBOUND	-2.985550	3.314650	3.523310	5.014450	0.000799
8.000000	4.235907	4.358320	NEARBOUND	-6.241250	2.865330	3.342030	-14.241250	0.000582
8.000000	4.551926	3.866449	FARBOUND	-3.893790	3.251590	3.367850	4.106210	0.000042
8.000000	4.541786	4.459009	NEARBOUND	-20.867200	2.455630	2.248460	-28.867200	0.000199
8.000000	4.514681	4.172196	FARBOUND	-6.762120	3.061620	3.501050	1.237880	0.000922
8.000000	4.381494	3.741686	NEARBOUND	-2.504240	3.059810	3.148580	-10.504240	0.004467
8.000000	4.295673	4.021018	FARBOUND	-2.837330	3.040630	3.157290	5.162670	0.000939
8.000000	4.295673	4.021018	NEARBOUND	5.122950	1.297430	0.948997	-2.877050	0.000549
8.000000	4.200134	4.305558	NEARBOUND	-3.405470	2.891670	3.111630	-11.405470	0.000329
8.000000	4.516692	4.562267	NEARBOUND	-11.530000	2.282100	2.613670	-19.530000	0.000252
8.000000	4.363145	4.232928	NEARBOUND	-12.793800	1.961600	2.046730	-20.793800	0.000691
8.000000	4.364095	4.150671	NEARBOUND	-25.939500	2.346700	2.459660	-33.939500	0.000211
8.000000	4.482843	4.139358	FARBOUND	-14.304800	2.085650	2.196040	-6.304800	0.002444
8.000000	4.389789	4.191057	NEARBOUND	-8.065290	2.258520	2.572100	-16.065290	0.001674
8.000000	4.107796	4.207704	FARBOUND	0.805845	1.781230	1.759030	8.805845	0.000526
8.000000	4.107796	4.207704	NEARBOUND	-9.772170	3.077820	3.318310	-17.772170	0.007869
8.000000	4.212364	3.734807	NEARBOUND	-9.603030	2.493520	2.747690	-17.603030	0.000850
8.000000	4.549924	4.047448	FARBOUND	0.084388	2.455950	2.464650	8.084388	0.000962
8.000000	4.549924	4.047448	NEARBOUND	-2.869360	3.075410	3.366590	-10.869360	0.001003
8.000000	4.666586	4.233907	FARBOUND	-6.611390	2.556520	2.880450	1.388610	0.002958
8.000000	4.666586	4.233907	NEARBOUND	-10.266400	2.767910	3.113560	-18.266400	0.000221
8.000000	3.876782	4.144899	FARBOUND	-4.235510	3.053790	3.310760	3.764490	0.002521
8.000000	4.158556	3.667758	NEARBOUND	1.675730	3.299150	3.431420	-6.324270	0.002453
8.000000	3.829515	3.990315	NEARBOUND	-23.749200	2.373910	2.515430	-31.749200	0.004070
8.000000	3.877457	3.793085	NEARBOUND	-7.361590	2.397720	2.890890	-15.361590	0.002574
8.000000	4.083983	4.142226	NEARBOUND	-0.994214	2.905590	3.003410	-8.994214	0.000156
8.000000	4.791853	4.700189	NEARBOUND	-2.001100	2.730500	2.933160	-10.001100	0.003726
8.000000	4.142669	3.700991	NEARBOUND	-4.144020	3.200140	3.399890	-12.144020	0.001191
8.000000	4.230254	3.763872	NEARBOUND	-9.577700	2.746630	3.007930	-17.577700	0.000441
8.000000	4.359805	4.178282	FARBOUND	-4.186980	2.793370	3.007680	3.813020	0.004278
8.000000	4.359805	4.178282	NEARBOUND	17.878600	1.954480	1.245090	9.878600	0.002275
8.000000	4.332880	4.265308	NEARBOUND	-2.220790	3.060270	3.331030	-10.220790	0.000572
8.000000	4.334383	3.710658	FARBOUND	-8.338810	2.574430	2.705160	-0.338810	0.003332
8.000000	4.471624	4.710572	NEARBOUND	-5.847180	2.460930	2.687230	-13.847180	0.000865
8.000000	4.602164	4.330112	FARBOUND	-11.877800	2.910670	3.283730	-3.877800	0.000309
8.000000	4.235010	3.572425	NEARBOUND	-0.413913	3.156370	3.177850	-8.413913	0.006390
8.000000	3.688024	3.714591	FARBOUND	-7.463390	2.996700	3.437350	0.536610	0.001708
8.000000	4.423931	4.119726	FARBOUND	5.972410	1.424540	1.097190	13.972410	0.001240
8.000000	4.201950	3.729291	FARBOUND	-21.766300	2.136560	1.892810	-13.766300	0.000962
8.000000	4.201950	3.729291	NEARBOUND	-6.803680	3.222680	3.652890	-14.803680	0.000323
8.000000	4.035126	4.101408	FARBOUND	-1.255420	3.203560	3.292080	6.744580	0.001313
8.000000	4.035126	4.101408	NEARBOUND	-5.365620	3.154910	3.246730	-13.365620	0.000118
8.000000	4.500045	4.001183	FARBOUND	-14.600200	2.938420	3.253440	-6.600200	0.003568
8.000000	4.528161	3.931586	NEARBOUND	9.717590	1.718130	1.237040	1.717590	0.000038
8.000000	4.307222	4.009973	NEARBOUND	-3.526280	3.062570	3.256570	-11.526280	0.002380
8.000000	3.768508	3.885516	NEARBOUND	-12.252200	2.940150	3.174600	-20.252200	0.001903
8.000000	4.700538	4.427667	FARBOUND	-0.257203	2.471340	2.478710	7.742797	0.002885
8.000000	4.700538	4.427667	NEARBOUND	-4.287320	2.172810	2.563140	-12.287320	0.002392
8.000000	3.947041	3.918831	FARBOUND	9.589120	1.596740	1.141970	17.589120	0.001909
8.000000	3.957823	4.190257	NEARBOUND	-17.397300	2.453880	2.489820	-25.397300	0.000084
8.000000	4.591435	3.979503	FARBOUND	-11.423300	3.119200	3.644300	-3.423300	0.000454
8.000000	4.741919	4.133645	NEARBOUND	-15.718000	2.269030	2.510520	-23.718000	0.003226
8.000000	4.327259	3.996123	NEARBOUND	8.754260	1.525970	1.009920	0.754260	0.000346
8.000000	4.594517	4.174908	NEARBOUND	-5.442240	2.940360	3.031890	-13.442240	0.000314
8.000000	4.228937	3.864912	FARBOUND	-6.936540	2.857130	2.976450	1.063460	0.002208
8.000000	4.128115	4.288996	FARBOUND	-10.871800	2.340920	2.533630	-2.871800	0.001397
8.000000	4.528543	4.193350	NEARBOUND	-10.212500	2.949560	3.593100	-18.212500	0.000845
8.000000	4.562654	4.200003	FARBOUND	-0.710108	3.158840	3.245460	7.289892	0.000372
8.000000	4.380105	3.696118	FARBOUND	-2.621020	2.032590	1.995960	5.378980	0.000670
8.000000	3.985806	3.423994	FARBOUND	11.572000	1.714030	1.109820	19.572000	0.005547
8.000000	4.309743	3.729924	NEARBOUND	1.785240	1.624460	1.549450	-6.214760	0.002323
8.000000	4.528450	4.101863	NEARBOUND	-6.018980	3.154920	3.364890	-14.018980	0.003024
8.000000	4.091755	3.804847	FARBOUND	2.521320	2.438280	2.482390	10.521320	0.000727
8.000000	4.606828	4.563495	NEARBOUND	-6.080650	2.336530	2.439610	-14.080650	0.001195
8.000000	3.957865	3.995207	NEARBOUND	-6.593770	3.152870	3.557100	-14.593770	0.000567
8.000000	4.248140	4.173057	NEARBOUND	-2.959130	3.106990	3.244860	-10.959130	0.000491
8.000000	4.255180	3.881676	FARBOUND	3.635960	1.164120	0.917303	11.635960	0.001423
8.000000	4.466095	4.487238	NEARBOUND	23.026400	2.094960	1.047540	15.026400	0.000561
8.000000	4.453765	4.199081	FARBOUND	-8.487640	2.835520	3.335210	-0.487640	0.001101
8.000000	4.506060	4.059721	FARBOUND	-12.917600	2.269500	2.299010	-4.917600	0.001647
8.000000	4.502237	3.903501	NEARBOUND	-4.175400	2.764860	2.919900	-12.175400	0.000357
8.000000	3.910313	3.994803	NEARBOUND	-9.755130	2.548110	2.896140	-17.755130	0.000640
8.000000	4.043467	3.954838	NEARBOUND	-2.768920	3.257180	3.411290	-10.768920	0.001030
8.000000	4.482883	3.805320	NEARBOUND	-8.123550	2.603930	2.763420	-16.123550	0.004468
8.000000	4.028072	4.475186	FARBOUND	-3.822260	3.006150	3.374700	4.177740	0.000359
8.000000	4.165924	4.441142	FARBOUND	-17.354300	2.456000	2.495510	-9.354300	0.002455
8.000000	4.638997	4.142519	NEARBOUND	-2.332720	2.717000	2.863600	-10.332720	0.000614
8.000000	4.160727	4.179802	FARBOUND	-2.033930	2.527950	2.572020	5.966070	0.001447
8.000000	4.315306	4.435705	NEARBOUND	-4.733470	2.093320	2.123030	-12.733470	0.000430
8.000000	4.666940	4.383203	FARBOUND	-4.935320	2.553400	2.808910	3.064680	0.001265
8.000000	4.189392	4.147591	FARBOUND	-6.117430	2.944630	3.194450	1.882570	0.001081
8.000000	4.101420	4.245527	FARBOUND	-11.742800	2.484420	2.724600	-3.742800	0.000744
8.000000	4.101420	4.245527	NEARBOUND	-18.824200	2.366230	2.206150	-26.824200	0.001146
8.000000	4.452032	4.194624	FARBOUND	-6.043330	2.918680	3.256680	1.956670	0.000500
8.000000	4.366754	4.213228	NEARBOUND	-3.292080	3.008340	3.198340	-11.292080	0.009483
8.000000	4.561209	3.857225	NEARBOUND	-8.279900	2.717220	2.804160	-16.279900	0.000000
8.000000	4.226465	4.132296	FARBOUND	-1.896020	1.880510	1.834630	6.103980	0.000216
8.000000	4.226465	4.132296	NEARBOUND	-7.259720	3.272000	3.648580	-15.259720	0.000876
8.000000	4.662914	4.338656	FARBOUND	11.484800	1.928640	1.530860	19.484800	0.000299
8.000000	4.585778	4.527951	FARBOUND	-6.425740	2.358430	2.342990	1.574260	0.000282
8.000000	4.512162	4.136595	FARBOUND	-5.797290	2.750330	3.168880	2.202710	0.001796
8.000000	4.010544	3.942286	FARBOUND	-5.326160	2.326480	2.776850	2.673840	0.000026
8.000000	4.505589	3.874537	FARBOUND	-2.824140	2.697220	2.882410	5.175860	0.002775
8.000000	4.358516	4.302784	NEARBOUND	-3.960010	3.124880	3.381080	-11.960010	0.001460
8.000000	4.760784	4.289826	FARBOUND	-12.853400	2.320270	2.633830	-4.853400	0.003279
8.000000	3.962957	3.975668	NEARBOUND	-2.721960	2.964890	3.076250	-10.721960	0.000043
8.000000	4.803466	4.594725	FARBOUND	-7.655620	2.584870	2.658740	0.344380	0.002856
8.000000	4.559553	4.321114	FARBOUND	-4.450520	2.435750	2.823110	3.549480	0.000934
8.000000	4.559553	4.321114	NEARBOUND	-4.307440	2.602380	2.765090	-12.307440	0.000040
8.000000	4.343731	3.838711	FARBOUND	-4.792850	2.776410	2.939620	3.207150	0.000746
8.000000	4.343731	3.838711	NEARBOUND	-4.157440	2.655480	2.781830	-12.157440	0.000772
8.000000	4.214761	4.057847	FARBOUND	23.589100	2.202850	1.377870	31.589100	0.001580
8.000000	4.214761	4.057847	NEARBOUND	-2.094070	2.403420	2.432050	-10.094070	0.002744
8.000000	3.852981	4.164589	FARBOUND	1.003680	2.542630	2.554450	9.003680	0.001208
8.000000	4.277569	4.074052	NEARBOUND	5.575180	1.078540	0.636092	-2.424820	0.000919
8.000000	4.269408	4.055733	FARBOUND	-6.771690	2.782590	2.821880	1.228310	0.001783
8.000000	4.269408	4.055733	NEARBOUND	-5.088450	2.439870	2.604310	-13.088450	0.000085
8.000000	4.196503	4.113648	FARBOUND	-5.414940	2.980200	3.314170	2.585060	0.000095
8.000000	4.196503	4.113648	NEARBOUND	-11.221800	2.430730	2.596750	-19.221800	0.000916
8.000000	4.220506	4.220624	NEARBOUND	-6.394760	2.887270	3.089620	-14.394760	0.000075
8.000000	4.267800	4.101461	FARBOUND	-9.533020	3.263190	3.741360	-1.533020	0.001236
8.000000	4.564816	3.984583	FARBOUND	4.573240	1.115000	0.806856	12.573240	0.001101
8.000000	4.564816	3.984583	NEARBOUND	-7.722010	3.380640	3.693410	-15.722010	0.001172
8.000000	4.153912	4.137384	NEARBOUND	-12.114100	2.868620	3.228940	-20.114100	0.001406
8.000000	3.447944	3.925984	FARBOUND	8.098970	1.348740	0.870436	16.098970	0.000660
8.000000	3.906218	3.851370	FARBOUND	-5.002420	2.392250	2.553040	2.997580	0.001456
8.000000	4.815965	4.513150	NEARBOUND	-4.809780	2.981140	3.476620	-12.809780	0.000589
8.000000	3.950425	4.451443	NEARBOUND	-4.294790	2.641250	2.770050	-12.294790	0.001008
8.000000	4.170041	4.015541	FARBOUND	-9.672700	2.403550	2.912890	-1.672700	0.001915
8.000000	4.170041	4.015541	NEARBOUND	1.294740	2.955210	3.045250	-6.705260	0.001289
8.000000	4.275732	4.232027	FARBOUND	-12.301700	2.453970	2.953790	-4.301700	0.001074
8.000000	4.275732	4.232027	NEARBOUND	-13.473100	2.634210	2.761800	-21.473100	0.000623
8.000000	4.396654	3.899735	FARBOUND	-2.041260	3.047860	3.184970	5.958740	0.001888
8.000000	4.130706	3.797495	NEARBOUND	-8.403250	2.224040	2.264420	-16.403250	0.000182
8.000000	4.118014	4.340788	FARBOUND	-13.903400	2.174340	1.856560	-5.903400	0.000585
8.000000	4.483556	4.014542	FARBOUND	-7.822490	2.302440	2.550530	0.177510	0.000822
8.000000	4.483556	4.014542	NEARBOUND	0.178956	3.298780	3.309130	-7.821044	0.000919
8.000000	4.171093	3.772918	FARBOUND	3.658210	2.570740	2.599690	11.658210	0.005426
8.000000	4.121823	3.872303	FARBOUND	-11.868500	2.388940	2.496070	-3.868500	0.002065
8.000000	4.121823	3.872303	NEARBOUND	-3.808690	3.060720	3.258960	-11.808690	0.000852
8.000000	4.045172	3.892085	FARBOUND	-6.763350	2.320740	2.334840	1.236650	0.000742
8.000000	4.023001	3.923103	FARBOUND	-3.903790	2.997030	3.230980	4.096210	0.004275
8.000000	4.023001	3.923103	NEARBOUND	-3.098940	2.097980	2.080440	-11.098940	0.001200
8.000000	4.107157	3.741151	FARBOUND	-12.454200	2.333700	2.621600	-4.454200	0.003188
8.000000	4.197955	3.855852	FARBOUND	-6.340160	2.990030	3.496210	1.659840	0.000303
8.000000	4.197955	3.855852	NEARBOUND	21.651900	2.081160	1.187350	13.651900	0.000812
8.000000	4.202659	4.125647	NEARBOUND	-15.297400	2.709320	3.066280	-23.297400	0.002869
8.000000	3.822805	4.209298	NEARBOUND	-14.388700	2.680790	2.881860	-22.388700	0.000738
8.000000	4.400729	4.161290	FARBOUND	-22.212000	2.083600	1.836890	-14.212000	0.000282
8.000000	4.400729	4.161290	NEARBOUND	-12.367400	2.211560	2.119100	-20.367400	0.003127
8.000000	4.108834	4.011474	FARBOUND	-20.445500	1.816350	1.765730	-12.445500	0.000177
8.000000	4.059032	4.214234	NEARBOUND	-6.471200	2.022620	2.484510	-14.471200	0.004923
8.000000	4.706446	4.167101	NEARBOUND	-9.112140	2.108220	2.496080	-17.112140	0.001236
8.000000	4.580468	4.260716	FARBOUND	-17.732300	2.453630	2.490360	-9.732300	0.000232
8.000000	4.580468	4.260716	NEARBOUND	-5.009510	2.389590	2.505640	-13.009510	0.002078
8.000000	4.356034	3.890781	FARBOUND	-13.883500	2.951140	3.311520	-5.883500	0.000233
8.000000	4.568449	4.115415	FARBOUND	-5.570280	2.186350	2.148720	2.429720	0.000002
8.000000	4.568449	4.115415	NEARBOUND	-8.025290	2.398020	2.790240	-16.025290	0.004228
8.000000	4.198622	3.639536	FARBOUND	-21.009600	2.232510	1.915650	-13.009600	0.002590
8.000000	4.198622	3.639536	NEARBOUND	-21.635900	2.330790	2.023140	-29.635900	0.001034
8.000000	4.484032	4.173525	NEARBOUND	5.941580	1.937900	1.908960	-2.058420	0.000170
8.000000	4.238605	4.249098	NEARBOUND	-5.250630	2.979210	3.209410	-13.250630	0.001900
8.000000	3.837203	4.251255	NEARBOUND	-13.033100	2.277850	2.582700	-21.033100	0.000196
8.000000	4.098626	4.030394	FARBOUND	-7.784510	3.124160	3.515410	0.215490	0.000096
8.000000	4.171400	4.027208	NEARBOUND	15.959000	1.921040	1.249260	7.959000	0.000252
8.000000	4.549373	4.151326	FARBOUND	-0.823838	3.234100	3.260820	7.176162	0.000931
8.000000	4.233778	3.969494	NEARBOUND	-11.195800	2.781540	3.231080	-19.195800	0.004512
8.000000	4.488921	3.956262	FARBOUND	-6.758490	2.417600	2.543740	1.241510	0.001553
8.000000	4.488921	3.956262	NEARBOUND	-3.432070	2.358870	2.446880	-11.432070	0.002165
8.000000	4.696299	4.494500	NEARBOUND	-10.012800	3.250200	3.539240	-18.012800	0.000516
8.000000	4.315877	4.098084	FARBOUND	-11.265200	2.988640	3.355800	-3.265200	0.000955
8.000000	4.315877	4.098084	NEARBOUND	-10.410200	1.870160	1.542040	-18.410200	0.001397
8.000000	4.430988	4.002729	FARBOUND	-8.071340	2.828510	3.222390	-0.071340	0.001084
8.000000	4.080001	3.870207	FARBOUND	-1.485260	2.229550	2.566950	6.514740	0.003478
8.000000	4.374059	4.166526	FARBOUND	-10.102100	2.946130	3.363490	-2.102100	0.001285
8.000000	4.374059	4.166526	NEARBOUND	-9.163110	2.450200	2.572400	-17.163110	0.000764
8.000000	4.165767	4.010843	FARBOUND	-5.622410	3.084530	3.278280	2.377590	0.000601
8.000000	4.353887	4.416990	FARBOUND	-14.476600	2.794210	3.404910	-6.476600	0.001053
8.000000	4.691164	4.128775	FARBOUND	-6.171280	2.677290	3.077740	1.828720	0.002152
8.000000	4.232523	4.128373	FARBOUND	-10.674600	2.047010	2.130320	-2.674600	0.002400
8.000000	4.111958	3.793394	FARBOUND	-9.363810	2.806420	3.323250	-1.363810	0.001173
8.000000	4.604001	4.190189	FARBOUND	-16.297300	2.470750	2.516290	-8.297300	0.000957
8.000000	4.232883	4.005965	FARBOUND	-4.454360	2.821610	3.232120	3.545640	0.002239
8.000000	4.351869	4.470617	NEARBOUND	5.499470	1.413990	1.078100	-2.500530	0.000371
8.000000	4.244136	3.840705	NEARBOUND	-11.420300	2.322970	2.418190	-19.420300	0.001151
8.000000	3.598775	3.783734	NEARBOUND	-8.002110	3.265400	3.672110	-16.002110	0.004470
8.000000	4.000008	3.910703	NEARBOUND	-7.925360	2.638280	3.097300	-15.925360	0.001146
8.000000	4.039019	4.215399	NEARBOUND	-17.647600	2.248380	2.020820	-25.647600	0.000549
8.000000	4.628234	4.239902	FARBOUND	-10.892300	2.575070	2.937100	-2.892300	0.000290
8.000000	4.628234	4.239902	NEARBOUND	1.198680	2.165900	2.165320	-6.801320	0.000463
8.000000	3.705702	3.904251	NEARBOUND	0.571271	3.085980	3.112160	-7.428729	0.000543
8.000000	4.140772	4.036001	FARBOUND	-11.522200	2.161280	2.212840	-3.522200	0.001522
8.000000	4.214002	3.598467	FARBOUND	-18.300500	2.107080	2.257840	-10.300500	0.000388
8.000000	4.214002	3.598467	NEARBOUND	-6.744490	1.917390	1.892580	-14.744490	0.000386
8.000000	4.076120	4.203266	FARBOUND	-2.756360	2.503190	2.546160	5.243640	0.003887
8.000000	4.172514	3.812897	NEARBOUND	-8.560640	2.643550	2.683900	-16.560640	0.004237
8.000000	4.062509	4.207164	FARBOUND	-4.521480	2.364760	2.508580	3.478520	0.000528
8.000000	4.364650	4.039656	NEARBOUND	-5.774390	2.620660	2.814030	-13.774390	0.000188
8.000000	4.614634	4.067322	FARBOUND	-13.372100	2.057850	1.972470	-5.372100	0.003938
8.000000	4.059718	3.809727	FARBOUND	-2.574500	2.956420	3.018870	5.425500	0.002333
8.000000	4.537067	4.013503	FARBOUND	-5.894120	2.971970	3.291210	2.105880	0.001098
8.000000	4.537067	4.013503	NEARBOUND	-7.111480	3.083760	3.481770	-15.111480	0.000768
8.000000	4.555791	4.188061	FARBOUND	-7.581340	2.554560	2.707630	0.418660	0.001657
8.000000	4.555791	4.188061	NEARBOUND	7.164980	1.779090	1.496670	-0.835020	0.000803
8.000000	4.825368	4.457386	FARBOUND	-1.299340	3.568060	3.616360	6.700660	0.003501
8.000000	4.792487	4.470533	FARBOUND	-7.091080	2.968500	3.318470	0.908920	0.000298
8.000000	4.495719	4.109170	FARBOUND	-26.109800	2.431520	2.378740	-18.109800	0.001639
8.000000	4.180486	4.542448	FARBOUND	6.261760	1.206180	0.743671	14.261760	0.001050
8.000000	3.997876	3.931522	NEARBOUND	-1.507050	2.019720	2.011510	-9.507050	0.000248
8.000000	4.704536	4.303429	FARBOUND	-10.163500	2.373740	2.607460	-2.163500	0.001159
8.000000	4.492766	4.736942	FARBOUND	-1.864550	3.185450	3.354720	6.135450	0.000607
8.000000	4.646140	4.471601	FARBOUND	1.865380	1.659990	1.586590	9.865380	0.000332
8.000000	3.841720	3.942042	FARBOUND	-8.206750	2.316530	2.314020	-0.206750	0.002966
8.000000	4.225315	3.893598	NEARBOUND	-7.167950	2.808100	3.196490	-15.167950	0.000029
8.000000	4.073853	4.073481	NEARBOUND	-3.994660	3.165380	3.494550	-11.994660	0.004737
8.000000	4.091986	4.213044	FARBOUND	-23.508900	2.498420	2.239880	-15.508900	0.005299
8.000000	4.091986	4.213044	NEARBOUND	-7.351380	3.127570	3.584210	-15.351380	0.002220
8.000000	4.158974	4.038658	NEARBOUND	-5.005010	2.970380	3.282650	-13.005010	0.000333
8.000000	4.404947	3.852827	FARBOUND	6.428610	1.269810	0.894559	14.428610	0.001356
8.000000	4.147895	3.542060	NEARBOUND	-6.786400	2.127630	2.092640	-14.786400	0.002758
8.000000	3.955229	3.803027	NEARBOUND	-9.467740	2.327540	2.605450	-17.467740	0.000168
8.000000	4.230522	3.990808	FARBOUND	-10.511900	2.492660	2.717170	-2.511900	0.000939
8.000000	4.675752	4.181416	FARBOUND	-0.055872	3.421690	3.424570	7.944128	0.002406
8.000000	4.675752	4.181416	NEARBOUND	2.618550	2.570030	2.599840	-5.381450	0.001031
8.000000	4.053889	3.730100	NEARBOUND	-21.524300	2.389680	2.261810	-29.524300	0.000098
8.000000	4.522010	4.293206	FARBOUND	-24.049300	2.526150	2.224570	-16.049300	0.005930
8.000000	4.522010	4.293206	NEARBOUND	27.120900	2.146980	1.174600	19.120900	0.000598
8.000000	4.561719	4.284732	FARBOUND	7.398160	1.761350	1.461190	15.398160	0.000556
8.000000	4.297671	4.255204	FARBOUND	-4.708880	2.921470	3.221350	3.291120	0.001158
8.000000	4.226078	4.024120	NEARBOUND	-3.569990	2.728260	3.009000	-11.569990	0.000879
8.000000	4.547554	4.196247	FARBOUND	-4.593700	2.992130	3.121870	3.406300	0.000672
8.000000	4.239435	3.830588	FARBOUND	-9.746890	2.487170	2.552540	-1.746890	0.000184
8.000000	4.274393	4.109166	NEARBOUND	-4.934160	2.201690	2.163900	-12.934160	0.000394
8.000000	4.408425	3.973721	FARBOUND	-10.517000	3.323740	3.777760	-2.517000	0.000095
8.000000	4.286650	4.381621	NEARBOUND	-8.610740	3.248000	3.478970	-16.610740	0.000327
8.000000	4.339315	4.066612	FARBOUND	4.601670	1.423570	1.199870	12.601670	0.000003
8.000000	4.339315	4.066612	NEARBOUND	8.988200	1.783020	1.393930	0.988200	0.000728
8.000000	4.707943	4.159868	FARBOUND	1.499140	2.474120	2.555370	9.499140	0.001485
8.000000	4.707943	4.159868	NEARBOUND	1.096790	0.834607	0.679420	-6.903210	0.001871
8.000000	4.385693	3.995484	NEARBOUND	-6.905210	2.161880	2.139510	-14.905210	0.000136
8.000000	4.310262	3.985210	FARBOUND	-10.747000	3.175900	3.591130	-2.747000	0.007143
8.000000	4.310262	3.985210	NEARBOUND	-6.201530	2.724490	2.949350	-14.201530	0.002198
8.000000	4.210777	3.571850	FARBOUND	-6.322660	2.869140	3.031150	1.677340	0.004163
8.000000	4.421443	3.673210	FARBOUND	-10.214400	2.609850	2.720330	-2.214400	0.003553
8.000000	4.475241	3.865976	NEARBOUND	-7.761900	2.740310	2.971000	-15.761900	0.002722
8.000000	4.381257	4.322188	NEARBOUND	-5.206740	2.881160	3.081350	-13.206740	0.000115
8.000000	4.326687	4.137202	NEARBOUND	-7.293950	2.707050	2.862610	-15.293950	0.001287
8.000000	4.384145	4.328281	FARBOUND	-10.032100	2.813820	3.359910	-2.032100	0.000467
8.000000	4.719140	4.318835	FARBOUND	-10.613000	2.650010	2.914250	-2.613000	0.000212
8.000000	4.251059	3.997320	FARBOUND	-1.092730	2.762460	2.838590	6.907270	0.000057
8.000000	4.251059	3.997320	NEARBOUND	-3.534570	2.991190	3.160420	-11.534570	0.000628
8.000000	4.461387	4.076136	FARBOUND	-6.881300	3.021940	3.527190	1.118700	0.001504
8.000000	4.140415	3.529641	NEARBOUND	-10.656200	1.997840	2.106890	-18.656200	0.000305
8.000000	4.378715	4.341028	FARBOUND	-4.758740	2.586100	2.875230	3.241260	0.000464
8.000000	4.372491	4.328504	FARBOUND	-14.981400	2.553130	2.667650	-6.981400	0.000289
8.000000	4.160450	3.883642	FARBOUND	-2.948940	2.698820	2.764720	5.051060	0.000515
8.000000	4.438114	4.416465	FARBOUND	-3.695920	2.719050	2.756800	4.304080	0.004638
8.000000	4.522019	4.264851	FARBOUND	-2.154710	2.682630	2.944140	5.845290	0.000024
8.000000	4.522019	4.264851	NEARBOUND	-6.788290	2.358700	2.440150	-14.788290	0.001334
8.000000	4.450967	3.946731	FARBOUND	-9.932010	3.195340	3.652930	-1.932010	0.000272
8.000000	4.218727	4.350061	NEARBOUND	-1.886620	2.770970	2.929950	-9.886620	0.003040
8.000000	4.091608	4.015322	FARBOUND	0.164241	2.588410	2.590050	8.164241	0.000117
8.000000	4.460054	3.883497	NEARBOUND	4.856710	1.992970	1.902330	-3.143290	0.002669
8.000000	4.481556	3.686134	FARBOUND	-19.425900	2.249550	1.858160	-11.425900	0.000469
8.000000	4.491086	4.298072	FARBOUND	-6.198030	3.124100	3.541850	1.801970	0.000108
8.000000	4.337415	4.431684	NEARBOUND	-10.014300	2.633970	2.991510	-18.014300	0.000717
8.000000	4.374462	3.944633	FARBOUND	-6.394650	2.649320	2.850260	1.605350	0.002426
8.000000	4.572956	4.159971	FARBOUND	-6.058550	2.634340	2.935200	1.941450	0.000722
8.000000	4.572956	4.159971	NEARBOUND	-10.441900	1.919960	1.774360	-18.441900	0.001271
8.000000	4.314200	4.450434	FARBOUND	-5.935130	2.903420	3.108670	2.064870	0.000594
8.000000	4.290807	4.402297	FARBOUND	-8.309210	2.945460	3.373290	-0.309210	0.001364
8.000000	4.290807	4.402297	NEARBOUND	-7.806490	2.196730	2.382450	-15.806490	0.000118
8.000000	4.139367	3.856717	NEARBOUND	-7.452650	3.381040	3.722440	-15.452650	0.001144
8.000000	4.447600	4.127014	FARBOUND	-1.709530	2.962890	3.019860	6.290470	0.000901
8.000000	4.261645	4.327821	NEARBOUND	-4.703610	3.098690	3.487710	-12.703610	0.000684
8.000000	4.540381	3.912472	FARBOUND	20.425000	2.030450	1.107420	28.425000	0.001670
8.000000	4.540381	3.912472	NEARBOUND	-6.813630	2.462170	2.831890	-14.813630	0.003056
8.000000	4.319230	4.430228	NEARBOUND	-12.520300	3.030130	3.482360	-20.520300	0.000865
8.000000	4.347412	3.745154	NEARBOUND	-4.911080	2.389710	2.537880	-12.911080	0.001437
8.000000	3.758461	4.389799	FARBOUND	-11.512300	2.060740	1.964060	-3.512300	0.005723
8.000000	4.257064	4.148313	FARBOUND	-10.529300	2.131300	2.119040	-2.529300	0.000080
8.000000	4.257064	4.148313	NEARBOUND	-13.879300	2.276250	2.043040	-21.879300	0.001972
8.000000	4.304617	4.431212	FARBOUND	17.156800	1.963420	1.330320	25.156800	0.000305
8.000000	4.018819	3.902334	FARBOUND	-8.226690	2.676930	2.966860	-0.226690	0.002436
8.000000	4.145608	4.305826	FARBOUND	-3.311910	2.643460	2.723030	4.688090	0.000086
8.000000	4.329102	4.174477	FARBOUND	-7.098880	2.039930	2.007500	0.901120	0.000707
8.000000	4.329102	4.174477	NEARBOUND	22.475300	2.089440	1.004010	14.475300	0.000651
8.000000	4.311453	3.827455	NEARBOUND	-5.445170	2.886500	3.281920	-13.445170	0.000011
8.000000	4.657297	4.346976	NEARBOUND	-8.636150	2.494500	2.628240	-16.636150	0.001702
8.000000	4.054692	3.820432	NEARBOUND	3.504760	1.506640	1.336690	-4.495240	0.000932
8.000000	4.622061	3.966621	FARBOUND	2.037390	1.561010	1.467530	10.037390	0.000191
8.000000	4.524748	4.365594	NEARBOUND	-6.222490	1.864220	2.128540	-14.222490	0.002186
8.000000	4.415992	4.243523	FARBOUND	-11.248100	2.737130	3.106230	-3.248100	0.000094
8.000000	4.415992	4.243523	NEARBOUND	7.059820	1.641580	1.278480	-0.940180	0.000305
8.000000	4.719783	4.294884	FARBOUND	-7.560600	3.114560	3.479710	0.439400	0.001970
8.000000	4.135207	4.112954	FARBOUND	-2.439620	2.245930	2.260870	5.560380	0.000038
8.000000	4.280910	3.903687	FARBOUND	-1.233040	2.775360	2.797330	6.766960	0.001403
8.000000	4.173671	3.675174	FARBOUND	-6.776340	3.222580	3.463780	1.223660	0.000887
8.000000	3.967290	3.934172	NEARBOUND	-25.184000	2.583450	2.472580	-33.184000	0.001207
8.000000	4.069555	3.962063	FARBOUND	-3.083370	2.873750	3.068160	4.916630	0.000309
8.000000	4.069555	3.962063	NEARBOUND	-22.792800	2.234090	2.154000	-30.792800	0.006830
8.000000	4.220719	3.881295	FARBOUND	-9.300900	2.237900	2.530660	-1.300900	0.001176
8.000000	4.220719	3.881295	NEARBOUND	-5.537330	3.066580	3.359780	-13.537330	0.000327
8.000000	4.829958	4.413096	FARBOUND	-0.484771	1.695430	1.675640	7.515229	0.000930
8.000000	3.785509	3.478976	FARBOUND	1.619990	2.280130	2.300630	9.619990	0.000472
8.000000	4.418188	4.391761	FARBOUND	15.912100	2.285950	2.068320	23.912100	0.001339
8.000000	4.290964	4.104046	FARBOUND	6.722520	1.966020	1.753950	14.722520	0.003441
8.000000	4.186301	3.934625	FARBOUND	-5.784310	2.148740	2.291630	2.215690	0.001469
8.000000	4.186301	3.934625	NEARBOUND	-2.133360	2.543120	2.601360	-10.133360	0.000384
8.000000	4.021376	4.127275	NEARBOUND	-11.577300	2.737520	3.074360	-19.577300	0.000337
8.000000	4.669526	4.310270	FARBOUND	-4.698980	3.033760	3.198660	3.301020	0.000566
8.000000	4.085533	3.875198	FARBOUND	-3.223540	2.238330	2.231330	4.776460	0.002631
8.000000	3.946175	4.151821	FARBOUND	-5.003690	2.774380	3.007540	2.996310	0.001463
8.000000	4.695991	4.273028	NEARBOUND	-4.095900	3.081910	3.373120	-12.095900	0.000088
8.000000	4.411172	4.271641	FARBOUND	-5.632840	2.257550	2.450130	2.367160	0.001252
8.000000	4.352382	4.168499	NEARBOUND	3.039240	1.696540	1.587590	-4.960760	0.005455
8.000000	4.594764	4.069372	FARBOUND	3.013610	0.959349	0.656298	11.013610	0.000629
8.000000	4.120555	4.023718	FARBOUND	-17.662000	1.928460	1.977620	-9.662000	0.002817
8.000000	4.019840	3.759760	NEARBOUND	-15.197900	2.420940	2.559040	-23.197900	0.000333
8.000000	4.027555	4.076082	NEARBOUND	-1.318340	2.997670	3.082760	-9.318340	0.000194
8.000000	4.369120	4.056066	NEARBOUND	-1.418330	1.997830	1.972770	-9.418330	0.000140
8.000000	4.463836	4.101034	FARBOUND	0.570335	0.848107	0.778900	8.570335	0.002983
8.000000	4.256740	4.133314	FARBOUND	-4.714970	2.767690	2.843630	3.285030	0.001276
8.000000	4.256740	4.133314	NEARBOUND	-3.759210	2.673310	2.805520	-11.759210	0.000633
8.000000	4.331270	4.560657	NEARBOUND	-4.233680	2.451490	2.486140	-12.233680	0.001205
8.000000	4.266044	4.120981	FARBOUND	-4.230050	2.474380	2.564240	3.769950	0.002846
8.000000	3.953451	4.123576	FARBOUND	-12.571700	2.644560	2.813520	-4.571700	0.003531
8.000000	4.193876	4.124290	FARBOUND	-12.572800	2.175840	2.143600	-4.572800	0.001673
8.000000	4.459794	3.991126	FARBOUND	-12.250100	2.303140	2.354410	-4.250100	0.004213
8.000000	4.076805	3.908142	NEARBOUND	-8.097970	2.599710	2.786370	-16.097970	0.000935
8.000000	4.028349	4.066042	FARBOUND	-9.674950	2.515000	2.986900	-1.674950	0.000286
8.000000	4.529123	3.960894	FARBOUND	8.997520	1.787060	1.406040	16.997520	0.002225
8.000000	4.529123	3.960894	NEARBOUND	-6.863590	3.305460	3.656020	-14.863590	0.001301
8.000000	4.547593	4.631143	NEARBOUND	-4.701860	3.196890	3.452230	-12.701860	0.001618
8.000000	4.141279	4.177163	NEARBOUND	-3.111580	2.797540	2.955580	-11.111580	0.002761
8.000000	4.219316	4.154802	FARBOUND	-4.976810	2.418180	2.706840	3.023190	0.001853
8.000000	4.521381	4.066522	NEARBOUND	-0.838389	3.101670	3.252280	-8.838389	0.000196
8.000000	4.484208	4.114264	FARBOUND	-4.635780	3.301750	3.523550	3.364220	0.000880
8.000000	4.484208	4.114264	NEARBOUND	-7.530280	2.185830	2.213640	-15.530280	0.000720
8.000000	4.425688	4.346410	FARBOUND	-1.593700	2.774200	2.835630	6.406300	0.003084
8.000000	4.366608	4.053317	FARBOUND	7.335450	2.607380	2.653410	15.335450	0.000229
8.000000	4.444867	4.517766	FARBOUND	-5.226750	2.215610	2.266380	2.773250	0.002744
8.000000	4.368599	3.788652	FARBOUND	-11.598600	2.089450	1.941450	-3.598600	0.001266
8.000000	4.144337	3.970974	FARBOUND	-4.383120	2.335940	2.334920	3.616880	0.001134
8.000000	4.429100	4.241802	NEARBOUND	3.126030	0.899215	0.632354	-4.873970	0.000864
8.000000	4.540870	3.934934	FARBOUND	-3.605200	3.071550	3.431080	4.394800	0.000023
8.000000	4.540870	3.934934	NEARBOUND	-4.627580	2.951710	3.262380	-12.627580	0.002096
8.000000	4.227471	3.846151	FARBOUND	-8.818870	2.523150	2.856480	-0.818870	0.002831
8.000000	4.222524	4.527753	NEARBOUND	-11.353000	2.352450	2.436300	-19.353000	0.000627
8.000000	4.321395	4.119350	FARBOUND	-13.093500	3.047310	3.578840	-5.093500	0.001313
8.000000	4.321395	4.119350	NEARBOUND	-1.992100	3.257800	3.407550	-9.992100	0.000460
8.000000	4.666057	4.489061	NEARBOUND	-6.891390	2.822450	3.341560	-14.891390	0.000233
8.000000	3.839888	3.808169	NEARBOUND	-3.792150	2.903020	3.228270	-11.792150	0.000720
8.000000	4.169403	4.242253	NEARBOUND	-14.777700	2.078780	2.114810	-22.777700	0.000068
8.000000	4.456212	3.999351	FARBOUND	6.895540	1.242460	0.836875	14.895540	0.000707
8.000000	4.456212	3.999351	NEARBOUND	-23.935900	2.276240	2.231030	-31.935900	0.002916
8.000000	4.244162	4.122171	FARBOUND	-9.099610	2.064890	2.323850	-1.099610	0.001401
8.000000	4.283519	4.222468	FARBOUND	-5.056080	2.414560	2.663290	2.943920	0.000795
8.000000	4.476551	4.366694	FARBOUND	-1.604890	2.189000	2.279720	6.395110	0.004775
8.000000	4.476551	4.366694	NEARBOUND	-5.784570	2.102660	2.123730	-13.784570	0.001223
8.000000	4.394080	4.051996	FARBOUND	-5.003170	2.703750	3.291220	2.996830	0.000981
8.000000	4.394080	4.051996	NEARBOUND	-6.916020	3.234060	3.564190	-14.916020	0.000947
8.000000	4.289521	4.060075	FARBOUND	-7.272750	2.506170	2.615290	0.727250	0.001045
8.000000	4.289521	4.060075	NEARBOUND	-18.495900	2.403220	2.331230	-26.495900	0.000317
8.000000	4.696335	4.336888	NEARBOUND	-10.432400	2.513330	2.735580	-18.432400	0.000218
8.000000	4.176366	3.854945	FARBOUND	-13.699000	2.371690	2.466130	-5.699000	0.000616
8.000000	4.176366	3.854945	NEARBOUND	-19.654100	2.290760	2.093510	-27.654100	0.001328
8.000000	4.387903	4.060728	FARBOUND	-13.687100	1.756170	1.878060	-5.687100	0.000128
8.000000	4.230668	4.052383	FARBOUND	4.536050	1.321490	1.054170	12.536050	0.000168
8.000000	3.969065	4.076172	FARBOUND	-13.742900	2.586400	2.888610	-5.742900	0.000480
8.000000	4.586294	4.172193	FARBOUND	-14.790100	2.160780	1.931330	-6.790100	0.001023
8.000000	4.586294	4.172193	NEARBOUND	-0.834243	2.852240	2.880430	-8.834243	0.001569
8.000000	4.323708	3.585175	FARBOUND	-5.675910	2.570880	2.689840	2.324090	0.000117
8.000000	4.182710	3.940044	FARBOUND	-7.517540	3.277300	3.559900	0.482460	0.001201
8.000000	4.182710	3.940044	NEARBOUND	2.291150	1.266950	1.104190	-5.708850	0.000653
8.000000	4.581852	4.253787	FARBOUND	-3.061640	2.535360	2.607240	4.938360	0.000161
8.000000	4.063825	4.348790	FARBOUND	7.921210	1.695750	1.303470	15.921210	0.001631
8.000000	4.068777	3.839500	NEARBOUND	-8.886420	2.890400	3.221680	-16.886420	0.000603
8.000000	4.420348	4.407116	NEARBOUND	0.783399	2.506810	2.522490	-7.216601	0.000491
8.000000	4.709566	4.207652	FARBOUND	-0.228617	2.893190	2.906610	7.771383	0.000301
8.000000	4.709566	4.207652	NEARBOUND	-2.584660	2.993840	3.179120	-10.584660	0.004866
8.000000	4.222916	4.003483	FARBOUND	-4.717720	2.987700	3.229680	3.282280	0.001447
8.000000	4.269205	3.857694	FARBOUND	-14.997500	2.460200	2.614010	-6.997500	0.001012
8.000000	4.321054	3.938098	NEARBOUND	-7.816140	2.748620	2.917940	-15.816140	0.000228
8.000000	4.208337	4.054755	FARBOUND	-8.925650	2.375830	2.728010	-0.925650	0.002781
8.000000	4.759280	4.491028	NEARBOUND	-2.099790	3.489300	3.557760	-10.099790	0.000678
8.000000	4.858600	4.431905	FARBOUND	-5.549420	3.161480	3.578850	2.450580	0.000271
8.000000	4.388503	4.029048	FARBOUND	-5.373060	2.810930	2.981420	2.626940	0.001800
8.000000	4.388503	4.029048	NEARBOUND	-4.077250	3.169460	3.306120	-12.077250	0.000213
8.000000	4.609530	4.014019	FARBOUND	-2.730710	2.943750	3.079790	5.269290	0.002765
8.000000	4.286207	4.293585	NEARBOUND	-10.230900	2.514960	2.749850	-18.230900	0.002952
8.000000	3.939414	3.902144	FARBOUND	-11.445200	2.991590	3.460690	-3.445200	0.000013
8.000000	3.939414	3.902144	NEARBOUND	-3.607510	2.949970	3.101760	-11.607510	0.000399
8.000000	4.246389	3.875412	NEARBOUND	-4.387250	2.993540	3.405120	-12.387250	0.004673
8.000000	4.393760	4.426991	FARBOUND	-4.598040	2.694440	2.826060	3.401960	0.000097
8.000000	4.112670	3.785773	NEARBOUND	-5.581920	2.341800	2.328250	-13.581920	0.007400
8.000000	3.717598	3.770420	NEARBOUND	19.144200	2.003970	1.103490	11.144200	0.000990
8.000000	3.994727	4.276462	NEARBOUND	-8.542180	2.417740	2.599250	-16.542180	0.000296
8.000000	4.575056	4.190721	FARBOUND	-5.358080	2.155060	2.301530	2.641920	0.000474
8.000000	4.537991	4.004605	FARBOUND	-7.804220	2.784300	3.311430	0.195780	0.003270
8.000000	4.563904	4.132485	FARBOUND	-2.897860	2.821280	3.150130	5.102140	0.000005
8.000000	4.563904	4.132485	NEARBOUND	-5.625530	1.946030	2.034300	-13.625530	0.002921
8.000000	4.508259	4.193757	FARBOUND	-8.265540	2.734170	3.008950	-0.265540	0.000737
8.000000	4.508259	4.193757	NEARBOUND	-3.561170	2.669020	2.735280	-11.561170	0.001636
8.000000	4.341445	3.740779	FARBOUND	-6.002770	2.586680	2.715300	1.997230	0.000984
8.000000	4.570303	4.145448	FARBOUND	0.111068	1.348860	1.340070	8.111068	0.000974
8.000000	4.570303	4.145448	NEARBOUND	-9.698250	2.545910	2.925020	-17.698250	0.001256
8.000000	4.550716	4.369308	FARBOUND	-13.136800	2.120890	2.397410	-5.136800	0.001211
8.000000	3.912680	4.078477	NEARBOUND	19.070400	2.123240	1.558690	11.070400	0.000138
8.000000	4.208763	4.054129	NEARBOUND	-3.116550	2.974920	3.195250	-11.116550	0.001993
8.000000	4.293514	4.109510	NEARBOUND	4.536620	1.524000	1.203200	-3.463380	0.000453
8.000000	4.201257	3.869936	NEARBOUND	-8.512590	3.287470	3.743920	-16.512590	0.000503
8.000000	4.594787	4.255392	NEARBOUND	4.521030	1.190670	0.630743	-3.478970	0.002075
8.000000	4.334661	3.905797	NEARBOUND	-1.460130	2.669040	2.779800	-9.460130	0.001383
8.000000	4.371279	3.502490	FARBOUND	-11.591700	2.882500	3.028380	-3.591700	0.001535
8.000000	4.152815	3.886021	FARBOUND	-8.074540	2.243630	2.102330	-0.074540	0.000074
8.000000	4.152815	3.886021	NEARBOUND	-12.925200	1.927250	1.764530	-20.925200	0.001086
8.000000	3.824085	4.111559	FARBOUND	-7.164520	2.500780	2.808570	0.835480	0.000397
8.000000	4.546375	4.143711	NEARBOUND	-11.799500	2.729790	2.819360	-19.799500	0.002703
8.000000	4.235363	4.174738	NEARBOUND	-11.856200	2.846850	3.354630	-19.856200	0.000465
8.000000	4.642894	4.142980	FARBOUND	-5.656420	2.683270	2.969990	2.343580	0.003086
8.000000	3.946886	3.870937	FARBOUND	-0.922180	3.106990	3.194020	7.077820	0.000249
8.000000	4.076475	3.637554	FARBOUND	5.711700	1.082340	0.697510	13.711700	0.000842
8.000000	4.076475	3.637554	NEARBOUND	-5.794500	2.278900	2.232120	-13.794500	0.000357
8.000000	3.850641	3.594089	FARBOUND	2.238690	2.197700	2.196850	10.238690	0.000204
8.000000	4.016856	3.785139	NEARBOUND	-5.379410	2.552350	2.735130	-13.379410	0.000693
8.000000	4.535512	4.022986	FARBOUND	-8.428300	3.013820	3.282160	-0.428300	0.000010
8.000000	4.464440	3.950277	FARBOUND	-3.381310	3.368880	3.568620	4.618690	0.002666
8.000000	4.464440	3.950277	NEARBOUND	6.497870	1.594720	1.240800	-1.502130	0.004812
8.000000	4.303964	4.183256	FARBOUND	-12.012800	2.568270	2.560160	-4.012800	0.000969
8.000000	4.346790	4.391998	FARBOUND	-2.059530	2.954780	3.016090	5.940470	0.000069
8.000000	4.540396	4.361146	FARBOUND	0.826469	1.468120	1.427710	8.826469	0.002724
8.000000	4.346394	4.265922	NEARBOUND	-2.881490	3.219630	3.403450	-10.881490	0.000984
8.000000	3.895618	4.148926	FARBOUND	-4.139160	2.614710	2.777840	3.860840	0.000692
8.000000	3.895618	4.148926	NEARBOUND	-4.954360	2.812350	2.948220	-12.954360	0.001738
8.000000	4.651698	4.295049	NEARBOUND	-0.227767	2.879740	2.893780	-8.227767	0.000148
8.000000	4.533492	3.871386	FARBOUND	-15.958300	2.648420	2.818610	-7.958300	0.000903
8.000000	4.533492	3.871386	NEARBOUND	-21.581200	2.328620	2.241170	-29.581200	0.001008
8.000000	4.238479	4.379619	NEARBOUND	-15.934300	2.168930	2.154900	-23.934300	0.000203
8.000000	4.509893	3.923601	NEARBOUND	-3.562800	3.193230	3.497040	-11.562800	0.000704
8.000000	4.224693	3.942120	FARBOUND	-5.135260	3.194300	3.436050	2.864740	0.001145
8.000000	4.224693	3.942120	NEARBOUND	-6.272250	2.587570	2.727910	-14.272250	0.000210
8.000000	4.349270	3.994580	FARBOUND	-2.699390	3.024200	3.194910	5.300610	0.000092
8.000000	4.349270	3.994580	NEARBOUND	-7.922310	2.407850	2.463990	-15.922310	0.000294
8.000000	4.332711	4.305382	FARBOUND	-8.211920	3.066810	3.434980	-0.211920	0.002606
8.000000	4.332711	4.305382	NEARBOUND	-3.626370	2.986640	3.290640	-11.626370	0.000524
8.000000	4.366053	3.902448	NEARBOUND	11.121500	1.789370	1.281830	3.121500	0.000450
8.000000	4.401878	4.011134	FARBOUND	-2.766230	2.986430	3.286520	5.233770	0.000325
8.000000	4.401878	4.011134	NEARBOUND	-10.511000	2.897240	3.447460	-18.511000	0.006457
8.000000	4.103451	3.963132	NEARBOUND	-10.955800	2.929840	3.554780	-18.955800	0.000870
8.000000	4.738530	4.350121	FARBOUND	-3.929600	1.934810	1.840590	4.070400	0.000363
8.000000	4.378560	3.820118	NEARBOUND	-1.400240	3.382760	3.460210	-9.400240	0.001743
8.000000	4.157737	4.246339	FARBOUND	9.900010	1.659920	1.125480	17.900010	0.002751
8.000000	4.594414	4.053299	FARBOUND	-14.653000	2.355760	2.314790	-6.653000	0.000120
8.000000	4.594414	4.053299	NEARBOUND	4.794270	1.699590	1.495790	-3.205730	0.001645
8.000000	4.153582	4.095841	FARBOUND	4.616560	1.819450	1.684470	12.616560	0.000515
8.000000	4.153582	4.095841	NEARBOUND	-3.059290	2.487210	2.669770	-11.059290	0.000357
8.000000	4.141747	4.219209	FARBOUND	-6.092670	2.588080	2.685510	1.907330	0.001322
8.000000	4.317827	3.798866	FARBOUND	1.750150	1.333770	1.243000	9.750150	0.004029
8.000000	4.126526	4.096418	FARBOUND	-6.147520	2.653020	3.320820	1.852480	0.000975
8.000000	4.222967	3.540854	FARBOUND	-6.764030	2.832850	2.995870	1.235970	0.003981
8.000000	4.136291	4.139515	FARBOUND	-0.855428	2.963340	2.998850	7.144572	0.000510
8.000000	4.136291	4.139515	NEARBOUND	-4.191770	3.401170	3.587310	-12.191770	0.002892
8.000000	4.317317	4.132650	FARBOUND	9.478490	1.641320	1.024460	17.478490	0.000452
8.000000	3.981136	3.819004	FARBOUND	2.656270	1.171080	0.928461	10.656270	0.002946
8.000000	4.215667	4.282293	NEARBOUND	-4.085390	2.628180	2.684080	-12.085390	0.000151
8.000000	4.178247	4.238649	NEARBOUND	-19.377900	2.420210	2.512470	-27.377900	0.000412
8.000000	4.158937	3.723292	FARBOUND	-1.889840	2.537610	2.690160	6.110160	0.000094
8.000000	4.598480	4.240403	NEARBOUND	-10.118300	2.135860	2.340300	-18.118300	0.000004
8.000000	4.040787	3.885365	FARBOUND	5.757090	1.997700	1.908030	13.757090	0.006356
8.000000	4.392805	4.191432	FARBOUND	-1.800540	2.501040	2.555620	6.199460	0.000395
8.000000	4.595244	4.143386	FARBOUND	4.224810	1.054680	0.791520	12.224810	0.000098
8.000000	3.902541	4.279876	NEARBOUND	-5.839830	2.003030	2.165740	-13.839830	0.000285
8.000000	4.334123	4.595315	FARBOUND	-6.552840	3.212720	3.435280	1.447160	0.001990
8.000000	3.857640	4.118857	FARBOUND	-1.216040	3.220090	3.360570	6.783960	0.002225
8.000000	4.381485	4.068198	FARBOUND	-0.426425	3.288920	3.309100	7.573575	0.000842
8.000000	4.464376	4.166504	FARBOUND	-6.094330	3.023670	3.290440	1.905670	0.000247
8.000000	4.683611	4.163935	FARBOUND	-4.422840	3.073410	3.414850	3.577160	0.002788
8.000000	4.320590	3.872511	FARBOUND	-3.612720	3.209110	3.422060	4.387280	0.001214
8.000000	4.283352	4.273019	NEARBOUND	-13.904300	2.321100	2.475130	-21.904300	0.000923
8.000000	4.585629	4.272949	FARBOUND	4.989440	2.177190	2.318070	12.989440	0.001962
8.000000	4.769510	4.585111	FARBOUND	-9.051780	2.524350	2.725650	-1.051780	0.000737
8.000000	4.115947	4.058220	FARBOUND	-4.469550	1.820640	1.735740	3.530450	0.005143
8.000000	4.115947	4.058220	NEARBOUND	-10.635900	2.349180	2.488220	-18.635900	0.003968
8.000000	4.271166	3.763280	NEARBOUND	-20.954600	2.569630	2.600830	-28.954600	0.000437
8.000000	4.034871	3.683370	NEARBOUND	3.297680	1.605900	1.438970	-4.702320	0.001984
8.000000	3.866061	3.935671	FARBOUND	-6.071510	2.849090	3.122560	1.928490	0.001872
8.000000	4.145552	4.079845	NEARBOUND	-11.462500	3.082620	3.524070	-19.462500	0.007834
8.000000	4.174961	4.043289	FARBOUND	-8.487310	2.263610	2.449410	-0.487310	0.001070
8.000000	4.310493	4.329615	FARBOUND	0.116044	3.029670	3.033730	8.116044	0.000058
8.000000	4.191018	3.722319	NEARBOUND	-24.767400	2.198120	1.986680	-32.767400	0.002290
8.000000	4.248354	4.034996	FARBOUND	-5.485000	2.951440	3.060140	2.515000	0.001256
8.000000	4.248354	4.034996	NEARBOUND	-7.663860	2.192480	2.089980	-15.663860	0.000284
8.000000	4.353847	4.001609	FARBOUND	-15.713000	2.430370	2.659340	-7.713000	0.001740
8.000000	4.353847	4.001609	NEARBOUND	-10.866200	2.653850	2.840830	-18.866200	0.000923
8.000000	4.627582	4.386986	NEARBOUND	-1.295980	3.148890	3.224820	-9.295980	0.002490
8.000000	4.292406	3.846029	FARBOUND	-7.847670	3.175080	3.472080	0.152330	0.000122
8.000000	4.168839	4.292884	NEARBOUND	-4.655250	1.938850	2.178260	-12.655250	0.002831
8.000000	4.233937	4.092707	FARBOUND	-6.585820	2.095150	2.090740	1.414180	0.000104
8.000000	4.233937	4.092707	NEARBOUND	2.713820	2.355910	2.332390	-5.286180	0.002387
8.000000	3.638833	4.086233	NEARBOUND	7.172920	2.366410	2.230960	-0.827080	0.000193
8.000000	4.079841	4.046573	FARBOUND	-8.205810	3.077010	3.416060	-0.205810	0.000399
8.000000	4.094033	4.265060	NEARBOUND	-5.706920	3.084420	3.501490	-13.706920	0.000765
8.000000	4.153283	3.992736	FARBOUND	-3.567880	2.658930	2.776990	4.432120	0.002213
8.000000	4.660787	4.145742	NEARBOUND	-12.594200	2.370640	2.316850	-20.594200	0.000295
8.000000	4.516459	3.916151	FARBOUND	-22.268500	2.440220	2.624570	-14.268500	0.002090
8.000000	4.088577	4.221506	FARBOUND	-4.756590	3.004120	3.180120	3.243410	0.000556
8.000000	4.346914	4.177785	FARBOUND	-7.522390	3.044050	3.441130	0.477610	0.001048
8.000000	4.346914	4.177785	NEARBOUND	3.877140	1.338100	0.885771	-4.122860	0.001513
8.000000	4.768686	4.302255	NEARBOUND	5.771620	1.453410	1.112460	-2.228380	0.000154
8.000000	4.255843	4.172013	FARBOUND	-6.868120	2.590780	3.031560	1.131880	0.003698
8.000000	3.932905	3.528492	FARBOUND	-5.979910	2.235560	2.301550	2.020090	0.000725
8.000000	4.438270	3.835914	FARBOUND	-7.719780	3.015390	3.368770	0.280220	0.002736
8.000000	4.394680	4.689303	FARBOUND	-5.261680	2.955830	3.208660	2.738320	0.002781
8.000000	4.083896	3.987835	FARBOUND	-8.936310	2.603860	2.821540	-0.936310	0.002617
8.000000	4.123905	4.052153	NEARBOUND	-8.511460	2.661100	2.926320	-16.511460	0.001108
8.000000	4.052650	3.636114	FARBOUND	-12.373500	2.200950	2.755620	-4.373500	0.000464
8.000000	4.373396	4.148365	NEARBOUND	-4.340490	1.302550	0.965335	-12.340490	0.001213
8.000000	4.760702	4.418808	NEARBOUND	-7.230660	2.450170	2.554340	-15.230660	0.000641
8.000000	4.400740	4.035358	FARBOUND	-10.117200	2.399430	2.933440	-2.117200	0.001323
8.000000	4.400740	4.035358	NEARBOUND	-21.227700	2.340320	2.273780	-29.227700	0.000890
8.000000	3.977300	3.968339	FARBOUND	-1.682170	2.960690	3.055680	6.317830	0.001431
8.000000	4.489919	4.238212	FARBOUND	-3.059320	3.131660	3.318920	4.940680	0.000051
8.000000	4.489919	4.238212	NEARBOUND	-8.290580	3.077500	3.336190	-16.290580	0.001533
8.000000	4.446445	4.409719	FARBOUND	-0.410003	2.491570	2.501620	7.589997	0.007077
8.000000	4.568802	4.036726	FARBOUND	-6.459690	2.735210	2.949220	1.540310	0.001211
8.000000	4.380589	4.033298	FARBOUND	-12.857000	2.222200	2.136280	-4.857000	0.000423
8.000000	4.380589	4.033298	NEARBOUND	-4.981960	2.476120	2.523280	-12.981960	0.001726
8.000000	4.189481	3.630216	FARBOUND	-2.153410	2.396680	2.711890	5.846590	0.002324
8.000000	4.069634	4.187646	NEARBOUND	-4.128470	2.567180	2.624340	-12.128470	0.000283
8.000000	4.521482	3.947072	FARBOUND	-7.768450	2.835880	3.402300	0.231550	0.000073
8.000000	4.030574	4.369467	FARBOUND	-6.063760	2.266420	2.401250	1.936240	0.000000
8.000000	4.240803	4.091928	FARBOUND	-11.597500	2.773790	3.038350	-3.597500	0.000991
8.000000	4.240803	4.091928	NEARBOUND	-2.386970	2.636620	2.829830	-10.386970	0.000554
8.000000	3.778650	3.945702	NEARBOUND	-3.801150	2.832490	3.123390	-11.801150	0.000049
8.000000	4.385757	3.912621	FARBOUND	-10.344500	2.346070	2.632780	-2.344500	0.000959
8.000000	4.416457	3.830220	FARBOUND	-4.574760	2.650420	2.856480	3.425240	0.005400
8.000000	4.268021	3.803335	FARBOUND	-4.913350	2.731890	2.913980	3.086650	0.001127
8.000000	4.268021	3.803335	NEARBOUND	-11.334000	2.824900	3.051470	-19.334000	0.001358
8.000000	4.567477	4.446277	FARBOUND	0.010046	1.812650	1.812970	8.010046	0.000614
8.000000	4.046622	4.021368	FARBOUND	-13.238800	2.267220	2.245690	-5.238800	0.000412
8.000000	4.046622	4.021368	NEARBOUND	-8.480840	3.259770	3.646070	-16.480840	0.000733
8.000000	4.366869	4.223153	NEARBOUND	-0.895606	2.893990	2.986940	-8.895606	0.000654
8.000000	4.592026	4.311364	FARBOUND	-9.125160	2.505600	2.772350	-1.125160	0.002430
8.000000	3.722581	3.883498	NEARBOUND	-15.558700	2.329850	2.579290	-23.558700	0.000745
8.000000	4.066065	4.209435	FARBOUND	1.530790	1.842850	1.806370	9.530790	0.000507
8.000000	4.634526	4.388547	NEARBOUND	-6.808890	2.543540	2.867790	-14.808890	0.000402
8.000000	4.459317	4.341177	FARBOUND	-4.747790	2.896160	3.033460	3.252210	0.003657
8.000000	3.978146	4.053953	NEARBOUND	-2.990200	1.527150	1.384850	-10.990200	0.001672
8.000000	4.199570	4.182569	NEARBOUND	-19.537000	2.925840	3.375980	-27.537000	0.001245
8.000000	3.631274	4.169439	NEARBOUND	9.760400	2.015420	1.851530	1.760400	0.000654
8.000000	4.285735	4.504049	NEARBOUND	-6.632230	2.876380	3.084970	-14.632230	0.008215
8.000000	4.430985	4.086854	FARBOUND	-4.871140	3.159710	3.537350	3.128860	0.004142
8.000000	4.252323	4.235453	FARBOUND	-12.609200	2.006140	1.992580	-4.609200	0.000358
8.000000	4.252323	4.235453	NEARBOUND	-0.284426	3.337670	3.358500	-8.284426	0.000134
8.000000	4.451174	3.932352	FARBOUND	-3.323310	2.812970	2.910030	4.676690	0.000096
8.000000	3.936537	4.096847	NEARBOUND	-4.223500	2.532580	2.690840	-12.223500	0.000233
8.000000	4.428546	4.084173	FARBOUND	-5.511020	3.305530	3.605790	2.488980	0.000241
8.000000	4.075053	3.868921	NEARBOUND	-16.253500	2.079890	2.282440	-24.253500	0.000025
8.000000	4.149423	4.067748	NEARBOUND	-8.364430	3.083630	3.662790	-16.364430	0.000207
8.000000	4.358903	4.212879	FARBOUND	4.632680	1.555800	1.315760	12.632680	0.001265
8.000000	4.358903	4.212879	NEARBOUND	-5.961740	2.301860	2.449410	-13.961740	0.000473
8.000000	4.096365	3.662099	FARBOUND	-6.379040	2.522080	2.622740	1.620960	0.000040
8.000000	4.043475	4.148332	NEARBOUND	-12.627600	2.833160	3.178180	-20.627600	0.001540
8.000000	4.131634	3.842495	FARBOUND	-8.821550	2.717400	3.132820	-0.821550	0.002032
8.000000	4.131634	3.842495	NEARBOUND	-18.255200	2.289930	2.461330	-26.255200	0.000269
8.000000	4.568250	3.940735	NEARBOUND	-13.313900	2.580130	2.759010	-21.313900	0.000499
8.000000	4.207012	3.855114	FARBOUND	1.063560	1.906720	1.878970	9.063560	0.000122
8.000000	4.617475	4.098944	NEARBOUND	-14.326000	2.602460	3.210940	-22.326000	0.002487
8.000000	4.266679	3.687409	NEARBOUND	-7.137130	2.566250	2.808070	-15.137130	0.000025
8.000000	4.380263	4.066973	FARBOUND	-1.137870	2.565130	2.577730	6.862130	0.002061
8.000000	4.380263	4.066973	NEARBOUND	1.858140	1.571970	1.487780	-6.141860	0.000881
8.000000	4.456679	4.079395	FARBOUND	-9.446490	2.819120	2.969120	-1.446490	0.000366
8.000000	4.223931	4.112970	FARBOUND	-0.946578	1.915030	1.893620	7.053422	0.001217
8.000000	4.307606	4.382583	FARBOUND	-2.420350	3.222930	3.434750	5.579650	0.000918
8.000000	4.520437	4.017687	NEARBOUND	-14.578700	2.830860	3.420830	-22.578700	0.001011
8.000000	3.919218	4.078746	NEARBOUND	-7.266830	2.077580	2.006530	-15.266830	0.002079
8.000000	4.464155	4.103870	FARBOUND	-8.019490	2.538830	2.631220	-0.019490	0.001138
8.000000	4.464155	4.103870	NEARBOUND	-3.822210	3.129080	3.334840	-11.822210	0.001591
8.000000	4.219577	4.243905	FARBOUND	-6.639880	2.881180	3.167340	1.360120	0.004382
8.000000	4.219577	4.243905	NEARBOUND	-0.419871	2.529900	2.540560	-8.419871	0.000654
8.000000	4.650622	4.557378	FARBOUND	-5.166210	2.691170	2.876490	2.833790	0.001879
8.000000	4.068469	4.078593	FARBOUND	-3.935490	3.079390	3.289370	4.064510	0.000184
8.000000	4.053709	3.876620	FARBOUND	-1.282280	3.294950	3.370260	6.717720	0.000115
8.000000	4.053709	3.876620	NEARBOUND	-6.357840	2.812080	3.113560	-14.357840	0.002378
8.000000	4.127813	4.063577	FARBOUND	-9.183290	3.163080	3.557230	-1.183290	0.001378
8.000000	4.478876	3.821257	FARBOUND	-8.388660	2.205930	2.390920	-0.388660	0.000864
8.000000	4.262650	3.712984	FARBOUND	15.669900	1.930680	1.318330	23.669900	0.000060
8.000000	4.189715	4.066187	FARBOUND	-4.214960	2.672070	3.126660	3.785040	0.000530
8.000000	4.189715	4.066187	NEARBOUND	-16.472000	2.008220	2.012420	-24.472000	0.000192
8.000000	4.437916	4.112612	FARBOUND	-11.068100	2.556860	2.748000	-3.068100	0.000331
8.000000	4.027554	3.411873	FARBOUND	-12.002300	2.959080	3.393350	-4.002300	0.001210
8.000000	4.604812	3.967041	FARBOUND	-7.717840	2.973910	3.461170	0.282160	0.000115
8.000000	4.292056	3.530941	FARBOUND	-10.595000	1.800110	1.332020	-2.595000	0.002930
8.000000	4.388711	4.002328	NEARBOUND	-7.706100	2.464840	2.372540	-15.706100	0.000924
8.000000	4.893400	4.394149	FARBOUND	3.799120	1.315280	1.120520	11.799120	0.000562
8.000000	4.028041	3.814162	NEARBOUND	0.870009	2.420220	2.419510	-7.129991	0.000460
8.000000	4.598864	3.927655	FARBOUND	0.569280	0.659861	0.577328	8.569280	0.003031
8.000000	4.190754	4.156847	NEARBOUND	-9.041210	2.251910	2.407250	-17.041210	0.005530
8.000000	4.601053	4.311309	FARBOUND	-4.287410	3.106730	3.372880	3.712590	0.002144
8.000000	4.217140	3.586769	FARBOUND	0.731458	1.729590	1.702180	8.731458	0.000889
8.000000	3.978000	3.867120	FARBOUND	-3.831990	3.128680	3.262340	4.168010	0.000618
8.000000	4.231304	3.784334	NEARBOUND	-2.020720	1.850570	1.881270	-10.020720	0.000733
8.000000	4.375876	4.163633	FARBOUND	-7.250720	2.491650	2.801210	0.749280	0.000317
8.000000	4.412917	4.331270	FARBOUND	-15.978100	2.055370	2.050470	-7.978100	0.001862
8.000000	4.152775	4.023644	FARBOUND	-9.991920	2.309720	2.531010	-1.991920	0.000845
8.000000	4.152775	4.023644	NEARBOUND	-9.257560	2.276750	2.450200	-17.257560	0.003741
8.000000	4.375548	3.962875	NEARBOUND	-6.479240	3.122940	3.517470	-14.479240	0.000764
8.000000	4.089115	3.799335	FARBOUND	-8.670810	3.113760	3.630810	-0.670810	0.000434
8.000000	4.518627	3.797929	FARBOUND	-6.918150	3.439540	3.733580	1.081850	0.000950
8.000000	3.978445	3.627690	NEARBOUND	-8.240050	2.920440	3.217480	-16.240050	0.000574
8.000000	4.213460	4.048501	NEARBOUND	-2.570720	2.663110	2.765330	-10.570720	0.000324
8.000000	4.209199	3.956591	FARBOUND	-9.511380	2.011900	1.916690	-1.511380	0.000215
8.000000	4.464064	4.352169	FARBOUND	-8.322960	3.107790	3.490970	-0.322960	0.000086
8.000000	4.054323	3.853182	NEARBOUND	-7.043990	2.539470	2.766600	-15.043990	0.001756
8.000000	4.334308	4.100557	NEARBOUND	-2.189470	3.121320	3.170650	-10.189470	0.000191
8.000000	4.029057	4.405781	FARBOUND	-0.974854	3.208390	3.303060	7.025146	0.001253
8.000000	4.221012	4.179586	NEARBOUND	-15.533200	2.821960	3.079260	-23.533200	0.001972
8.000000	4.306066	4.236925	FARBOUND	-2.646460	3.139930	3.423770	5.353540	0.000570
8.000000	4.421429	4.249234	FARBOUND	-1.820770	3.404960	3.486170	6.179230	0.000932
8.000000	4.421429	4.249234	NEARBOUND	-5.231120	3.139930	3.402490	-13.231120	0.001138
8.000000	4.573927	4.185265	FARBOUND	-8.471840	2.808520	3.361020	-0.471840	0.000378
8.000000	4.566763	4.322894	FARBOUND	8.881750	1.823450	1.539780	16.881750	0.000587
8.000000	4.566763	4.322894	NEARBOUND	9.135940	1.665050	1.110730	1.135940	0.000493
8.000000	4.258583	4.103741	FARBOUND	5.004450	1.637880	1.409840	13.004450	0.001929
8.000000	4.188920	4.064841	FARBOUND	2.543680	2.879660	3.002060	10.543680	0.000690
8.000000	4.188920	4.064841	NEARBOUND	-5.239860	2.613960	2.688080	-13.239860	0.002101
8.000000	4.435568	4.235631	FARBOUND	-0.700358	3.238060	3.255910	7.299642	0.000083
8.000000	4.338449	4.159646	FARBOUND	-13.001900	2.856150	3.048410	-5.001900	0.000989
8.000000	4.338449	4.159646	NEARBOUND	-9.867370	2.369260	2.398430	-17.867370	0.001411
8.000000	3.764723	3.882262	NEARBOUND	6.858580	1.732650	1.439570	-1.141420	0.000253
8.000000	4.311562	4.240983	FARBOUND	4.579530	1.914630	1.769810	12.579530	0.000296
8.000000	4.577893	4.418976	NEARBOUND	6.906100	1.210940	0.742532	-1.093900	0.000185
8.000000	4.083770	3.938930	NEARBOUND	-7.884590	1.801370	1.978850	-15.884590	0.001759
8.000000	4.166184	4.338979	FARBOUND	-7.021030	3.127540	3.470160	0.978970	0.000668
8.000000	3.937862	4.081870	NEARBOUND	-9.054670	2.095420	2.052910	-17.054670	0.003438
8.000000	4.292985	4.169872	FARBOUND	12.104100	1.738090	1.126610	20.104100	0.001731
8.000000	3.987224	3.988416	NEARBOUND	-3.190050	2.981190	3.050210	-11.190050	0.001828
8.000000	4.128575	4.291164	NEARBOUND	-5.157960	2.570300	2.821420	-13.157960	0.003149
8.000000	4.307702	4.052766	FARBOUND	-1.758010	3.477990	3.559960	6.241990	0.001622
8.000000	4.307702	4.052766	NEARBOUND	-6.195630	3.090730	3.319140	-14.195630	0.003312
8.000000	5.014400	4.573574	FARBOUND	-1.732400	3.333310	3.450550	6.267600	0.002685
8.000000	3.846706	4.204240	NEARBOUND	-3.310160	2.526480	2.883050	-11.310160	0.001599
8.000000	4.152252	4.439800	FARBOUND	5.098920	1.356390	0.776502	13.098920	0.000426
8.000000	4.152252	4.439800	NEARBOUND	-1.905630	2.773720	2.823290	-9.905630	0.001383
8.000000	4.313502	3.997763	FARBOUND	0.790932	1.209230	1.165460	8.790932	0.001164
8.000000	4.313502	3.997763	NEARBOUND	-3.971320	3.081290	3.311550	-11.971320	0.000642
8.000000	4.171369	4.204740	NEARBOUND	5.687230	1.162670	0.670782	-2.312770	0.000080
8.000000	4.863471	4.865401	FARBOUND	-10.865500	2.161120	2.403950	-2.865500	0.000496
8.000000	4.419529	3.988215	FARBOUND	4.185450	1.490470	1.228820	12.185450	0.002398
8.000000	4.025437	3.515156	NEARBOUND	-7.565330	2.525330	2.464070	-15.565330	0.000024
8.000000	4.789693	4.454549	NEARBOUND	1.329360	1.141100	1.052580	-6.670640	0.001391
8.000000	4.097693	4.279512	NEARBOUND	-19.806300	2.380820	2.438210	-27.806300	0.004986
8.000000	3.999468	3.581692	NEARBOUND	-7.403490	2.496030	2.773450	-15.403490	0.000950
8.000000	3.969432	3.734588	FARBOUND	-3.127060	3.165260	3.456830	4.872940	0.000045
8.000000	3.969432	3.734588	NEARBOUND	-7.869990	2.888840	3.250480	-15.869990	0.002130
8.000000	4.269553	4.149403	FARBOUND	-6.450760	3.071380	3.453990	1.549240	0.001127
8.000000	4.269553	4.149403	NEARBOUND	7.810300	1.362990	0.925664	-0.189700	0.003094
8.000000	4.282001	3.991888	FARBOUND	-9.699330	3.050390	3.198230	-1.699330	0.001951
8.000000	4.282001	3.991888	NEARBOUND	-5.284600	2.939110	3.163520	-13.284600	0.000542
8.000000	4.102419	3.969700	NEARBOUND	-2.255290	3.167270	3.376430	-10.255290	0.000443
8.000000	4.102452	3.921793	NEARBOUND	13.369700	1.610590	0.748923	5.369700	0.000239
8.000000	4.079469	4.075115	NEARBOUND	-4.544380	3.136140	3.370500	-12.544380	0.001229
8.000000	3.792528	3.398524	FARBOUND	-3.469750	2.898430	3.203640	4.530250	0.000582
8.000000	4.571758	3.947770	FARBOUND	-12.979500	2.174390	2.107680	-4.979500	0.000694
8.000000	4.460913	3.841405	FARBOUND	-10.394100	3.152680	3.472610	-2.394100	0.000629
8.000000	4.358333	4.156871	FARBOUND	-14.003000	2.523690	2.917940	-6.003000	0.000250
8.000000	4.358333	4.156871	NEARBOUND	-6.108400	2.991010	3.330440	-14.108400	0.000921
8.000000	4.346495	3.842139	FARBOUND	11.984200	1.809090	1.257280	19.984200	0.000206
8.000000	4.446003	4.582917	FARBOUND	-3.955770	2.938520	3.231810	4.044230	0.001748
8.000000	3.801369	3.459285	NEARBOUND	-12.003600	2.334520	2.568770	-20.003600	0.000230
8.000000	4.049897	3.664479	FARBOUND	5.060530	1.235700	0.811621	13.060530	0.000032
8.000000	4.049897	3.664479	NEARBOUND	4.369360	1.257170	1.000540	-3.630640	0.003365
8.000000	3.847036	3.983172	NEARBOUND	-12.994500	2.549930	2.698640	-20.994500	0.000005
8.000000	4.282791	3.985129	FARBOUND	8.008770	1.543240	1.121080	16.008770	0.001528
8.000000	4.282791	3.985129	NEARBOUND	-3.140020	2.856310	3.220600	-11.140020	0.000177
8.000000	3.868859	3.957433	FARBOUND	-4.803330	2.641910	2.697370	3.196670	0.000488
8.000000	4.289206	4.519634	NEARBOUND	-20.191400	2.551940	2.517590	-28.191400	0.000021
8.000000	4.625810	4.062500	NEARBOUND	-5.105960	2.940500	3.088520	-13.105960	0.000815
8.000000	4.273522	3.777424	FARBOUND	-8.943420	2.351540	2.373840	-0.943420	0.000098
8.000000	4.508722	4.037227	FARBOUND	-4.765500	2.941680	3.278310	3.234500	0.002259
8.000000	4.508722	4.037227	NEARBOUND	-1.614150	2.603250	2.621150	-9.614150	0.000134
8.000000	4.149776	3.921992	FARBOUND	-4.905420	3.042130	3.424730	3.094580	0.000797
8.000000	4.149776	3.921992	NEARBOUND	-0.870962	1.543670	1.500300	-8.870962	0.002064
8.000000	4.417248	4.211726	FARBOUND	-9.517260	2.155630	2.174800	-1.517260	0.004404
8.000000	4.417248	4.211726	NEARBOUND	-23.407200	2.457340	2.325730	-31.407200	0.005531
8.000000	4.214518	3.880941	NEARBOUND	-6.021920	2.149690	2.323790	-14.021920	0.000031
8.000000	3.872373	3.625774	NEARBOUND	-6.657410	2.543520	2.713750	-14.657410	0.001436
8.000000	4.717612	4.357737	NEARBOUND	-25.925700	2.115260	1.871740	-33.925700	0.001950
8.000000	4.430829	4.068991	FARBOUND	-12.840000	2.884300	3.395670	-4.840000	0.002766
8.000000	4.430829	4.068991	NEARBOUND	-12.594400	2.365680	2.527410	-20.594400	0.001159
8.000000	4.671787	4.687120	FARBOUND	-9.151000	2.357060	2.439880	-1.151000	0.000520
8.000000	4.302910	3.812718	NEARBOUND	-5.601140	2.590000	2.726650	-13.601140	0.000615
8.000000	4.817120	4.301413	FARBOUND	-5.671970	2.760850	2.922850	2.328030	0.000398
8.000000	4.529705	4.517578	FARBOUND	-7.662360	2.528910	2.722440	0.337640	0.001083
8.000000	4.379386	3.835354	NEARBOUND	-5.544170	2.436390	2.494770	-13.544170	0.000041
8.000000	3.798806	3.860061	NEARBOUND	-15.194200	2.381250	2.241070	-23.194200	0.000021
8.000000	4.415605	4.231387	FARBOUND	-10.575300	2.530930	2.684400	-2.575300	0.002592
8.000000	4.415605	4.231387	NEARBOUND	1.046240	2.079610	2.079180	-6.953760	0.001214
8.000000	4.313162	4.213696	FARBOUND	8.371200	1.816320	1.493180	16.371200	0.000001
8.000000	4.313162	4.213696	NEARBOUND	-0.434147	2.992820	3.021180	-8.434147	0.000220
8.000000	4.493069	4.219348	FARBOUND	-1.510950	3.066430	3.311590	6.489050	0.000982
8.000000	4.021625	4.291791	NEARBOUND	3.344360	1.056230	0.851968	-4.655640	0.000869
8.000000	4.095908	3.734890	NEARBOUND	-4.579990	3.178540	3.494160	-12.579990	0.001925
8.000000	3.827021	3.844024	FARBOUND	-17.061800	2.605370	2.888490	-9.061800	0.002234
8.000000	4.374168	3.736088	FARBOUND	-6.140860	3.109260	3.513670	1.859140	0.000509
8.000000	4.333707	3.802623	FARBOUND	-3.382660	2.975440	3.237370	4.617340	0.001418
8.000000	4.333707	3.802623	NEARBOUND	-4.162850	2.831200	2.956130	-12.162850	0.000827
8.000000	3.976353	3.926799	FARBOUND	-8.881100	2.940990	3.522460	-0.881100	0.000396
8.000000	3.976353	3.926799	NEARBOUND	-10.652700	3.130970	3.606400	-18.652700	0.000945
8.000000	4.524391	3.956196	NEARBOUND	-9.141810	2.915100	3.011590	-17.141810	0.000471
8.000000	4.611985	4.093850	NEARBOUND	1.353970	0.549691	0.272315	-6.646030	0.000256
8.000000	3.901130	3.936542	NEARBOUND	4.155900	1.647060	1.463840	-3.844100	0.000495
8.000000	3.618326	3.916492	NEARBOUND	-10.030000	2.817650	3.269120	-18.030000	0.002944
8.000000	4.327795	3.590914	NEARBOUND	-4.777910	2.477260	2.527860	-12.777910	0.001946
8.000000	4.563907	4.305259	NEARBOUND	-22.760200	2.281530	2.353910	-30.760200	0.000531
8.000000	4.038038	4.109369	FARBOUND	-17.203700	2.420220	2.398170	-9.203700	0.001035
8.000000	4.766112	4.399147	NEARBOUND	27.912400	2.235360	1.254090	19.912400	0.000215
8.000000	4.797161	4.247462	NEARBOUND	1.740550	1.399410	1.291370	-6.259450	0.000247
8.000000	3.986749	3.978143	NEARBOUND	1.451780	3.018150	3.115990	-6.548220	0.003559
8.000000	4.687116	4.243547	FARBOUND	2.849360	1.622560	1.497630	10.849360	0.000598
8.000000	4.162033	3.906384	FARBOUND	-2.411370	2.924980	3.185260	5.588630	0.001196
8.000000	4.447727	3.811314	NEARBOUND	-3.460680	2.967690	3.228640	-11.460680	0.000727
8.000000	4.218623	3.906701	NEARBOUND	1.747540	1.486970	1.359310	-6.252460	0.000642
8.000000	4.501686	4.311605	FARBOUND	6.587470	1.343800	0.999341	14.587470	0.000312
8.000000	4.229633	3.883987	NEARBOUND	-10.309500	1.971970	1.916400	-18.309500	0.000524
8.000000	4.534021	4.407777	NEARBOUND	0.134750	2.695730	2.701460	-7.865250	0.003122
8.000000	4.179454	4.059906	NEARBOUND	-2.704660	3.196360	3.405760	-10.704660	0.000097
8.000000	4.394947	3.780605	FARBOUND	-17.507500	2.302350	2.228280	-9.507500	0.000389
8.000000	4.394947	3.780605	NEARBOUND	-11.284600	2.703950	2.944130	-19.284600	0.000395
8.000000	4.225408	4.289129	FARBOUND	-3.198460	2.498480	2.658090	4.801540	0.000700
8.000000	4.225408	4.289129	NEARBOUND	4.154040	1.574560	1.340530	-3.845960	0.000795
8.000000	4.539324	3.960858	FARBOUND	-18.016700	2.220050	2.123300	-10.016700	0.000286
8.000000	3.976441	4.138266	FARBOUND	-16.088700	2.279310	2.554400	-8.088700	0.000392
8.000000	4.221664	3.960570	FARBOUND	-6.173790	2.634410	2.766740	1.826210	0.000822
8.000000	4.538106	4.041117	FARBOUND	-7.636500	2.479250	2.525290	0.363500	0.000070
8.000000	4.233745	4.227537	FARBOUND	2.160150	1.110790	0.924168	10.160150	0.001667
8.000000	4.233745	4.227537	NEARBOUND	-3.485530	2.809650	3.013910	-11.485530	0.001861
8.000000	4.263115	4.173250	FARBOUND	-14.976000	2.067420	2.259380	-6.976000	0.001434
8.000000	3.900105	3.817744	NEARBOUND	-12.246900	2.517540	2.683720	-20.246900	0.000226
8.000000	4.145100	4.012956	NEARBOUND	-0.074886	1.628610	1.623250	-8.074886	0.000217
8.000000	3.834444	3.968217	NEARBOUND	-15.068700	2.701490	2.811790	-23.068700	0.001175
8.000000	4.038801	4.188811	FARBOUND	8.488360	2.163970	2.035190	16.488360	0.000975
8.000000	4.368589	4.665365	NEARBOUND	-2.895260	2.889600	3.065230	-10.895260	0.000868
8.000000	4.085220	4.190586	FARBOUND	-3.159050	2.950260	3.070230	4.840950	0.000348
8.000000	4.127661	4.194137	FARBOUND	-12.640700	2.358340	2.397050	-4.640700	0.003136
8.000000	3.964808	4.243141	FARBOUND	-2.782770	2.543750	2.614640	5.217230	0.002634
8.000000	3.877024	3.710075	NEARBOUND	-5.491260	3.136680	3.600140	-13.491260	0.000628
8.000000	4.602499	4.319875	NEARBOUND	-6.175440	3.389450	3.619350	-14.175440	0.002506
8.000000	3.705102	4.184028	NEARBOUND	-5.709050	3.372700	3.629440	-13.709050	0.001719
8.000000	4.178682	3.824431	FARBOUND	-10.854900	2.695530	2.964180	-2.854900	0.004221
8.000000	4.283962	4.467380	FARBOUND	-4.346250	2.374790	2.522430	3.653750	0.002378
8.000000	4.578571	4.354749	FARBOUND	-7.074970	2.762350	2.888850	0.925030	0.000987
8.000000	4.664313	4.203350	FARBOUND	-8.494620	2.569630	2.851370	-0.494620	0.000999
8.000000	4.413845	4.511575	FARBOUND	-7.543500	2.607960	2.996880	0.456500	0.000880
8.000000	4.410632	4.389881	FARBOUND	-9.435880	2.362510	2.513650	-1.435880	0.001890
