#********mc_data: L-32.0, k_b-300000000.0, dt-1e-10, N-300.0********


#init L		 init nma	 init fma	 state		 final L	 final nma	 final fma	 step length	 t
32.000000	4.577663	4.117191	FARBOUND	8.369100	1.624460	1.210450	40.369100	0.000005
32.000000	4.485779	3.628795	NEARBOUND	24.220200	2.112800	0.937054	-7.779800	0.000016
32.000000	4.491724	3.757005	NEARBOUND	-4.498110	3.210700	3.410270	-36.498110	0.000010
32.000000	4.312235	4.346146	FARBOUND	-5.863660	2.751800	3.010680	26.136340	0.000020
32.000000	4.498788	4.272299	NEARBOUND	-34.611200	2.406430	2.148280	-66.611200	0.000005
32.000000	4.406092	3.902456	FARBOUND	-13.109700	2.379130	2.751660	18.890300	0.000017
32.000000	4.230254	3.763872	NEARBOUND	-8.904710	2.304180	2.271690	-40.904710	0.000014
32.000000	4.211312	3.729255	NEARBOUND	21.267700	2.166560	1.566380	-10.732300	0.000016
32.000000	4.171854	3.809196	FARBOUND	6.425040	1.497300	1.168940	38.425040	0.000003
32.000000	4.908924	3.749312	FARBOUND	-7.691830	2.389330	2.478140	24.308170	0.000003
32.000000	4.880605	3.644672	FARBOUND	3.358290	1.248910	1.028990	35.358290	0.000001
32.000000	4.380105	3.696118	FARBOUND	-6.498800	3.212540	3.464310	25.501200	0.000014
32.000000	4.248140	4.173057	NEARBOUND	-11.499100	2.189190	2.237280	-43.499100	0.000002
32.000000	4.483556	4.014542	NEARBOUND	-7.403790	3.072450	3.384330	-39.403790	0.000040
32.000000	4.171093	3.772918	FARBOUND	-13.470800	2.050430	1.993970	18.529200	0.000061
32.000000	4.214002	3.598467	FARBOUND	-5.443780	2.726580	2.858220	26.556220	0.000008
32.000000	4.824610	4.172186	FARBOUND	2.856200	1.192550	0.878823	34.856200	0.000002
32.000000	4.140415	3.529641	NEARBOUND	-6.906250	2.820480	3.145820	-38.906250	0.000000
32.000000	4.160450	3.883642	FARBOUND	-3.593750	2.539990	2.543610	28.406250	0.000035
32.000000	4.091608	4.015322	FARBOUND	-0.662848	1.162790	1.120990	31.337152	0.000003
32.000000	4.311453	3.827455	NEARBOUND	-5.919220	2.545080	2.784700	-37.919220	0.000011
32.000000	4.054692	3.820432	NEARBOUND	-3.157360	2.688640	2.907310	-35.157360	0.000006
32.000000	4.824540	3.889713	FARBOUND	2.616000	1.019990	0.839315	34.616000	0.000010
32.000000	4.296418	3.870936	FARBOUND	-7.315000	2.833400	3.255630	24.685000	0.000026
32.000000	4.648923	3.847950	FARBOUND	15.259900	1.964530	1.402050	47.259900	0.000004
32.000000	4.540870	3.934934	NEARBOUND	-3.421070	3.291910	3.452180	-35.421070	0.000026
32.000000	4.456212	3.999351	NEARBOUND	-9.461390	2.472450	2.501040	-41.461390	0.000054
32.000000	4.323708	3.585175	FARBOUND	-0.522203	3.031870	3.057290	31.477797	0.000012
32.000000	4.723280	3.684785	NEARBOUND	27.702600	2.135170	1.413480	-4.297400	0.000005
32.000000	4.341445	3.740779	FARBOUND	-9.451960	2.262780	2.192390	22.548040	0.000011
32.000000	4.371279	3.502490	FARBOUND	0.508593	3.084900	3.138740	32.508593	0.000020
32.000000	4.801567	4.033848	NEARBOUND	-8.322470	2.888220	3.202990	-40.322470	0.000013
32.000000	4.642894	4.142980	FARBOUND	-6.661670	2.571400	2.983320	25.338330	0.000005
32.000000	4.533492	3.871386	FARBOUND	17.340800	1.922300	1.102300	49.340800	0.000001
32.000000	4.596724	3.937677	FARBOUND	-5.177470	1.882820	1.780420	26.822530	0.000002
32.000000	4.255843	4.172013	FARBOUND	8.244890	1.913650	1.617240	40.244890	0.000011
32.000000	4.380589	4.033298	FARBOUND	-1.917730	2.962690	3.089740	30.082270	0.000012
32.000000	4.204941	4.057263	FARBOUND	-2.012550	2.109970	2.074270	29.987450	0.000002
32.000000	4.223931	4.112970	FARBOUND	-15.556700	2.331540	2.320490	16.443300	0.000015
32.000000	4.292056	3.530941	FARBOUND	-7.526910	2.766580	3.040030	24.473090	0.000005
32.000000	4.598864	3.927655	FARBOUND	-7.515120	2.385860	2.809440	24.484880	0.000028
32.000000	3.792528	3.398524	FARBOUND	-13.889700	2.519510	3.127640	18.110300	0.000031
32.000000	4.508722	4.037227	NEARBOUND	-7.979070	2.909020	3.330640	-39.979070	0.000010
32.000000	4.716923	3.974634	FARBOUND	15.001600	1.913340	1.261580	47.001600	0.000003
32.000000	4.539324	3.960858	FARBOUND	-11.785100	2.220330	2.264010	20.214900	0.000002
32.000000	4.382509	3.765474	FARBOUND	-5.798040	3.210650	3.428770	26.201960	0.000025
32.000000	4.539330	4.653313	FARBOUND	9.399480	1.551690	1.067500	41.399480	0.000007
32.000000	4.210007	4.115959	NEARBOUND	-1.897790	3.245400	3.347300	-33.897790	0.000039
32.000000	4.873152	3.826904	FARBOUND	10.529300	1.657270	1.063880	42.529300	0.000002
32.000000	4.493880	4.072582	FARBOUND	-12.248300	2.177030	2.050770	19.751700	0.000002
32.000000	4.438143	4.075241	FARBOUND	3.750830	1.411270	1.187890	35.750830	0.000022
32.000000	4.067931	3.928851	NEARBOUND	-4.677870	2.460970	2.556720	-36.677870	0.000007
32.000000	4.201682	3.853136	NEARBOUND	-12.690100	1.978250	1.987650	-44.690100	0.000030
32.000000	4.148927	3.547204	FARBOUND	-3.828750	2.829380	3.022890	28.171250	0.000039
32.000000	4.802380	4.222888	NEARBOUND	-16.464200	2.097470	2.162540	-48.464200	0.000009
32.000000	4.479853	4.401183	NEARBOUND	-4.864210	3.222050	3.596120	-36.864210	0.000006
32.000000	4.226739	3.734943	NEARBOUND	-6.435450	2.834530	3.250910	-38.435450	0.000002
32.000000	4.403134	3.706342	NEARBOUND	-5.117880	2.799260	3.011290	-37.117880	0.000020
32.000000	4.274517	3.968838	NEARBOUND	-13.373100	2.109160	2.208870	-45.373100	0.000005
32.000000	4.378362	3.911275	FARBOUND	-2.105180	3.155070	3.306060	29.894820	0.000021
32.000000	4.888483	3.782011	NEARBOUND	-34.663200	2.813530	2.472460	-66.663200	0.000000
32.000000	3.962735	4.111411	NEARBOUND	-6.043890	2.790440	2.911020	-38.043890	0.000025
32.000000	4.510553	3.763942	NEARBOUND	-7.211940	2.661150	2.770930	-39.211940	0.000018
32.000000	4.163778	3.948633	FARBOUND	10.928100	1.823130	1.470150	42.928100	0.000000
32.000000	4.775556	3.669443	NEARBOUND	-2.279020	2.612440	2.675450	-34.279020	0.000003
32.000000	4.406696	4.226815	NEARBOUND	6.399780	1.622040	1.286730	-25.600220	0.000041
32.000000	4.402786	3.957308	NEARBOUND	-4.260300	2.309750	2.458100	-36.260300	0.000013
32.000000	4.643425	3.948014	NEARBOUND	-4.738690	3.372510	3.636580	-36.738690	0.000004
32.000000	4.537571	3.900018	NEARBOUND	-1.006890	2.762700	2.802680	-33.006890	0.000026
32.000000	4.199884	3.767370	FARBOUND	2.894110	1.051340	0.776024	34.894110	0.000009
32.000000	4.574009	3.887475	FARBOUND	-7.078760	2.944920	3.367030	24.921240	0.000009
32.000000	4.156672	3.519641	FARBOUND	-4.785400	1.910620	2.185190	27.214600	0.000005
32.000000	4.330602	3.947393	FARBOUND	11.826600	1.815060	1.282100	43.826600	0.000004
32.000000	4.332979	4.208772	NEARBOUND	-9.887540	3.058780	3.553260	-41.887540	0.000012
32.000000	4.197368	3.650663	NEARBOUND	-16.718100	2.551770	2.953750	-48.718100	0.000006
32.000000	4.474403	3.917363	NEARBOUND	-5.922470	3.002920	3.408420	-37.922470	0.000007
32.000000	4.340991	3.921011	FARBOUND	-2.688680	2.671550	2.723880	29.311320	0.000016
32.000000	4.399978	3.812364	NEARBOUND	-11.260200	2.534680	2.558310	-43.260200	0.000001
32.000000	3.990094	4.079433	NEARBOUND	-4.228750	3.183750	3.486240	-36.228750	0.000010
32.000000	4.346373	4.328763	NEARBOUND	-0.725162	2.688620	2.962760	-32.725162	0.000023
32.000000	3.983791	4.078425	FARBOUND	41.811100	2.332760	1.298370	73.811100	0.000000
32.000000	4.202994	3.894034	NEARBOUND	-36.351900	2.359570	1.826470	-68.351900	0.000004
32.000000	4.768719	3.632981	FARBOUND	13.136300	1.911300	1.412540	45.136300	0.000000
32.000000	4.462099	3.834217	NEARBOUND	6.674690	1.762380	1.488490	-25.325310	0.000021
32.000000	4.089285	4.111384	NEARBOUND	-9.055450	3.081950	3.494020	-41.055450	0.000011
32.000000	4.419578	4.252566	FARBOUND	-8.746780	2.496220	2.600750	23.253220	0.000005
32.000000	4.353700	3.734773	NEARBOUND	1.063190	2.406040	2.417560	-30.936810	0.000012
32.000000	4.492604	3.653572	FARBOUND	12.051600	1.798130	1.026440	44.051600	0.000030
32.000000	4.752015	4.034465	NEARBOUND	-11.603700	2.453920	2.682650	-43.603700	0.000056
32.000000	4.262272	4.211202	FARBOUND	-6.258160	2.455590	2.478150	25.741840	0.000015
32.000000	4.365111	4.230773	NEARBOUND	-7.475080	2.217760	2.149340	-39.475080	0.000006
32.000000	4.348804	3.920168	FARBOUND	10.751200	1.877700	1.495350	42.751200	0.000000
32.000000	4.450154	3.898913	FARBOUND	19.864600	2.051490	1.538250	51.864600	0.000000
32.000000	4.861895	4.110829	NEARBOUND	-6.219460	2.402090	2.464550	-38.219460	0.000007
32.000000	4.591628	4.436179	FARBOUND	-8.694510	2.575650	2.841870	23.305490	0.000007
32.000000	4.562505	3.501640	NEARBOUND	-9.771450	2.884560	3.084240	-41.771450	0.000001
32.000000	4.548803	4.501366	NEARBOUND	-2.885790	3.336870	3.504940	-34.885790	0.000061
32.000000	3.875689	3.760859	FARBOUND	-5.848840	2.309040	2.538490	26.151160	0.000008
32.000000	4.551504	3.796194	NEARBOUND	-11.131000	2.713270	3.090040	-43.131000	0.000008
32.000000	4.305607	4.085154	FARBOUND	4.788500	1.421780	1.136810	36.788500	0.000002
32.000000	4.287589	4.026883	NEARBOUND	8.500490	2.017960	1.890870	-23.499510	0.000021
32.000000	4.060112	3.667498	FARBOUND	-7.243920	2.485120	2.678120	24.756080	0.000008
32.000000	4.060112	3.667498	NEARBOUND	-8.788350	2.485070	2.481920	-40.788350	0.000046
32.000000	4.411277	3.739121	FARBOUND	-8.528760	3.078640	3.582090	23.471240	0.000010
32.000000	3.900232	3.542096	FARBOUND	-3.323300	1.984370	1.951480	28.676700	0.000001
32.000000	4.094077	3.452346	NEARBOUND	-5.451660	2.845390	3.027240	-37.451660	0.000011
32.000000	4.461496	3.893238	NEARBOUND	-8.089140	2.267970	2.285250	-40.089140	0.000010
32.000000	4.878558	3.826971	FARBOUND	-10.056900	2.113520	1.974320	21.943100	0.000025
32.000000	4.065894	4.057856	FARBOUND	0.208829	2.137450	2.135160	32.208829	0.000007
32.000000	3.927244	3.724846	FARBOUND	2.819400	1.590400	1.464460	34.819400	0.000001
32.000000	4.390368	3.819717	NEARBOUND	-50.308200	2.446110	1.452050	-82.308200	0.000000
32.000000	4.541280	4.055959	NEARBOUND	-36.243600	2.476920	1.975470	-68.243600	0.000013
32.000000	4.744250	4.180015	NEARBOUND	-3.604570	2.501260	2.650620	-35.604570	0.000005
32.000000	4.262672	3.830889	FARBOUND	30.847000	2.167990	1.284530	62.847000	0.000002
32.000000	5.061810	3.817835	NEARBOUND	-5.407800	3.146910	3.451690	-37.407800	0.000002
32.000000	4.973477	3.636241	NEARBOUND	-6.953380	3.147470	3.546370	-38.953380	0.000056
32.000000	4.564342	3.683667	NEARBOUND	-10.283000	2.729080	3.008300	-42.283000	0.000020
32.000000	4.383321	4.093548	NEARBOUND	-14.714000	2.427510	2.564810	-46.714000	0.000024
32.000000	4.698403	4.092513	NEARBOUND	-9.439440	2.408840	2.605870	-41.439440	0.000020
32.000000	4.768974	4.187899	FARBOUND	4.252300	0.907430	0.566499	36.252300	0.000000
32.000000	4.889332	3.884309	FARBOUND	-3.130080	2.898090	3.131060	28.869920	0.000011
32.000000	3.923090	3.620819	FARBOUND	-15.528700	2.249280	2.172930	16.471300	0.000020
32.000000	4.519235	3.898924	NEARBOUND	-6.824020	2.750140	2.997710	-38.824020	0.000019
32.000000	3.974062	4.060526	FARBOUND	9.107830	1.782750	1.395240	41.107830	0.000004
32.000000	4.007513	3.696931	FARBOUND	-6.494660	2.004630	2.140000	25.505340	0.000046
32.000000	4.469146	4.195744	FARBOUND	-7.790950	2.164500	2.144320	24.209050	0.000030
32.000000	4.297932	3.914486	FARBOUND	29.242600	2.351870	1.675970	61.242600	0.000000
32.000000	4.665017	4.164671	NEARBOUND	-1.208640	2.908070	2.939470	-33.208640	0.000033
32.000000	4.555338	3.887182	FARBOUND	7.886260	1.449590	0.987693	39.886260	0.000002
32.000000	4.469819	4.376762	NEARBOUND	-4.848880	3.214340	3.454680	-36.848880	0.000009
32.000000	4.268879	4.023328	NEARBOUND	-8.390740	2.065940	2.010840	-40.390740	0.000000
32.000000	4.304781	3.753015	FARBOUND	2.991090	1.398990	1.090130	34.991090	0.000003
32.000000	4.441077	4.455582	FARBOUND	-5.475940	2.190740	2.551070	26.524060	0.000021
32.000000	4.400490	3.829397	FARBOUND	-2.775440	2.926880	3.018640	29.224560	0.000044
32.000000	4.557089	4.077238	FARBOUND	22.557700	2.083880	1.254290	54.557700	0.000000
32.000000	5.005912	4.332705	FARBOUND	-9.295480	2.435330	2.535880	22.704520	0.000014
32.000000	4.514958	3.742452	NEARBOUND	-17.266200	2.263910	2.645520	-49.266200	0.000018
32.000000	4.377367	4.007694	FARBOUND	24.896400	2.236200	1.804240	56.896400	0.000000
32.000000	4.150387	4.126609	NEARBOUND	-7.469560	2.093150	2.008080	-39.469560	0.000004
32.000000	4.445702	3.642531	NEARBOUND	-8.856470	2.675580	2.820270	-40.856470	0.000010
32.000000	3.904944	3.825986	FARBOUND	-18.061800	2.177340	1.924610	13.938200	0.000002
32.000000	4.346313	4.505785	FARBOUND	9.379350	1.495120	0.964088	41.379350	0.000002
32.000000	4.517864	3.780434	FARBOUND	-8.355390	2.497240	2.790610	23.644610	0.000008
32.000000	3.647792	3.705106	FARBOUND	-6.117600	3.091120	3.408840	25.882400	0.000012
32.000000	4.560301	3.792906	FARBOUND	-3.530820	3.278710	3.526840	28.469180	0.000004
32.000000	4.434495	3.486263	FARBOUND	-2.446450	1.806260	1.731080	29.553550	0.000005
32.000000	4.181308	4.466325	NEARBOUND	-13.368900	2.276370	2.295110	-45.368900	0.000019
32.000000	4.267913	3.844745	NEARBOUND	-2.769210	1.914290	2.040930	-34.769210	0.000002
32.000000	4.430090	3.919572	NEARBOUND	-10.351300	2.385070	2.461860	-42.351300	0.000020
32.000000	4.524418	4.117996	FARBOUND	8.680390	2.081850	1.906240	40.680390	0.000000
32.000000	4.577104	4.121752	FARBOUND	-2.473820	3.091940	3.311070	29.526180	0.000024
32.000000	3.860277	3.819131	NEARBOUND	-0.097846	2.425440	2.426550	-32.097846	0.000019
32.000000	4.029540	3.632901	FARBOUND	4.177590	1.824150	1.709650	36.177590	0.000000
32.000000	4.384414	4.107532	NEARBOUND	-4.453280	2.531160	2.654550	-36.453280	0.000006
32.000000	3.998494	3.688537	NEARBOUND	-9.354570	3.121930	3.564100	-41.354570	0.000034
32.000000	3.710510	3.887607	FARBOUND	-4.359730	2.757420	2.820120	27.640270	0.000002
32.000000	4.086369	3.854717	FARBOUND	1.374530	1.226770	1.142400	33.374530	0.000003
32.000000	4.468391	3.931992	FARBOUND	1.811590	2.519950	2.682640	33.811590	0.000013
32.000000	4.201949	3.885684	FARBOUND	-5.290980	3.128010	3.380620	26.709020	0.000021
32.000000	4.755468	4.074560	FARBOUND	24.774100	2.219910	1.449970	56.774100	0.000000
32.000000	4.609191	4.050751	NEARBOUND	0.163639	0.733960	0.716684	-31.836361	0.000020
32.000000	4.700775	4.065664	NEARBOUND	-25.991600	2.574570	2.252720	-57.991600	0.000006
32.000000	4.599906	4.112413	FARBOUND	4.549400	1.233100	0.974543	36.549400	0.000016
32.000000	4.688104	3.497126	NEARBOUND	1.903340	1.588680	1.503320	-30.096660	0.000048
32.000000	4.184929	3.971366	FARBOUND	-7.415160	3.100160	3.435230	24.584840	0.000027
32.000000	4.215182	3.916943	NEARBOUND	-7.169210	2.736810	3.064320	-39.169210	0.000031
32.000000	4.160707	3.973423	NEARBOUND	-27.036900	2.343490	2.353440	-59.036900	0.000003
32.000000	3.869949	3.960647	NEARBOUND	-9.626910	1.848080	1.916060	-41.626910	0.000005
32.000000	3.924539	3.823013	NEARBOUND	-6.239330	2.483050	2.724810	-38.239330	0.000004
32.000000	4.128002	3.769084	NEARBOUND	-3.019600	2.502600	2.973490	-35.019600	0.000006
32.000000	4.227444	3.997397	FARBOUND	3.740900	2.034310	1.917550	35.740900	0.000003
32.000000	4.595423	4.045192	FARBOUND	5.500160	1.558670	1.195690	37.500160	0.000002
32.000000	4.307457	4.187543	FARBOUND	-3.619890	2.576590	2.790140	28.380110	0.000016
32.000000	4.247288	3.604824	NEARBOUND	-12.243000	3.353400	3.809070	-44.243000	0.000008
32.000000	3.854954	3.583598	FARBOUND	-23.788800	2.027670	2.105620	8.211200	0.000033
32.000000	4.507098	4.218965	NEARBOUND	-1.607860	3.137070	3.269690	-33.607860	0.000005
32.000000	4.915294	3.844109	NEARBOUND	-8.913460	2.721940	2.851150	-40.913460	0.000040
32.000000	4.488627	3.743803	FARBOUND	6.624990	1.138660	0.503840	38.624990	0.000000
32.000000	4.183263	3.569251	NEARBOUND	6.068880	1.682360	1.409030	-25.931120	0.000011
32.000000	4.552608	3.899179	FARBOUND	-18.414500	2.225490	2.235430	13.585500	0.000002
32.000000	4.294945	3.927580	FARBOUND	15.871100	2.085390	1.769310	47.871100	0.000000
32.000000	4.375012	4.103952	FARBOUND	-5.977240	3.178830	3.424710	26.022760	0.000016
32.000000	4.401405	3.977384	FARBOUND	24.708800	2.109830	1.256410	56.708800	0.000005
32.000000	4.610482	4.536168	FARBOUND	7.896660	1.319380	0.839470	39.896660	0.000002
32.000000	3.805839	4.171051	NEARBOUND	-16.603500	2.094320	1.889230	-48.603500	0.000011
32.000000	4.134858	3.738104	NEARBOUND	-5.138670	3.250710	3.394920	-37.138670	0.000023
32.000000	4.029205	3.600249	FARBOUND	1.583660	0.953591	0.796110	33.583660	0.000001
32.000000	4.613875	3.773391	FARBOUND	1.488490	1.711770	1.655660	33.488490	0.000002
32.000000	3.863309	3.708560	NEARBOUND	-3.050280	3.159080	3.335430	-35.050280	0.000004
32.000000	4.401620	3.993275	NEARBOUND	-10.936700	2.665370	2.852950	-42.936700	0.000006
32.000000	4.385840	4.317277	NEARBOUND	-3.109910	2.884820	3.085540	-35.109910	0.000020
32.000000	4.253148	4.294314	FARBOUND	17.109600	2.075160	1.432620	49.109600	0.000008
32.000000	4.455746	3.570172	FARBOUND	4.548750	1.653290	1.452110	36.548750	0.000013
32.000000	4.460065	4.003248	FARBOUND	3.497460	1.048990	0.770056	35.497460	0.000003
32.000000	4.380555	4.006941	NEARBOUND	-5.974180	2.569800	2.777350	-37.974180	0.000047
32.000000	4.661254	4.245775	FARBOUND	-6.428530	2.378270	2.605600	25.571470	0.000012
32.000000	4.566061	4.423733	NEARBOUND	-5.482160	2.947810	3.398090	-37.482160	0.000002
32.000000	4.704280	3.958976	FARBOUND	-5.049790	2.969720	3.307130	26.950210	0.000040
32.000000	4.162748	3.744557	NEARBOUND	-14.830100	2.203940	1.801890	-46.830100	0.000000
32.000000	4.326110	3.814757	NEARBOUND	-0.617637	2.492960	2.525140	-32.617637	0.000017
32.000000	4.546479	3.846378	FARBOUND	26.548300	2.287430	1.349200	58.548300	0.000000
32.000000	4.529107	4.071051	FARBOUND	-13.789200	2.265840	2.079320	18.210800	0.000004
32.000000	4.488613	4.012674	FARBOUND	-10.035300	3.140640	3.644600	21.964700	0.000006
32.000000	4.614902	3.585144	NEARBOUND	-9.056540	2.755100	3.145380	-41.056540	0.000031
32.000000	4.788872	3.867695	FARBOUND	-12.266000	3.006730	3.483300	19.734000	0.000022
32.000000	4.517996	3.796752	FARBOUND	5.698110	1.752510	1.529210	37.698110	0.000019
32.000000	4.759555	4.195983	NEARBOUND	-8.196820	2.372730	2.793070	-40.196820	0.000051
32.000000	4.219611	3.640810	NEARBOUND	-2.447380	2.730870	2.821550	-34.447380	0.000008
32.000000	4.441304	3.692472	FARBOUND	-5.381670	2.596370	3.038730	26.618330	0.000020
32.000000	4.987013	3.331020	FARBOUND	3.251010	1.011530	0.637581	35.251010	0.000001
32.000000	4.743645	3.794250	FARBOUND	-12.776100	2.270630	2.350330	19.223900	0.000020
32.000000	4.267856	3.885928	FARBOUND	-7.588520	2.798260	3.313150	24.411480	0.000003
32.000000	4.709269	3.940248	FARBOUND	-13.745100	2.438460	2.806510	18.254900	0.000009
32.000000	3.987817	3.889103	FARBOUND	-23.889500	2.137580	1.851710	8.110500	0.000006
32.000000	4.320050	3.746368	FARBOUND	9.909560	1.501050	0.922023	41.909560	0.000002
32.000000	4.153543	3.702668	NEARBOUND	-12.049000	3.042230	3.296050	-44.049000	0.000057
32.000000	4.788096	4.366631	FARBOUND	-3.848430	2.710050	3.113530	28.151570	0.000025
32.000000	4.299939	3.853733	FARBOUND	4.352840	2.050120	2.009190	36.352840	0.000002
32.000000	4.711549	3.679660	NEARBOUND	-7.968030	2.402270	2.859390	-39.968030	0.000073
32.000000	4.669866	4.129669	FARBOUND	7.865510	1.370580	0.853486	39.865510	0.000002
32.000000	4.050863	3.946959	NEARBOUND	-11.448200	3.030920	3.284870	-43.448200	0.000030
32.000000	3.979940	4.018916	NEARBOUND	-12.364700	2.660060	2.766250	-44.364700	0.000015
32.000000	4.593086	3.570903	FARBOUND	5.602770	1.585070	1.312190	37.602770	0.000002
32.000000	4.375995	3.815965	NEARBOUND	-15.548400	2.642690	3.044950	-47.548400	0.000008
32.000000	4.140500	4.265579	NEARBOUND	-11.660800	2.321060	2.479310	-43.660800	0.000001
32.000000	4.137037	3.762377	FARBOUND	-22.409200	2.373260	1.992790	9.590800	0.000011
32.000000	4.173644	3.838878	NEARBOUND	-5.964000	2.248330	2.332570	-37.964000	0.000001
32.000000	4.735879	4.427318	NEARBOUND	-6.594710	2.502550	2.613830	-38.594710	0.000064
32.000000	3.798320	3.658603	NEARBOUND	-0.719556	3.068690	3.171640	-32.719556	0.000003
32.000000	4.187572	3.816767	FARBOUND	-12.204400	2.103540	2.225200	19.795600	0.000032
32.000000	4.685419	4.221838	FARBOUND	0.745121	1.985590	1.969150	32.745121	0.000006
32.000000	4.946202	3.946436	FARBOUND	33.191200	2.261700	1.579640	65.191200	0.000000
32.000000	4.677365	4.114249	NEARBOUND	-7.284720	2.928730	3.333860	-39.284720	0.000011
32.000000	4.838773	4.197758	NEARBOUND	-6.071030	3.127240	3.305320	-38.071030	0.000022
32.000000	4.398964	4.087607	FARBOUND	11.542700	1.750970	1.011940	43.542700	0.000012
32.000000	4.456728	3.906053	FARBOUND	-9.416720	2.375730	2.710530	22.583280	0.000007
32.000000	4.439996	4.160601	NEARBOUND	-1.886110	3.401190	3.520930	-33.886110	0.000001
32.000000	4.692694	3.650563	FARBOUND	1.934670	2.050540	2.033390	33.934670	0.000005
32.000000	4.048028	3.752350	NEARBOUND	-3.845760	2.991920	3.130520	-35.845760	0.000015
32.000000	4.189707	3.358424	FARBOUND	4.111790	1.753280	1.602560	36.111790	0.000001
32.000000	4.466832	3.758761	FARBOUND	7.331740	1.412670	0.864222	39.331740	0.000001
32.000000	4.429147	4.403731	FARBOUND	-3.419890	3.269900	3.439740	28.580110	0.000002
32.000000	4.565152	4.123938	FARBOUND	-21.926300	2.200730	2.285600	10.073700	0.000009
32.000000	4.084729	4.262834	FARBOUND	34.645700	2.278020	1.292270	66.645700	0.000000
32.000000	4.693401	3.904927	FARBOUND	11.592500	1.920310	1.488540	43.592500	0.000001
32.000000	4.219848	3.639540	FARBOUND	18.629900	2.023460	1.289170	50.629900	0.000000
32.000000	4.324972	4.031445	NEARBOUND	-5.540970	2.369250	2.701920	-37.540970	0.000001
32.000000	3.972733	3.793609	FARBOUND	1.625460	0.787019	0.580220	33.625460	0.000002
32.000000	4.297498	4.078316	FARBOUND	0.933289	1.232750	1.165420	32.933289	0.000003
32.000000	4.382900	3.591559	NEARBOUND	-2.338860	2.580910	2.612770	-34.338860	0.000025
32.000000	4.462668	3.810339	NEARBOUND	-7.329230	3.392420	3.693830	-39.329230	0.000003
32.000000	4.335474	3.932299	FARBOUND	3.035130	1.027600	0.806799	35.035130	0.000003
32.000000	4.509647	3.961749	NEARBOUND	-5.730900	2.376630	2.769760	-37.730900	0.000054
32.000000	4.611902	3.923679	FARBOUND	-14.284700	2.738910	3.106880	17.715300	0.000005
32.000000	4.429959	4.230102	NEARBOUND	-0.059501	3.027550	3.028940	-32.059501	0.000030
32.000000	4.313422	3.801546	NEARBOUND	-2.392320	2.513700	2.574650	-34.392320	0.000005
32.000000	4.490760	3.945082	NEARBOUND	-15.731500	2.333970	2.497830	-47.731500	0.000020
32.000000	4.037086	3.872708	FARBOUND	-5.667310	2.400040	2.909560	26.332690	0.000001
32.000000	4.326282	3.604416	FARBOUND	-14.439000	2.246090	2.235010	17.561000	0.000008
32.000000	4.227238	3.852873	FARBOUND	-29.491200	2.473230	2.077190	2.508800	0.000023
32.000000	4.544993	3.809525	FARBOUND	19.360900	2.029610	1.356260	51.360900	0.000002
32.000000	4.544993	3.809525	NEARBOUND	-7.435850	2.786070	3.142600	-39.435850	0.000030
32.000000	4.362281	3.745846	FARBOUND	1.208490	2.387740	2.381880	33.208490	0.000005
32.000000	4.453011	4.030212	FARBOUND	25.955200	2.360230	1.503840	57.955200	0.000002
32.000000	4.152256	3.768975	FARBOUND	-6.734420	2.580900	2.802500	25.265580	0.000009
32.000000	4.082850	3.823160	NEARBOUND	-35.044500	2.317340	1.647850	-67.044500	0.000000
32.000000	4.315521	3.919735	NEARBOUND	-5.634390	2.622510	2.921450	-37.634390	0.000004
32.000000	4.164224	3.707294	NEARBOUND	-9.469200	2.938840	3.375140	-41.469200	0.000014
32.000000	4.176929	3.953634	NEARBOUND	-27.671100	2.114070	2.066030	-59.671100	0.000014
32.000000	4.602742	3.888215	FARBOUND	-5.776360	2.934650	3.154460	26.223640	0.000003
32.000000	4.787611	3.415725	NEARBOUND	-5.813470	2.399300	2.407120	-37.813470	0.000010
32.000000	3.847740	3.888436	FARBOUND	-4.511970	3.216050	3.423640	27.488030	0.000023
32.000000	3.923429	4.152272	FARBOUND	25.265200	2.231540	1.555240	57.265200	0.000000
32.000000	4.251138	4.201451	NEARBOUND	-15.035200	2.020620	1.853600	-47.035200	0.000001
32.000000	4.565264	3.699721	FARBOUND	-4.098830	2.505210	2.789130	27.901170	0.000008
32.000000	4.483487	3.704465	FARBOUND	1.858390	0.745473	0.541400	33.858390	0.000001
32.000000	4.463806	4.185858	FARBOUND	-12.607200	2.881480	3.340060	19.392800	0.000030
32.000000	4.015758	3.293232	FARBOUND	-1.958630	1.189190	1.063360	30.041370	0.000003
32.000000	4.568498	3.998483	FARBOUND	-6.190260	2.560170	2.863230	25.809740	0.000022
32.000000	4.826577	3.691605	NEARBOUND	2.582180	1.114050	0.534584	-29.417820	0.000006
32.000000	4.035865	4.210701	FARBOUND	-3.503700	2.964950	3.116200	28.496300	0.000006
32.000000	4.233012	4.507015	NEARBOUND	-7.821860	1.564990	1.152360	-39.821860	0.000000
32.000000	4.334039	3.474213	NEARBOUND	-0.884185	0.970026	0.892308	-32.884185	0.000035
32.000000	4.031730	3.740593	NEARBOUND	-6.930700	2.269130	2.382530	-38.930700	0.000020
32.000000	4.583641	4.042031	NEARBOUND	-3.161290	2.868200	2.996540	-35.161290	0.000020
32.000000	4.511765	3.845841	NEARBOUND	15.229800	2.283010	1.950630	-16.770200	0.000006
32.000000	4.701569	3.609662	NEARBOUND	-27.371600	2.106010	1.715820	-59.371600	0.000000
32.000000	4.695048	3.779774	FARBOUND	4.723640	1.097160	0.814552	36.723640	0.000002
32.000000	4.398173	3.674106	FARBOUND	-18.150600	2.271100	2.037490	13.849400	0.000001
32.000000	4.180249	3.906160	FARBOUND	13.717400	1.894570	1.634150	45.717400	0.000000
32.000000	4.566428	3.724122	NEARBOUND	-4.690870	2.506630	2.606010	-36.690870	0.000004
32.000000	4.062085	3.332396	FARBOUND	10.478400	1.772060	1.290980	42.478400	0.000001
32.000000	4.574260	4.073626	FARBOUND	-20.498900	2.236120	1.968430	11.501100	0.000034
32.000000	4.031740	4.042717	FARBOUND	7.199890	1.506470	1.113380	39.199890	0.000000
32.000000	4.054983	4.066500	NEARBOUND	-25.624300	2.148780	2.388530	-57.624300	0.000014
32.000000	4.114081	3.992579	FARBOUND	-3.086750	1.731790	1.610900	28.913250	0.000002
32.000000	4.480359	3.620565	FARBOUND	14.168700	1.855750	0.753136	46.168700	0.000000
32.000000	4.425153	3.917024	FARBOUND	4.180200	1.108890	0.796100	36.180200	0.000001
32.000000	4.450985	4.461340	FARBOUND	12.269800	1.890480	1.403210	44.269800	0.000003
32.000000	3.598458	3.476802	FARBOUND	-3.715530	3.156030	3.468870	28.284470	0.000004
32.000000	4.334399	4.126897	FARBOUND	8.277540	1.695160	1.309100	40.277540	0.000001
32.000000	4.389906	3.671582	FARBOUND	-16.887000	2.081080	1.826310	15.113000	0.000002
32.000000	4.431465	3.978728	FARBOUND	4.625110	1.415470	1.148110	36.625110	0.000013
32.000000	4.395504	3.992331	NEARBOUND	-1.805010	2.116010	2.107950	-33.805010	0.000017
32.000000	4.494123	3.432110	FARBOUND	-6.079570	2.755050	3.086140	25.920430	0.000046
32.000000	4.301373	3.797504	NEARBOUND	-17.692000	1.909170	1.974930	-49.692000	0.000009
32.000000	4.536260	3.637754	FARBOUND	-10.394900	2.388360	2.626170	21.605100	0.000003
32.000000	4.403241	4.004988	FARBOUND	-4.205430	2.709860	2.931630	27.794570	0.000037
32.000000	4.539994	4.057053	NEARBOUND	-1.537810	1.497320	1.416290	-33.537810	0.000010
32.000000	4.344339	3.610479	FARBOUND	11.487800	1.763250	1.189220	43.487800	0.000005
32.000000	4.071529	4.282588	FARBOUND	26.366300	2.219650	1.305210	58.366300	0.000000
32.000000	4.332912	3.218947	FARBOUND	-9.820740	2.835560	3.003390	22.179260	0.000016
32.000000	4.430055	3.728279	FARBOUND	-2.993010	3.085940	3.335070	29.006990	0.000013
32.000000	4.503116	3.646624	NEARBOUND	-29.956600	2.678050	2.216600	-61.956600	0.000016
32.000000	3.767469	3.720537	FARBOUND	-7.138690	2.635230	2.967830	24.861310	0.000012
32.000000	4.301746	4.087127	FARBOUND	3.175110	2.134870	2.095100	35.175110	0.000001
32.000000	4.213954	3.856447	FARBOUND	-5.020130	2.351270	2.364300	26.979870	0.000024
32.000000	4.656720	3.751173	NEARBOUND	-3.538820	3.217690	3.455570	-35.538820	0.000016
32.000000	4.458389	3.784674	NEARBOUND	3.158630	2.060310	2.031490	-28.841370	0.000000
32.000000	4.120360	4.054718	NEARBOUND	-1.491100	3.226850	3.302560	-33.491100	0.000017
32.000000	4.591439	3.862421	FARBOUND	-0.895103	1.529030	1.706560	31.104897	0.000054
32.000000	4.704560	4.283682	FARBOUND	7.903730	1.509620	1.050900	39.903730	0.000032
32.000000	3.905615	3.706376	NEARBOUND	-11.685100	1.925540	1.744040	-43.685100	0.000002
32.000000	4.591347	4.052783	FARBOUND	-3.171210	3.081960	3.269270	28.828790	0.000007
32.000000	4.542134	3.875746	FARBOUND	4.210050	1.474610	1.218250	36.210050	0.000012
32.000000	4.041520	3.847300	NEARBOUND	-16.481700	2.264590	2.105300	-48.481700	0.000000
32.000000	4.019961	3.866933	NEARBOUND	-5.021730	2.693570	3.007110	-37.021730	0.000004
32.000000	4.345616	3.639410	NEARBOUND	15.453400	1.837090	1.019420	-16.546600	0.000013
32.000000	3.762726	3.755709	NEARBOUND	-2.803880	2.524460	2.578030	-34.803880	0.000021
32.000000	4.019546	3.848407	NEARBOUND	-9.327600	2.977640	3.296040	-41.327600	0.000006
32.000000	4.694665	4.182463	NEARBOUND	-10.637800	2.828500	3.203360	-42.637800	0.000021
32.000000	4.129519	3.771088	FARBOUND	-12.453000	1.989800	2.222180	19.547000	0.000018
32.000000	4.036851	4.151803	FARBOUND	-7.599290	2.470190	2.583040	24.400710	0.000006
32.000000	4.278616	3.506354	NEARBOUND	-2.892320	2.193440	2.181360	-34.892320	0.000000
32.000000	4.155580	3.690626	NEARBOUND	4.745020	1.707150	1.539250	-27.254980	0.000014
32.000000	3.862013	3.468000	FARBOUND	6.135190	1.917240	1.836490	38.135190	0.000005
32.000000	4.259777	3.801784	FARBOUND	-4.546290	2.780420	3.107460	27.453710	0.000019
32.000000	4.109376	4.061194	NEARBOUND	-6.581600	3.022490	3.382980	-38.581600	0.000026
32.000000	4.292332	4.281497	FARBOUND	-29.989800	2.061760	1.736750	2.010200	0.000006
32.000000	4.064977	3.951312	FARBOUND	-15.077500	2.395220	2.397600	16.922500	0.000000
32.000000	4.356273	4.142372	FARBOUND	-3.311380	1.485390	1.310570	28.688620	0.000027
32.000000	4.638340	3.732346	FARBOUND	6.974770	1.538430	1.195170	38.974770	0.000001
32.000000	3.977381	4.145625	NEARBOUND	-34.177200	2.157380	1.676500	-66.177200	0.000000
32.000000	4.486268	3.698565	NEARBOUND	-3.222240	2.641210	2.695770	-35.222240	0.000005
32.000000	4.658356	3.688347	FARBOUND	-6.341840	2.544610	2.668770	25.658160	0.000010
32.000000	3.758683	3.641447	FARBOUND	12.537700	2.000050	1.569780	44.537700	0.000015
32.000000	4.328531	3.506976	FARBOUND	3.277910	1.172530	0.861603	35.277910	0.000000
32.000000	4.166124	3.678372	FARBOUND	-5.504090	1.736620	2.214880	26.495910	0.000024
32.000000	3.640272	3.567526	NEARBOUND	-7.199930	2.282780	2.682760	-39.199930	0.000004
32.000000	4.478167	4.013321	FARBOUND	-13.280300	3.202050	3.735190	18.719700	0.000027
32.000000	4.200448	3.901903	FARBOUND	6.761490	1.729210	1.442530	38.761490	0.000008
32.000000	4.117282	3.656144	FARBOUND	13.694800	1.863980	1.231850	45.694800	0.000000
32.000000	4.277135	4.163728	NEARBOUND	-10.385200	2.758160	3.001870	-42.385200	0.000011
32.000000	4.551487	3.636525	FARBOUND	-3.957520	2.753430	2.874080	28.042480	0.000011
32.000000	5.167381	4.111551	NEARBOUND	-6.843060	2.427250	2.687460	-38.843060	0.000037
32.000000	4.337851	3.964081	NEARBOUND	-4.230380	2.747950	3.029020	-36.230380	0.000008
32.000000	4.646231	4.143377	NEARBOUND	-0.860421	2.002310	1.983060	-32.860421	0.000027
32.000000	4.497071	4.005481	FARBOUND	-5.007600	2.096690	2.096690	26.992400	0.000001
32.000000	4.245052	3.701405	FARBOUND	-18.902600	2.375080	2.421750	13.097400	0.000002
32.000000	4.339324	4.011359	FARBOUND	-6.655280	2.822390	3.220600	25.344720	0.000008
32.000000	4.493194	3.878689	FARBOUND	4.542910	1.600400	1.386460	36.542910	0.000033
32.000000	3.944360	3.860627	FARBOUND	7.181070	1.727180	1.414660	39.181070	0.000003
32.000000	4.545737	3.585009	FARBOUND	-14.618300	2.061210	2.012200	17.381700	0.000000
32.000000	4.465465	3.668728	NEARBOUND	-6.842610	2.800560	3.086120	-38.842610	0.000042
32.000000	4.390978	3.999185	NEARBOUND	-14.588700	2.506680	2.631890	-46.588700	0.000001
32.000000	4.494491	4.037229	NEARBOUND	-10.949600	2.294560	2.215410	-42.949600	0.000009
32.000000	4.858970	3.710744	FARBOUND	13.894100	1.853960	1.141870	45.894100	0.000004
32.000000	4.420622	3.753078	FARBOUND	-11.227700	2.188070	2.278530	20.772300	0.000003
32.000000	3.898961	3.823099	NEARBOUND	-0.957255	3.188190	3.241370	-32.957255	0.000029
32.000000	4.390213	4.175814	NEARBOUND	-5.006820	2.173570	2.314820	-37.006820	0.000005
32.000000	3.885752	3.612236	FARBOUND	4.962360	1.431120	0.933825	36.962360	0.000002
32.000000	4.308924	4.022993	NEARBOUND	-9.999740	2.208810	2.253900	-41.999740	0.000061
32.000000	4.320831	3.860072	FARBOUND	-8.468540	2.996510	3.397140	23.531460	0.000003
32.000000	4.655407	3.547042	NEARBOUND	-12.151300	2.064120	2.311790	-44.151300	0.000000
32.000000	4.206676	3.950683	FARBOUND	21.081700	2.054350	0.992092	53.081700	0.000001
32.000000	4.913338	3.885325	FARBOUND	3.683800	1.075930	0.713039	35.683800	0.000009
32.000000	4.457326	3.871073	NEARBOUND	-5.073620	2.720060	2.866280	-37.073620	0.000024
32.000000	4.298964	3.690988	NEARBOUND	-27.314600	2.076060	2.123420	-59.314600	0.000042
32.000000	4.648397	3.567516	FARBOUND	8.943410	1.480490	0.916807	40.943410	0.000003
32.000000	3.750040	3.735570	FARBOUND	-2.900390	1.564310	2.092160	29.099610	0.000034
32.000000	4.814742	4.117357	FARBOUND	-14.948400	2.387210	2.415880	17.051600	0.000007
32.000000	3.949163	3.708139	FARBOUND	0.900690	2.027510	2.035780	32.900690	0.000000
32.000000	4.316759	3.769836	NEARBOUND	-7.467760	2.136740	2.323080	-39.467760	0.000001
32.000000	4.412099	3.715276	NEARBOUND	-4.843690	2.726760	3.014500	-36.843690	0.000035
32.000000	4.204985	3.506030	NEARBOUND	-7.274250	2.438620	2.935340	-39.274250	0.000001
32.000000	4.171277	3.796659	NEARBOUND	-2.441270	2.738230	3.067230	-34.441270	0.000007
32.000000	3.891407	4.383464	FARBOUND	11.515100	2.279330	2.084490	43.515100	0.000002
32.000000	5.061527	3.842896	NEARBOUND	-7.341340	2.557360	2.806070	-39.341340	0.000011
32.000000	4.692732	4.019615	NEARBOUND	-3.228780	2.434960	2.520130	-35.228780	0.000046
32.000000	4.419512	3.704996	FARBOUND	-5.437910	2.750530	2.980320	26.562090	0.000006
32.000000	4.705227	3.890609	NEARBOUND	-4.655110	3.118750	3.416570	-36.655110	0.000065
32.000000	4.468914	4.271829	FARBOUND	-11.451400	2.564300	3.168260	20.548600	0.000010
32.000000	4.275919	3.610981	FARBOUND	-5.717470	2.895060	3.265570	26.282530	0.000031
32.000000	4.651588	4.202492	NEARBOUND	-4.572490	2.245000	2.248450	-36.572490	0.000000
32.000000	4.328341	4.031271	NEARBOUND	0.341308	2.628770	2.645080	-31.658692	0.000031
32.000000	4.661539	3.722397	FARBOUND	8.931520	1.660070	1.174840	40.931520	0.000004
32.000000	4.468847	3.932091	NEARBOUND	-0.766960	2.170930	2.425960	-32.766960	0.000008
32.000000	4.541903	3.775871	FARBOUND	-8.733430	1.951290	2.275200	23.266570	0.000006
32.000000	4.405526	3.787267	FARBOUND	-5.535760	1.363280	1.021630	26.464240	0.000001
32.000000	4.195983	3.956062	NEARBOUND	-2.609210	2.594510	2.601030	-34.609210	0.000006
32.000000	3.991299	4.156626	FARBOUND	-14.893700	2.222050	2.075890	17.106300	0.000008
32.000000	4.785254	3.925687	FARBOUND	-2.364720	2.643180	2.830670	29.635280	0.000046
32.000000	4.599682	4.000960	NEARBOUND	-17.407800	2.396930	2.446130	-49.407800	0.000033
32.000000	3.952938	3.852693	NEARBOUND	-0.150940	3.360760	3.368810	-32.150940	0.000033
32.000000	4.728797	3.224152	NEARBOUND	-3.414300	3.122240	3.305670	-35.414300	0.000016
32.000000	4.096246	3.904372	FARBOUND	10.808100	1.333950	0.685357	42.808100	0.000004
32.000000	3.720525	3.722256	NEARBOUND	-4.826620	3.135650	3.580530	-36.826620	0.000019
32.000000	4.418085	3.790516	NEARBOUND	-23.644800	2.344710	1.951870	-55.644800	0.000000
32.000000	4.336210	3.740105	NEARBOUND	-22.485000	2.499390	2.124020	-54.485000	0.000000
32.000000	3.981394	3.608422	FARBOUND	-11.372600	2.966900	3.383910	20.627400	0.000031
32.000000	4.188610	3.764837	FARBOUND	-10.297400	2.077600	2.085840	21.702600	0.000009
32.000000	4.148318	3.932880	NEARBOUND	2.982180	1.431000	1.229810	-29.017820	0.000016
32.000000	4.976281	4.258595	FARBOUND	26.243900	2.082340	1.284620	58.243900	0.000000
32.000000	4.774672	3.951728	FARBOUND	-6.310120	1.712790	1.439080	25.689880	0.000001
32.000000	4.028632	4.192974	FARBOUND	3.666380	1.708380	1.558510	35.666380	0.000001
32.000000	3.924312	3.783600	NEARBOUND	-13.122500	2.203540	2.355410	-45.122500	0.000001
32.000000	4.843939	4.232697	FARBOUND	10.029300	1.755360	1.295830	42.029300	0.000002
32.000000	4.154588	3.695043	FARBOUND	-0.433029	2.094680	2.091380	31.566971	0.000002
32.000000	3.988961	3.526512	FARBOUND	4.591560	1.414160	1.167390	36.591560	0.000008
32.000000	4.301977	3.750456	FARBOUND	9.912830	1.989170	1.708820	41.912830	0.000000
32.000000	4.178781	3.925661	NEARBOUND	-13.087600	3.084190	3.575090	-45.087600	0.000004
32.000000	4.531349	4.151291	NEARBOUND	-2.675600	2.618870	2.673720	-34.675600	0.000003
32.000000	4.925381	3.476693	FARBOUND	6.647740	1.781470	1.532140	38.647740	0.000003
32.000000	4.224434	3.833217	NEARBOUND	-20.982200	2.046650	2.210590	-52.982200	0.000010
32.000000	4.723193	3.337986	FARBOUND	-1.718960	2.969390	3.037220	30.281040	0.000005
32.000000	4.276234	3.509718	FARBOUND	24.743700	2.058320	1.384710	56.743700	0.000000
32.000000	3.902693	4.005650	NEARBOUND	-4.981020	2.866410	3.071690	-36.981020	0.000001
32.000000	4.761507	3.661908	FARBOUND	-10.942500	2.104700	2.057950	21.057500	0.000002
32.000000	4.304617	3.771215	FARBOUND	-3.025790	2.378850	2.456480	28.974210	0.000019
32.000000	4.095708	3.909033	NEARBOUND	-3.130960	2.992390	3.162390	-35.130960	0.000004
32.000000	4.267203	3.979730	FARBOUND	32.172200	2.386460	1.604530	64.172200	0.000000
32.000000	4.348233	3.856474	NEARBOUND	-5.326650	2.397420	2.658420	-37.326650	0.000014
32.000000	4.673423	3.619183	FARBOUND	-2.640070	3.349160	3.528020	29.359930	0.000017
32.000000	4.665164	4.152691	NEARBOUND	-26.721300	1.994950	1.739020	-58.721300	0.000055
32.000000	5.035596	3.731165	NEARBOUND	-6.736660	2.330360	2.355080	-38.736660	0.000002
32.000000	4.578689	4.152350	FARBOUND	5.380390	1.381830	1.093210	37.380390	0.000004
32.000000	4.675178	3.683396	FARBOUND	-2.379650	2.309270	2.367820	29.620350	0.000007
32.000000	4.138479	3.739114	NEARBOUND	-23.583800	2.206430	2.245940	-55.583800	0.000032
32.000000	4.538269	3.965445	FARBOUND	14.323600	1.879440	1.421330	46.323600	0.000001
32.000000	4.764530	3.853422	FARBOUND	5.891390	1.503220	1.076570	37.891390	0.000001
32.000000	4.754476	4.005101	NEARBOUND	-9.007880	2.416260	2.428450	-41.007880	0.000005
32.000000	4.592950	4.183679	NEARBOUND	-12.247600	2.346900	2.381560	-44.247600	0.000027
32.000000	3.977332	4.084958	FARBOUND	-3.363930	2.676100	2.944070	28.636070	0.000001
32.000000	4.590468	3.971937	FARBOUND	6.298020	1.217580	0.753662	38.298020	0.000001
32.000000	4.460996	3.962566	FARBOUND	3.753640	1.425620	1.241350	35.753640	0.000001
32.000000	4.320069	3.997216	NEARBOUND	-4.468990	2.897760	3.163540	-36.468990	0.000011
32.000000	4.170166	4.073551	FARBOUND	11.730600	1.869420	1.375960	43.730600	0.000001
32.000000	4.396904	3.965886	NEARBOUND	-6.015490	3.015390	3.135820	-38.015490	0.000008
32.000000	5.009111	3.849482	FARBOUND	-5.511250	2.294460	2.706220	26.488750	0.000020
32.000000	4.438518	4.278145	FARBOUND	7.989940	1.475380	0.968634	39.989940	0.000001
32.000000	4.269906	3.590770	FARBOUND	-13.976200	1.772530	1.841940	18.023800	0.000012
32.000000	4.186488	3.875168	NEARBOUND	-3.428820	2.479710	2.556690	-35.428820	0.000001
32.000000	4.032561	4.630474	NEARBOUND	-20.857800	1.892850	1.935610	-52.857800	0.000044
32.000000	4.564837	3.730302	FARBOUND	-13.235800	2.102220	2.114390	18.764200	0.000001
32.000000	4.266970	3.667739	FARBOUND	-11.191700	2.596970	2.849520	20.808300	0.000023
32.000000	4.665732	3.741817	FARBOUND	-4.396860	3.085860	3.390720	27.603140	0.000030
32.000000	4.295964	3.801999	NEARBOUND	5.096360	1.940000	1.798920	-26.903640	0.000023
32.000000	4.435262	4.213799	FARBOUND	-3.853200	3.121550	3.284230	28.146800	0.000004
32.000000	4.569024	4.117569	NEARBOUND	1.478990	1.985780	1.954760	-30.521010	0.000000
32.000000	4.538605	3.834446	FARBOUND	6.404670	1.285040	0.885541	38.404670	0.000001
32.000000	4.754120	3.891200	FARBOUND	-1.107640	2.181110	2.175680	30.892360	0.000007
32.000000	3.898164	4.154307	FARBOUND	-5.217250	2.493530	2.702890	26.782750	0.000002
32.000000	4.239470	4.004832	NEARBOUND	-1.292520	2.450570	2.524790	-33.292520	0.000009
32.000000	4.350544	3.731123	FARBOUND	5.684000	1.460130	1.095960	37.684000	0.000043
32.000000	4.525918	3.759785	FARBOUND	-9.530920	2.455490	2.672950	22.469080	0.000013
32.000000	4.486876	3.845654	NEARBOUND	-8.758840	2.726790	2.962870	-40.758840	0.000000
32.000000	4.603320	3.763136	NEARBOUND	-5.112870	2.262200	2.501870	-37.112870	0.000015
32.000000	4.651616	4.183809	NEARBOUND	-3.901510	3.439210	3.602240	-35.901510	0.000001
32.000000	4.310173	3.978585	NEARBOUND	-13.532900	2.286660	2.452780	-45.532900	0.000007
32.000000	4.613687	4.289948	FARBOUND	3.640840	1.011160	0.792229	35.640840	0.000001
32.000000	4.540831	4.239062	FARBOUND	5.144400	2.643750	2.685850	37.144400	0.000004
32.000000	3.944472	3.590730	NEARBOUND	-7.181540	2.660880	2.953090	-39.181540	0.000014
32.000000	4.334183	3.673632	FARBOUND	9.307490	2.271740	2.151090	41.307490	0.000000
32.000000	5.045341	4.055056	FARBOUND	2.609410	1.035840	0.752686	34.609410	0.000001
32.000000	4.717105	4.423082	NEARBOUND	-13.430900	2.554320	2.809510	-45.430900	0.000005
32.000000	4.561291	4.078260	NEARBOUND	-6.453930	2.458760	2.760620	-38.453930	0.000058
32.000000	4.432424	4.177350	NEARBOUND	-1.588410	2.665460	2.875490	-33.588410	0.000009
32.000000	4.313357	3.978539	FARBOUND	-17.316100	2.558970	2.746930	14.683900	0.000020
32.000000	4.767811	3.431045	FARBOUND	13.050000	2.029920	1.678250	45.050000	0.000016
32.000000	4.669632	4.525896	FARBOUND	4.389790	1.303900	0.922977	36.389790	0.000005
32.000000	3.937289	3.936559	FARBOUND	-9.737950	2.521990	2.930570	22.262050	0.000014
32.000000	4.606374	3.896239	NEARBOUND	-12.310300	2.137590	2.147910	-44.310300	0.000009
32.000000	4.296186	4.107694	NEARBOUND	-5.699630	2.355020	2.312460	-37.699630	0.000074
32.000000	4.337792	3.492741	NEARBOUND	-19.661000	2.347070	2.437410	-51.661000	0.000002
32.000000	5.047209	3.889167	NEARBOUND	-8.336210	3.156350	3.554010	-40.336210	0.000006
32.000000	4.087169	3.794768	NEARBOUND	-9.152180	2.006480	2.345100	-41.152180	0.000034
32.000000	4.290112	3.715373	NEARBOUND	-0.001805	3.027910	3.027960	-32.001805	0.000015
32.000000	4.373009	3.805399	FARBOUND	4.918710	2.041910	1.925600	36.918710	0.000003
32.000000	4.476645	3.852543	NEARBOUND	4.225880	1.261100	0.988975	-27.774120	0.000012
32.000000	4.029219	4.037954	FARBOUND	23.051800	2.266040	1.604170	55.051800	0.000001
32.000000	4.631822	3.845730	NEARBOUND	8.066150	2.123970	2.031580	-23.933850	0.000061
32.000000	3.924136	3.631696	FARBOUND	-3.744770	2.283190	2.357210	28.255230	0.000015
32.000000	4.245821	3.679231	NEARBOUND	-4.165540	2.965950	3.182250	-36.165540	0.000005
32.000000	4.460508	3.608878	FARBOUND	-8.812150	2.022150	2.081970	23.187850	0.000004
32.000000	4.668090	4.276694	FARBOUND	-2.900320	1.695680	1.577550	29.099680	0.000001
32.000000	4.363884	4.269752	FARBOUND	2.019670	0.749142	0.565744	34.019670	0.000001
32.000000	4.595419	3.942083	NEARBOUND	-3.551420	3.001290	3.340020	-35.551420	0.000015
32.000000	4.657996	3.867711	FARBOUND	42.886600	2.485020	0.957044	74.886600	0.000000
32.000000	4.461904	3.627259	FARBOUND	-7.842770	2.801670	3.254640	24.157230	0.000001
32.000000	4.481224	3.965027	FARBOUND	7.177420	1.893120	1.651240	39.177420	0.000004
32.000000	4.341455	3.897651	FARBOUND	-1.569780	3.121790	3.236630	30.430220	0.000012
32.000000	4.897679	3.621250	FARBOUND	8.253320	1.721250	1.206000	40.253320	0.000001
32.000000	4.495961	3.914427	FARBOUND	-9.643420	2.073770	2.293870	22.356580	0.000006
32.000000	4.473974	3.855749	NEARBOUND	-16.588100	2.025770	2.158420	-48.588100	0.000025
32.000000	4.449006	3.806867	FARBOUND	-6.635570	3.392740	3.698760	25.364430	0.000021
32.000000	3.990403	4.112002	NEARBOUND	-7.170950	2.808900	3.022470	-39.170950	0.000023
32.000000	4.497056	4.189928	FARBOUND	-5.431130	3.219600	3.444070	26.568870	0.000029
32.000000	3.934625	3.697305	FARBOUND	28.715400	2.329100	1.270800	60.715400	0.000003
32.000000	4.350396	4.018679	FARBOUND	-4.731700	1.905850	1.753150	27.268300	0.000003
32.000000	4.265597	3.614977	FARBOUND	-17.417300	2.386840	2.453810	14.582700	0.000003
32.000000	3.959778	4.086577	FARBOUND	-4.837630	2.845080	2.990670	27.162370	0.000005
32.000000	4.708078	3.870326	NEARBOUND	-2.378640	2.189000	2.157800	-34.378640	0.000000
32.000000	4.607308	3.779553	FARBOUND	-20.727500	2.194020	2.096380	11.272500	0.000023
32.000000	4.107817	3.889735	FARBOUND	5.192730	1.509610	1.251430	37.192730	0.000008
32.000000	4.417246	3.379807	FARBOUND	-6.128430	2.643610	2.750510	25.871570	0.000014
32.000000	4.256653	4.148667	NEARBOUND	-5.036350	2.570040	2.808420	-37.036350	0.000006
32.000000	4.693803	4.030465	FARBOUND	9.990830	1.391830	0.818801	41.990830	0.000001
32.000000	4.154284	3.462332	NEARBOUND	4.385680	1.084630	0.821921	-27.614320	0.000012
32.000000	4.320693	4.004319	NEARBOUND	-13.627400	3.191160	3.780160	-45.627400	0.000021
32.000000	4.388286	3.692807	FARBOUND	15.398700	1.906270	1.180340	47.398700	0.000000
32.000000	4.152709	3.779886	NEARBOUND	-22.162800	2.451240	2.524640	-54.162800	0.000021
32.000000	4.643352	3.920503	NEARBOUND	-1.974580	2.775710	3.024870	-33.974580	0.000020
32.000000	4.470218	4.102291	NEARBOUND	3.494210	1.511330	1.337940	-28.505790	0.000019
32.000000	4.743443	4.071843	FARBOUND	-5.577740	2.793070	3.225560	26.422260	0.000002
32.000000	4.431102	3.897455	FARBOUND	11.500700	1.801610	1.290340	43.500700	0.000015
32.000000	4.321234	3.940176	NEARBOUND	2.373830	2.957100	3.008430	-29.626170	0.000006
32.000000	4.037325	3.355208	FARBOUND	-0.559176	1.327450	1.296220	31.440824	0.000003
32.000000	4.661522	3.697078	FARBOUND	-17.723500	2.392780	2.495690	14.276500	0.000008
32.000000	4.535529	4.061747	FARBOUND	-6.145110	3.332730	3.669220	25.854890	0.000016
32.000000	4.068601	3.823259	NEARBOUND	-6.840700	2.784650	3.260460	-38.840700	0.000003
32.000000	4.206699	4.371187	NEARBOUND	-6.468740	2.788290	3.003580	-38.468740	0.000015
32.000000	4.222586	3.897718	FARBOUND	-6.685830	2.086270	2.002590	25.314170	0.000008
32.000000	4.517589	3.582482	FARBOUND	-3.258380	3.210620	3.373270	28.741620	0.000003
32.000000	4.466543	3.561059	FARBOUND	-22.470700	2.293960	2.068310	9.529300	0.000007
32.000000	4.705898	3.511237	NEARBOUND	-4.084880	2.321600	2.347970	-36.084880	0.000000
32.000000	4.417140	3.892143	NEARBOUND	-10.756100	2.914390	3.332390	-42.756100	0.000000
32.000000	4.389553	3.878035	FARBOUND	-1.851970	1.118420	0.982706	30.148030	0.000004
32.000000	4.311613	4.006301	FARBOUND	7.404600	1.553250	1.141710	39.404600	0.000001
32.000000	3.804798	3.739761	FARBOUND	2.828440	1.545250	1.395190	34.828440	0.000002
32.000000	4.764289	3.960823	FARBOUND	-3.185540	1.367930	1.191830	28.814460	0.000006
32.000000	4.319848	3.769736	FARBOUND	9.625930	1.431520	0.871754	41.625930	0.000002
32.000000	4.375968	4.042725	FARBOUND	-29.751700	2.299030	1.580180	2.248300	0.000013
32.000000	4.765002	3.667229	NEARBOUND	-8.764860	2.738690	3.115210	-40.764860	0.000006
32.000000	4.139516	4.260670	NEARBOUND	-19.202400	2.251080	2.243330	-51.202400	0.000002
32.000000	4.426136	3.829034	FARBOUND	25.281800	2.159380	1.134090	57.281800	0.000000
32.000000	3.940243	3.957656	NEARBOUND	18.287900	2.143160	1.501720	-13.712100	0.000002
32.000000	3.565862	3.744027	FARBOUND	-1.549260	2.261350	2.241610	30.450740	0.000005
32.000000	4.259115	3.861628	NEARBOUND	1.641840	1.226150	0.878721	-30.358160	0.000011
32.000000	4.087207	3.680052	NEARBOUND	-5.431090	2.491630	2.649010	-37.431090	0.000002
32.000000	4.482334	4.339687	FARBOUND	-8.841740	2.583660	2.969510	23.158260	0.000025
32.000000	4.610630	3.332020	FARBOUND	26.848000	2.230840	0.879050	58.848000	0.000001
32.000000	4.281872	3.700245	FARBOUND	32.499700	2.462530	1.577340	64.499700	0.000000
32.000000	4.246389	3.714022	FARBOUND	0.763247	0.652380	0.543540	32.763247	0.000003
32.000000	4.660809	3.843028	NEARBOUND	-8.397770	2.508150	2.731390	-40.397770	0.000001
32.000000	4.617762	3.874229	NEARBOUND	-3.069080	2.929020	3.103710	-35.069080	0.000003
32.000000	4.555734	3.791393	NEARBOUND	-4.838710	3.349440	3.615550	-36.838710	0.000018
32.000000	4.547977	4.095620	NEARBOUND	-6.906440	3.001660	3.346180	-38.906440	0.000002
32.000000	4.623078	3.767619	FARBOUND	-3.221210	3.176100	3.313700	28.778790	0.000050
32.000000	4.682769	4.218660	FARBOUND	-7.378780	2.801390	3.148440	24.621220	0.000023
32.000000	4.258076	4.103191	FARBOUND	-8.523970	2.146910	1.961200	23.476030	0.000004
32.000000	4.124506	4.172083	FARBOUND	-4.428580	2.503470	2.810990	27.571420	0.000013
32.000000	4.559977	4.265609	FARBOUND	-3.775970	2.543750	2.608740	28.224030	0.000040
32.000000	4.082389	3.435762	FARBOUND	-0.997132	2.477320	2.524800	31.002868	0.000011
32.000000	4.020010	3.902592	NEARBOUND	-1.621190	2.967370	3.023140	-33.621190	0.000010
32.000000	4.926572	4.060560	FARBOUND	11.847200	1.908770	1.474300	43.847200	0.000001
32.000000	4.436488	3.803206	FARBOUND	-6.506300	2.400530	2.355550	25.493700	0.000059
32.000000	4.383538	3.824943	NEARBOUND	-30.581900	2.292940	1.769930	-62.581900	0.000001
32.000000	4.425827	3.521937	NEARBOUND	-3.156100	3.205090	3.348780	-35.156100	0.000005
32.000000	4.629627	3.415233	FARBOUND	-11.204900	2.067620	2.125100	20.795100	0.000002
32.000000	4.142273	4.055073	FARBOUND	6.392410	2.235790	2.171600	38.392410	0.000004
32.000000	4.492174	3.726491	NEARBOUND	-8.466330	2.610550	2.746160	-40.466330	0.000006
32.000000	4.137103	3.931683	FARBOUND	-12.407900	2.362380	2.644480	19.592100	0.000009
32.000000	4.306063	3.371185	FARBOUND	33.363200	2.089460	1.741360	65.363200	0.000000
32.000000	4.304300	4.104715	FARBOUND	7.837240	1.548430	1.055760	39.837240	0.000001
32.000000	4.636099	4.141189	FARBOUND	-6.427910	2.999070	3.369920	25.572090	0.000001
32.000000	3.891199	4.182031	FARBOUND	-1.803450	2.836060	3.082230	30.196550	0.000027
32.000000	4.622189	4.396701	FARBOUND	10.729700	1.725310	1.188930	42.729700	0.000000
32.000000	4.280155	4.114156	FARBOUND	-15.363800	1.895040	1.842600	16.636200	0.000000
32.000000	4.387851	3.823833	FARBOUND	9.159260	1.503810	0.979496	41.159260	0.000003
32.000000	4.304872	4.254216	FARBOUND	6.142880	1.408010	1.044360	38.142880	0.000001
32.000000	4.432844	3.670738	FARBOUND	-4.479450	3.175610	3.489360	27.520550	0.000049
32.000000	4.459453	4.199493	NEARBOUND	5.095010	2.441930	2.392300	-26.904990	0.000037
32.000000	4.370767	4.213623	NEARBOUND	-9.356190	2.839070	3.028950	-41.356190	0.000022
32.000000	4.301871	3.759302	FARBOUND	-7.092020	2.659700	3.123780	24.907980	0.000031
32.000000	4.447014	3.862783	FARBOUND	-1.242930	2.794180	2.873980	30.757070	0.000004
32.000000	4.029944	3.817567	NEARBOUND	-20.740000	2.457170	2.259600	-52.740000	0.000009
32.000000	4.363257	4.054588	FARBOUND	-4.601350	3.355540	3.552410	27.398650	0.000025
32.000000	3.985512	3.912201	FARBOUND	-8.698210	3.222580	3.583680	23.301790	0.000004
32.000000	4.714900	3.919766	FARBOUND	1.929120	1.381120	1.272020	33.929120	0.000068
32.000000	3.975928	3.417433	NEARBOUND	-17.983500	2.199510	1.981110	-49.983500	0.000000
32.000000	4.518237	4.046349	FARBOUND	15.758300	2.100560	1.568470	47.758300	0.000000
32.000000	4.749959	3.696812	FARBOUND	26.329600	2.163490	1.558430	58.329600	0.000000
32.000000	4.366493	3.645466	FARBOUND	20.458000	2.026180	1.442350	52.458000	0.000002
32.000000	4.111387	3.942832	FARBOUND	1.966420	2.243500	2.232240	33.966420	0.000002
32.000000	4.606967	3.999868	NEARBOUND	-0.986464	2.988590	3.063950	-32.986464	0.000009
32.000000	4.392693	3.706633	FARBOUND	-1.848090	2.786080	2.969890	30.151910	0.000041
32.000000	4.157332	3.811234	FARBOUND	14.690300	2.043370	1.559390	46.690300	0.000028
32.000000	4.181631	3.416392	NEARBOUND	-39.127000	2.343440	1.580010	-71.127000	0.000000
32.000000	4.078822	3.747168	NEARBOUND	-3.630040	2.823420	3.341010	-35.630040	0.000032
32.000000	4.517113	4.048616	NEARBOUND	-5.504040	2.964210	3.143600	-37.504040	0.000001
32.000000	4.518582	3.917406	NEARBOUND	-1.967870	3.203720	3.411380	-33.967870	0.000054
32.000000	3.970476	3.881557	FARBOUND	7.422320	1.456230	1.040390	39.422320	0.000009
32.000000	4.348168	4.126799	NEARBOUND	-8.017550	2.960210	3.493020	-40.017550	0.000016
32.000000	4.800691	3.971085	NEARBOUND	12.775100	1.971610	1.545400	-19.224900	0.000000
32.000000	4.697431	3.739563	FARBOUND	3.014140	2.056290	2.024780	35.014140	0.000000
32.000000	4.457729	3.973671	FARBOUND	13.319100	1.858330	1.206920	45.319100	0.000001
32.000000	3.940268	3.579847	FARBOUND	30.047000	2.323150	1.246190	62.047000	0.000000
32.000000	4.747971	3.709657	FARBOUND	-1.415240	3.283180	3.384460	30.584760	0.000004
32.000000	4.199271	4.040053	NEARBOUND	-3.849800	2.551780	2.747990	-35.849800	0.000000
32.000000	4.761960	4.247525	NEARBOUND	-3.455300	3.344230	3.506350	-35.455300	0.000022
32.000000	3.871870	3.601894	NEARBOUND	-9.642280	2.410120	2.668230	-41.642280	0.000017
32.000000	4.712601	3.728081	FARBOUND	11.443700	1.886940	1.423890	43.443700	0.000001
32.000000	4.249483	3.929275	FARBOUND	-5.516420	2.418100	2.559500	26.483580	0.000042
32.000000	4.519532	4.160476	FARBOUND	-1.896870	3.238210	3.345290	30.103130	0.000017
32.000000	4.424830	4.099641	FARBOUND	-6.819570	3.313760	3.682990	25.180430	0.000008
32.000000	4.726261	4.127814	FARBOUND	4.166810	1.361280	1.118750	36.166810	0.000003
32.000000	3.997139	3.891698	NEARBOUND	-9.575320	3.227240	3.637590	-41.575320	0.000017
32.000000	4.662887	4.019405	NEARBOUND	-5.493810	2.465660	2.585350	-37.493810	0.000001
32.000000	4.105546	3.979836	FARBOUND	-7.302030	2.085890	2.104700	24.697970	0.000012
32.000000	4.862987	3.876827	NEARBOUND	-17.643800	2.200870	2.107420	-49.643800	0.000003
32.000000	4.310112	3.735129	FARBOUND	22.023100	2.128190	1.458550	54.023100	0.000001
32.000000	4.219672	3.615695	FARBOUND	3.623740	0.998466	0.587260	35.623740	0.000001
32.000000	3.671412	4.389991	NEARBOUND	-6.563920	2.216970	2.260400	-38.563920	0.000013
32.000000	4.348334	3.797791	NEARBOUND	-6.036570	2.526640	2.991340	-38.036570	0.000007
32.000000	4.764011	3.856935	NEARBOUND	-6.688080	2.695050	3.144000	-38.688080	0.000002
32.000000	4.237439	3.994988	NEARBOUND	-3.068510	2.710030	3.014170	-35.068510	0.000002
32.000000	4.484955	4.422048	NEARBOUND	-2.591850	2.420570	2.501890	-34.591850	0.000005
32.000000	4.620978	4.076438	FARBOUND	-10.820700	2.509860	2.647940	21.179300	0.000004
32.000000	4.541513	3.771525	FARBOUND	-3.870870	3.132130	3.342460	28.129130	0.000009
32.000000	4.461242	3.882719	FARBOUND	-4.929420	2.786940	3.008110	27.070580	0.000003
32.000000	4.601398	4.005570	FARBOUND	-0.167976	1.291180	1.279910	31.832024	0.000001
32.000000	4.545081	3.683230	FARBOUND	17.452000	2.142140	1.662750	49.452000	0.000001
32.000000	4.215724	4.066728	FARBOUND	6.711790	1.407020	1.057160	38.711790	0.000005
32.000000	4.530903	4.196144	FARBOUND	-11.319600	2.607710	2.681890	20.680400	0.000009
32.000000	4.340518	3.583037	FARBOUND	-4.123370	2.871670	3.267570	27.876630	0.000039
32.000000	4.376928	4.139093	FARBOUND	14.631500	1.748800	1.006360	46.631500	0.000002
32.000000	4.512866	3.138284	NEARBOUND	-8.572170	2.967770	3.403390	-40.572170	0.000008
32.000000	4.269344	4.042170	FARBOUND	-17.277500	1.939260	1.907560	14.722500	0.000005
32.000000	4.761110	3.973275	FARBOUND	-10.068700	3.037060	3.720150	21.931300	0.000009
32.000000	4.727836	4.180974	NEARBOUND	-2.066760	2.783010	3.106070	-34.066760	0.000026
32.000000	4.278805	4.299725	FARBOUND	3.215740	1.662280	1.526380	35.215740	0.000004
32.000000	4.850089	3.867216	FARBOUND	-5.528260	3.223450	3.495080	26.471740	0.000006
32.000000	4.217077	3.911576	NEARBOUND	-3.645410	3.243770	3.436410	-35.645410	0.000016
32.000000	4.952087	3.959759	FARBOUND	-8.263990	2.654040	2.703430	23.736010	0.000016
32.000000	4.261422	4.266395	FARBOUND	12.189800	1.836220	1.298310	44.189800	0.000001
32.000000	4.196981	4.041307	NEARBOUND	-9.823560	2.501820	2.914270	-41.823560	0.000029
32.000000	4.197437	3.780924	FARBOUND	8.331890	1.754760	1.385130	40.331890	0.000003
32.000000	4.583989	3.549743	FARBOUND	-6.311910	2.105870	2.385580	25.688090	0.000029
32.000000	3.951111	3.906030	NEARBOUND	-3.013420	2.734210	2.939370	-35.013420	0.000032
32.000000	4.277658	3.470203	NEARBOUND	-6.163130	2.713260	2.991370	-38.163130	0.000005
32.000000	4.266046	3.816516	NEARBOUND	-5.889670	2.688340	3.037140	-37.889670	0.000006
32.000000	4.163259	4.092318	NEARBOUND	-5.727240	3.012700	3.523270	-37.727240	0.000022
32.000000	3.862590	4.034569	NEARBOUND	-6.698800	2.714540	2.924400	-38.698800	0.000009
32.000000	4.369432	3.861963	FARBOUND	-10.238200	2.613230	2.822070	21.761800	0.000015
32.000000	3.931475	3.990235	NEARBOUND	-30.611100	2.182400	1.972050	-62.611100	0.000027
32.000000	3.960179	3.732263	NEARBOUND	-4.403170	2.755030	2.928880	-36.403170	0.000014
32.000000	4.632757	4.312408	NEARBOUND	-5.951880	3.328100	3.671130	-37.951880	0.000035
32.000000	4.674118	3.831006	NEARBOUND	-17.856000	2.128620	1.964870	-49.856000	0.000000
32.000000	4.789154	4.100271	FARBOUND	-11.207200	2.842910	2.919310	20.792800	0.000010
32.000000	4.473399	4.314247	FARBOUND	24.456800	2.150800	1.204440	56.456800	0.000002
32.000000	4.104581	3.852645	FARBOUND	2.456920	2.162110	2.122790	34.456920	0.000000
32.000000	4.136198	4.583680	NEARBOUND	-15.971200	2.099870	2.235660	-47.971200	0.000024
32.000000	4.220045	4.352605	NEARBOUND	-1.538120	2.609720	2.608030	-33.538120	0.000031
32.000000	4.848957	3.529235	FARBOUND	37.229300	2.346440	1.794800	69.229300	0.000000
32.000000	4.302170	3.895605	NEARBOUND	-12.208300	2.398990	2.607320	-44.208300	0.000042
32.000000	4.628844	4.052297	NEARBOUND	-1.146600	2.831550	3.008500	-33.146600	0.000045
32.000000	4.343313	3.939997	FARBOUND	5.084800	1.489700	1.193200	37.084800	0.000004
32.000000	4.422427	3.754378	FARBOUND	6.430510	1.629840	1.339530	38.430510	0.000002
32.000000	4.397855	3.285445	NEARBOUND	-10.952600	2.757220	3.080470	-42.952600	0.000025
32.000000	4.554148	3.973188	FARBOUND	23.179300	2.223010	1.373720	55.179300	0.000000
32.000000	4.205860	3.542571	FARBOUND	-2.343290	2.822370	2.872940	29.656710	0.000031
32.000000	4.320784	4.184692	FARBOUND	0.103418	0.447394	0.428510	32.103418	0.000000
32.000000	4.321756	3.799803	NEARBOUND	-4.040190	3.198870	3.455190	-36.040190	0.000019
32.000000	4.029010	3.623735	NEARBOUND	-12.018200	2.458330	2.498880	-44.018200	0.000000
32.000000	4.128149	4.095271	NEARBOUND	-14.839800	2.763510	2.924080	-46.839800	0.000019
32.000000	4.861456	4.609729	NEARBOUND	-11.052700	2.544300	2.518190	-43.052700	0.000009
32.000000	4.412089	3.736048	FARBOUND	-8.124150	2.672270	2.846350	23.875850	0.000019
32.000000	4.524581	3.515556	FARBOUND	5.095460	1.247530	0.987437	37.095460	0.000002
32.000000	4.320618	3.583248	FARBOUND	-8.224700	3.022320	3.508760	23.775300	0.000016
32.000000	4.587121	3.837095	FARBOUND	-6.087300	2.442240	2.803280	25.912700	0.000010
32.000000	4.462410	3.813181	NEARBOUND	-24.704400	2.424660	2.238600	-56.704400	0.000000
32.000000	4.916109	3.725153	FARBOUND	-0.132373	1.262210	1.256070	31.867627	0.000002
32.000000	4.146372	3.869324	FARBOUND	5.408620	1.213620	0.716315	37.408620	0.000003
32.000000	4.477166	3.644269	FARBOUND	-4.297460	2.154850	2.093750	27.702540	0.000029
32.000000	4.477166	3.644269	NEARBOUND	-4.284900	2.677410	2.880210	-36.284900	0.000026
32.000000	4.758747	3.912695	FARBOUND	11.973800	1.907780	1.462660	43.973800	0.000001
32.000000	4.560054	3.912493	NEARBOUND	-3.330140	2.585530	2.698380	-35.330140	0.000012
32.000000	4.455842	4.092300	NEARBOUND	-5.153610	2.894760	3.160550	-37.153610	0.000013
32.000000	4.589916	3.457466	NEARBOUND	-1.991010	2.796910	3.099840	-33.991010	0.000002
32.000000	4.838826	4.259233	NEARBOUND	-5.059920	1.939850	1.925190	-37.059920	0.000014
32.000000	4.375277	3.665149	FARBOUND	-5.435940	2.736110	2.907120	26.564060	0.000046
32.000000	4.285499	3.680535	FARBOUND	5.199280	1.374500	1.094410	37.199280	0.000002
32.000000	4.487190	3.938233	NEARBOUND	-28.394900	2.111830	1.727360	-60.394900	0.000000
32.000000	4.701136	3.569171	NEARBOUND	-14.152400	2.228860	2.281450	-46.152400	0.000009
32.000000	4.229423	3.840923	NEARBOUND	-3.831660	1.817490	1.681100	-35.831660	0.000001
32.000000	4.564001	3.938714	FARBOUND	-17.327600	2.414420	2.757050	14.672400	0.000012
32.000000	4.289929	4.090309	FARBOUND	-7.160400	2.413430	2.481470	24.839600	0.000031
32.000000	4.282918	4.159157	NEARBOUND	-11.731000	2.243390	2.354330	-43.731000	0.000023
32.000000	4.464694	3.821385	FARBOUND	1.293740	1.166380	1.059770	33.293740	0.000001
32.000000	4.110518	3.923520	FARBOUND	10.088900	1.723280	1.228300	42.088900	0.000000
32.000000	4.166989	3.717185	FARBOUND	3.288350	1.121980	0.775949	35.288350	0.000001
32.000000	4.490120	4.026590	NEARBOUND	-3.159050	2.795050	2.978180	-35.159050	0.000007
32.000000	4.520651	4.179426	NEARBOUND	-11.806100	2.434040	2.842540	-43.806100	0.000017
32.000000	4.880580	3.858577	NEARBOUND	-7.591340	2.311760	2.184610	-39.591340	0.000038
32.000000	4.442871	4.004021	FARBOUND	-11.799700	2.328320	2.496180	20.200300	0.000014
32.000000	4.632635	3.865576	FARBOUND	34.331900	2.294340	1.175630	66.331900	0.000000
32.000000	4.067237	4.245186	NEARBOUND	-4.599000	2.589570	2.822150	-36.599000	0.000007
32.000000	4.039480	4.100423	FARBOUND	-3.462990	2.886640	3.066980	28.537010	0.000062
32.000000	4.331983	3.580635	FARBOUND	-8.178490	2.197310	2.289640	23.821510	0.000005
32.000000	4.463535	3.909478	FARBOUND	10.735400	1.904410	1.737910	42.735400	0.000000
32.000000	4.216958	4.184468	FARBOUND	-1.681460	3.199350	3.403780	30.318540	0.000043
32.000000	4.963000	3.799908	NEARBOUND	-24.832700	2.234190	2.119530	-56.832700	0.000000
32.000000	4.544079	3.834156	FARBOUND	17.256800	2.118700	1.608200	49.256800	0.000008
32.000000	4.580728	4.192813	NEARBOUND	-7.003470	3.230870	3.359210	-39.003470	0.000035
32.000000	4.118760	3.881947	FARBOUND	17.993600	1.893810	0.954675	49.993600	0.000002
32.000000	3.740425	3.777224	FARBOUND	-13.369000	2.172150	2.137860	18.631000	0.000004
32.000000	4.334832	3.549720	NEARBOUND	-10.184800	3.300550	3.720280	-42.184800	0.000005
32.000000	4.192289	4.114274	FARBOUND	-16.008700	2.253370	2.064050	15.991300	0.000006
32.000000	4.287214	4.040332	NEARBOUND	-3.293050	3.052120	3.152790	-35.293050	0.000014
32.000000	4.189380	4.018773	FARBOUND	23.311400	2.491350	2.058200	55.311400	0.000000
32.000000	4.213694	3.627345	NEARBOUND	-19.551200	2.463960	2.400770	-51.551200	0.000001
32.000000	4.533525	4.447337	NEARBOUND	5.679450	1.931250	1.730480	-26.320550	0.000015
32.000000	4.659898	3.891641	NEARBOUND	-4.911610	2.609390	2.882270	-36.911610	0.000008
32.000000	4.130540	3.649742	NEARBOUND	-0.099565	2.345640	2.346240	-32.099565	0.000010
32.000000	4.535137	3.667900	FARBOUND	-8.417650	3.093630	3.467130	23.582350	0.000021
32.000000	4.274774	3.976728	FARBOUND	-8.769720	2.190090	2.288080	23.230280	0.000004
32.000000	4.267720	3.435799	NEARBOUND	-10.111100	2.737100	3.180400	-42.111100	0.000025
32.000000	4.555527	3.884777	FARBOUND	-11.021900	2.831070	3.400930	20.978100	0.000018
32.000000	4.345765	3.907963	FARBOUND	6.382760	1.304060	0.817470	38.382760	0.000002
32.000000	4.315955	4.227527	FARBOUND	-4.854060	2.699760	2.887290	27.145940	0.000011
32.000000	4.065703	3.741914	FARBOUND	28.552300	2.263410	1.230640	60.552300	0.000000
32.000000	4.554533	3.926729	FARBOUND	21.036600	2.315980	1.799130	53.036600	0.000001
32.000000	4.554533	3.926729	NEARBOUND	-10.251900	2.517880	3.094190	-42.251900	0.000037
32.000000	4.767401	3.738450	FARBOUND	-1.021750	2.556660	2.562540	30.978250	0.000010
32.000000	4.222014	3.699342	FARBOUND	26.976300	2.231340	1.111630	58.976300	0.000001
32.000000	4.624820	3.996675	FARBOUND	18.757900	1.876340	0.886651	50.757900	0.000004
32.000000	4.428544	3.979276	FARBOUND	14.460200	1.951630	1.366660	46.460200	0.000000
32.000000	4.484172	3.862580	FARBOUND	-12.332600	2.048020	2.063100	19.667400	0.000011
32.000000	4.691512	3.604341	NEARBOUND	-14.771300	2.385810	2.439080	-46.771300	0.000030
32.000000	4.153587	3.844067	FARBOUND	-11.586600	2.804130	3.272170	20.413400	0.000009
32.000000	4.836437	3.548303	FARBOUND	-8.397140	2.425360	2.611240	23.602860	0.000013
32.000000	4.677620	3.782857	NEARBOUND	-4.849060	2.314540	2.441990	-36.849060	0.000004
32.000000	4.116076	4.002682	FARBOUND	-4.825360	2.225730	2.482130	27.174640	0.000007
32.000000	4.646004	4.028545	NEARBOUND	-4.759540	3.040350	3.320300	-36.759540	0.000001
32.000000	4.531811	4.020734	FARBOUND	-26.761300	2.575860	2.399350	5.238700	0.000023
32.000000	4.741380	4.257712	FARBOUND	19.966400	2.087600	1.336640	51.966400	0.000000
32.000000	4.087861	3.979850	FARBOUND	-8.877910	2.525140	2.779500	23.122090	0.000006
32.000000	3.989068	3.956537	NEARBOUND	-20.098800	2.480100	2.419220	-52.098800	0.000008
32.000000	4.340629	3.937957	FARBOUND	19.194700	2.077530	1.682960	51.194700	0.000000
32.000000	4.788328	3.685723	NEARBOUND	-30.467600	2.383610	2.007220	-62.467600	0.000000
32.000000	4.625231	3.641639	NEARBOUND	-2.874740	2.392290	2.536700	-34.874740	0.000012
32.000000	4.755031	4.109970	NEARBOUND	-4.365770	1.975230	1.952010	-36.365770	0.000006
32.000000	4.014957	3.795043	FARBOUND	-2.731150	2.957820	3.112180	29.268850	0.000005
32.000000	4.145533	3.924418	FARBOUND	7.316130	1.386710	0.874016	39.316130	0.000001
32.000000	4.412160	4.171122	FARBOUND	2.661630	1.021850	0.851279	34.661630	0.000002
32.000000	4.438839	4.067850	FARBOUND	-2.272180	2.802470	2.992620	29.727820	0.000028
32.000000	4.425878	3.499854	FARBOUND	-8.139980	2.459470	2.669310	23.860020	0.000006
32.000000	4.943008	3.642951	FARBOUND	5.895670	1.487700	1.201450	37.895670	0.000003
32.000000	4.415901	4.050308	NEARBOUND	-19.284100	2.476970	2.606410	-51.284100	0.000000
32.000000	4.083583	3.970425	FARBOUND	7.183470	1.582950	1.177090	39.183470	0.000002
32.000000	4.493653	3.785063	FARBOUND	2.525070	1.166200	1.038840	34.525070	0.000003
32.000000	4.032990	3.842622	NEARBOUND	-12.504000	2.642330	2.870820	-44.504000	0.000045
32.000000	4.684511	3.931761	FARBOUND	-10.901600	2.562930	2.671690	21.098400	0.000018
32.000000	4.598118	3.652257	FARBOUND	7.893540	1.730650	1.373030	39.893540	0.000001
32.000000	4.222046	4.087839	NEARBOUND	-8.797200	2.000590	1.914570	-40.797200	0.000004
32.000000	4.586867	3.823881	NEARBOUND	-1.361060	3.137450	3.226270	-33.361060	0.000027
32.000000	4.079059	3.808630	NEARBOUND	-27.606500	2.098010	1.848560	-59.606500	0.000000
32.000000	4.250082	3.800284	NEARBOUND	-15.043100	2.111860	2.094860	-47.043100	0.000000
32.000000	4.093517	4.293864	NEARBOUND	-0.554619	2.510290	2.519970	-32.554619	0.000012
32.000000	4.894976	4.190069	FARBOUND	-7.491860	2.804520	3.320620	24.508140	0.000002
32.000000	4.493374	3.679051	FARBOUND	-0.707110	2.780650	2.818030	31.292890	0.000001
32.000000	4.464452	4.091554	NEARBOUND	-6.704190	2.637110	3.047550	-38.704190	0.000072
32.000000	4.655787	3.633254	NEARBOUND	-4.324680	2.748000	2.863680	-36.324680	0.000020
32.000000	4.899935	3.805654	FARBOUND	-7.287940	2.845500	3.059290	24.712060	0.000011
32.000000	4.566563	4.196450	NEARBOUND	-6.418510	2.224990	2.329040	-38.418510	0.000003
32.000000	4.429451	4.059740	FARBOUND	-15.454300	2.126370	1.991370	16.545700	0.000001
32.000000	4.673150	3.993250	NEARBOUND	-8.168190	2.576630	2.877730	-40.168190	0.000003
32.000000	4.525385	4.165582	NEARBOUND	-8.653670	2.938320	3.150430	-40.653670	0.000009
32.000000	4.467663	4.206849	NEARBOUND	-8.172680	2.962340	3.248930	-40.172680	0.000004
32.000000	4.619052	4.235436	FARBOUND	13.949700	1.505160	0.643495	45.949700	0.000001
32.000000	3.692709	3.614999	FARBOUND	34.133900	2.153040	1.310910	66.133900	0.000000
32.000000	4.533601	4.128508	FARBOUND	27.031900	2.182660	1.161590	59.031900	0.000001
32.000000	4.438500	3.957878	NEARBOUND	8.544360	1.995780	1.772840	-23.455640	0.000017
32.000000	4.238589	3.781399	FARBOUND	-13.167600	2.349990	2.433930	18.832400	0.000083
32.000000	4.169578	4.130301	FARBOUND	0.772206	0.896017	0.831935	32.772206	0.000004
32.000000	3.962606	3.483362	NEARBOUND	5.031070	1.152520	0.833045	-26.968930	0.000001
32.000000	4.566562	4.000200	FARBOUND	16.222100	1.967910	1.408460	48.222100	0.000003
32.000000	4.319962	3.705579	FARBOUND	-9.311410	1.790420	1.780920	22.688590	0.000001
32.000000	4.369767	3.353042	FARBOUND	14.456500	2.185540	1.779350	46.456500	0.000005
32.000000	4.783968	4.116783	FARBOUND	-7.593740	3.107300	3.439720	24.406260	0.000005
32.000000	4.285452	4.524669	NEARBOUND	-1.061250	3.002030	3.033410	-33.061250	0.000003
32.000000	4.617665	3.749423	FARBOUND	9.394890	1.814200	1.435230	41.394890	0.000001
32.000000	4.693130	4.024718	NEARBOUND	1.383950	3.105890	3.193840	-30.616050	0.000003
32.000000	4.577039	3.930116	FARBOUND	-12.953500	1.655670	1.863530	19.046500	0.000011
32.000000	3.941816	3.545030	FARBOUND	6.603980	1.862890	1.652150	38.603980	0.000047
32.000000	4.248417	3.634798	FARBOUND	-9.219650	2.868100	3.126940	22.780350	0.000013
32.000000	4.126593	4.363562	NEARBOUND	-5.727130	3.043530	3.190970	-37.727130	0.000025
32.000000	4.329806	3.691475	NEARBOUND	-7.671590	2.467430	2.923080	-39.671590	0.000029
32.000000	4.581415	3.615659	NEARBOUND	-5.962890	3.230480	3.551800	-37.962890	0.000008
32.000000	4.685012	3.976904	FARBOUND	-6.810470	2.064910	2.121840	25.189530	0.000014
32.000000	4.376384	3.975328	FARBOUND	4.993590	1.326760	0.832435	36.993590	0.000007
32.000000	3.989322	3.839782	FARBOUND	-2.798520	1.679150	1.560160	29.201480	0.000002
32.000000	4.221524	3.746101	FARBOUND	5.835180	1.678140	1.416490	37.835180	0.000012
32.000000	4.500320	3.589631	NEARBOUND	-13.664500	2.652890	2.666550	-45.664500	0.000000
32.000000	4.465452	3.446249	FARBOUND	4.584600	1.288680	0.973807	36.584600	0.000017
32.000000	4.578433	3.746650	NEARBOUND	-6.562040	2.151490	2.100690	-38.562040	0.000026
32.000000	5.017663	3.746918	FARBOUND	-6.503890	2.896260	2.987890	25.496110	0.000023
32.000000	4.148535	3.905822	NEARBOUND	-5.957610	2.757760	3.003860	-37.957610	0.000012
32.000000	4.570468	3.897895	FARBOUND	-13.307800	2.350200	2.314870	18.692200	0.000024
32.000000	4.681420	3.642226	FARBOUND	-10.561100	3.311190	3.775190	21.438900	0.000005
32.000000	4.165588	3.911480	NEARBOUND	-14.764900	2.278670	2.512420	-46.764900	0.000003
32.000000	4.542414	3.798565	FARBOUND	2.261240	1.707960	1.617390	34.261240	0.000002
32.000000	4.617519	3.761053	FARBOUND	5.102210	1.617990	1.371470	37.102210	0.000002
32.000000	4.770627	3.759269	FARBOUND	6.810990	1.827660	1.593460	38.810990	0.000001
32.000000	3.815441	3.699471	NEARBOUND	-11.216200	2.207090	2.557780	-43.216200	0.000010
32.000000	4.355684	4.105092	FARBOUND	-10.538500	2.228790	2.566080	21.461500	0.000031
32.000000	4.590821	3.787894	FARBOUND	-7.720340	2.888240	3.167940	24.279660	0.000013
32.000000	4.667327	3.893143	NEARBOUND	-8.957560	2.601000	2.751210	-40.957560	0.000000
32.000000	4.139517	4.225792	NEARBOUND	-5.412660	1.972390	1.877150	-37.412660	0.000007
32.000000	4.292414	3.884606	FARBOUND	-18.008800	2.635150	2.795300	13.991200	0.000022
32.000000	4.421646	3.678670	FARBOUND	5.019180	1.303240	1.013610	37.019180	0.000001
32.000000	4.435690	3.916644	NEARBOUND	-6.251510	2.624940	2.866500	-38.251510	0.000008
32.000000	4.115987	3.487054	FARBOUND	-10.935800	2.421450	2.580800	21.064200	0.000001
32.000000	4.564645	4.001684	FARBOUND	0.202704	3.152550	3.185390	32.202704	0.000013
32.000000	4.288913	3.972943	FARBOUND	0.231587	0.980613	0.958983	32.231587	0.000015
32.000000	4.210955	3.861076	FARBOUND	-3.967350	2.174730	2.375330	28.032650	0.000021
32.000000	4.344762	4.079191	FARBOUND	1.264060	1.474150	1.359660	33.264060	0.000001
32.000000	4.251985	3.945391	FARBOUND	-4.553980	3.380570	3.609670	27.446020	0.000007
32.000000	4.136278	3.869424	FARBOUND	8.463510	1.962070	1.736440	40.463510	0.000003
32.000000	4.463842	3.546793	FARBOUND	5.741020	1.412110	1.107190	37.741020	0.000004
32.000000	4.085004	3.796863	FARBOUND	6.065220	1.334660	0.983063	38.065220	0.000002
32.000000	4.446203	3.848523	FARBOUND	12.388200	1.680360	0.984980	44.388200	0.000001
32.000000	4.382755	3.665054	FARBOUND	-11.662300	2.787500	3.046320	20.337700	0.000004
32.000000	4.382755	3.665054	NEARBOUND	-7.525930	2.691200	2.943700	-39.525930	0.000027
